Nr	TID	PID	x [micron]	y [micron]	t [sec]	c [idx]	I [val]	Len [micron]	D2S [micron]	D2R [micron]	D2P [micron]	v [micron/sec]	? [deg]	?? [deg]
1	1	1	11.725	11.932	0	2	111	0	0	NA	NA	NA	NA	NA
2	1	2	10.98	11.725	0	2	255	0.773	0.773	NA	0.773	NA	-164.476	NA
3	1	3	11.435	11.932	0	2	186	1.273	0.29	NA	0.5	NA	24.444	-171.08
4	1	4	11.435	11.932	0	2	214	1.273	0.29	NA	0	NA	0	-24.444
5	1	5	11.228	11.849	0	2	139	1.496	0.504	NA	0.223	NA	-158.199	-158.199
6	1	6	11.145	11.849	0	2	186	1.579	0.585	NA	0.083	NA	180	-21.801
7	1	7	11.187	11.849	0	2	186	1.621	0.544	NA	0.041	NA	0	-180
8	1	8	11.187	11.849	0	2	93	1.621	0.544	NA	0	NA	0	0
9	1	9	11.228	11.849	0	2	83	1.662	0.504	NA	0.041	NA	0	0
10	1	10	10.69	12.097	0	2	233	2.255	1.048	NA	0.593	NA	155.225	155.225
11	1	11	10.69	12.097	0	2	177	2.255	1.048	NA	0	NA	0	-155.225
12	1	12	10.69	12.139	0	2	111	2.296	1.055	NA	0.041	NA	90	90
13	1	13	9.821	12.139	0	2	205	3.165	1.915	NA	0.869	NA	180	90
14	1	14	10.028	12.18	0	2	205	3.376	1.715	NA	0.211	NA	11.31	-168.69
15	1	15	9.945	12.014	0	2	158	3.561	1.782	NA	0.185	NA	-116.565	-127.875
16	1	16	9.282	12.139	0	2	27	4.235	2.451	NA	0.674	NA	169.38	-74.055
17	1	17	9.282	12.056	0	2	27	4.318	2.445	NA	0.083	NA	-90	100.62
18	1	18	11.104	11.725	0	2	93	6.169	0.654	NA	1.851	NA	-10.305	79.695
19	1	19	11.104	11.725	0	2	233	6.169	0.654	NA	0	NA	0	10.305
20	1	20	10.98	11.725	0	2	93	6.293	0.773	NA	0.124	NA	180	180
21	1	21	10.897	11.725	0	2	74	6.376	0.853	NA	0.083	NA	180	0
22	1	22	10.897	11.766	0	2	111	6.418	0.844	NA	0.041	NA	90	-90
23	1	23	10.897	11.766	0	2	83	6.418	0.844	NA	0	NA	0	-90
24	1	24	10.897	11.807	0	2	65	6.459	0.837	NA	0.041	NA	90	90
25	1	25	10.938	11.849	0	2	102	6.518	0.791	NA	0.059	NA	45	-45
26	1	26	10.98	11.849	0	2	83	6.559	0.75	NA	0.041	NA	0	-45
27	1	27	10.98	11.849	0	2	46	6.559	0.75	NA	0	NA	0	0
28	1	28	11.021	11.849	0	2	102	6.6	0.709	NA	0.041	NA	0	0
29	1	29	11.062	11.849	0	2	74	6.642	0.667	NA	0.041	NA	0	0
30	1	30	11.104	11.849	0	2	102	6.683	0.626	NA	0.041	NA	0	0
31	1	31	11.269	11.6	0	2	27	6.982	0.563	NA	0.298	NA	-56.31	-56.31
32	1	32	11.269	11.435	0	2	102	7.147	0.674	NA	0.166	NA	-90	-33.69
33	1	33	11.145	11.683	0	2	102	7.425	0.63	NA	0.278	NA	116.565	-153.435
34	1	34	11.187	11.766	0	2	74	7.517	0.563	NA	0.093	NA	63.435	-53.13
35	1	35	11.269	11.849	0	2	83	7.634	0.463	NA	0.117	NA	45	-18.435
36	1	36	11.394	11.849	0	2	93	7.759	0.341	NA	0.124	NA	0	-45
37	1	37	11.476	11.849	0	2	83	7.841	0.262	NA	0.083	NA	0	0
38	1	38	11.476	11.849	0	2	74	7.841	0.262	NA	0	NA	0	0
39	1	39	11.559	11.766	0	2	111	7.959	0.234	NA	0.117	NA	-45	-45
40	1	40	11.559	11.766	0	2	46	7.959	0.234	NA	0	NA	0	45
41	1	41	11.559	11.766	0	2	74	7.959	0.234	NA	0	NA	0	0
42	1	42	11.435	11.89	0	2	83	8.134	0.293	NA	0.176	NA	135	135
43	1	43	11.435	11.89	0	2	65	8.134	0.293	NA	0	NA	0	-135
44	1	44	12.18	11.807	0	2	83	8.884	0.472	NA	0.75	NA	-6.34	-6.34
45	2	1	15.781	15.905	0	2	37	0	0	NA	NA	NA	NA	NA
46	2	2	15.947	15.905	0	2	111	0.166	0.166	NA	0.166	NA	0	NA
47	2	3	15.947	15.864	0	2	83	0.207	0.171	NA	0.041	NA	-90	-90
48	2	4	15.698	16.112	0	2	83	0.558	0.223	NA	0.351	NA	135	-135
49	2	5	15.74	16.154	0	2	139	0.617	0.252	NA	0.059	NA	45	-90
50	2	6	15.74	16.154	0	2	65	0.617	0.252	NA	0	NA	0	-45
51	2	7	15.657	16.071	0	2	27	0.734	0.207	NA	0.117	NA	-135	-135
52	2	8	15.781	16.071	0	2	55	0.858	0.166	NA	0.124	NA	0	135
53	2	9	16.112	16.112	0	2	130	1.192	0.391	NA	0.334	NA	7.125	7.125
54	2	10	16.154	16.195	0	2	74	1.284	0.472	NA	0.093	NA	63.435	56.31
55	2	11	16.195	16.237	0	2	27	1.343	0.53	NA	0.059	NA	45	-18.435
56	2	12	16.071	16.237	0	2	74	1.467	0.44	NA	0.124	NA	180	135
57	2	13	16.03	16.278	0	2	27	1.526	0.448	NA	0.059	NA	135	-45
58	2	14	16.03	16.278	0	2	46	1.526	0.448	NA	0	NA	0	-135
59	2	15	16.071	16.278	0	2	74	1.567	0.472	NA	0.041	NA	0	0
60	2	16	16.071	16.278	0	2	27	1.567	0.472	NA	0	NA	0	0
61	2	17	16.071	16.402	0	2	55	1.691	0.575	NA	0.124	NA	90	90
62	2	18	16.278	16.071	0	2	46	2.082	0.524	NA	0.391	NA	-57.995	-147.995
63	2	19	16.071	16.154	0	2	74	2.305	0.382	NA	0.223	NA	158.199	-143.807
64	2	20	16.071	16.195	0	2	65	2.346	0.41	NA	0.041	NA	90	-68.199
65	2	21	16.112	16.237	0	2	74	2.404	0.468	NA	0.059	NA	45	-45
66	2	22	16.112	16.443	0	2	37	2.611	0.632	NA	0.207	NA	90	45
67	2	23	16.361	16.195	0	2	55	2.963	0.648	NA	0.351	NA	-45	-135
68	2	24	16.526	16.195	0	2	65	3.128	0.799	NA	0.166	NA	0	45
69	2	25	16.526	16.195	0	2	65	3.128	0.799	NA	0	NA	0	0
70	2	26	16.526	16.195	0	2	65	3.128	0.799	NA	0	NA	0	0
71	2	27	16.402	16.195	0	2	93	3.252	0.685	NA	0.124	NA	180	180
72	2	28	16.402	16.195	0	2	93	3.252	0.685	NA	0	NA	0	-180
73	2	29	16.609	16.237	0	2	93	3.463	0.892	NA	0.211	NA	11.31	11.31
74	2	30	16.609	16.237	0	2	83	3.463	0.892	NA	0	NA	0	-11.31
75	2	31	16.609	16.237	0	2	27	3.463	0.892	NA	0	NA	0	0
76	2	32	16.733	16.319	0	2	18	3.613	1.038	NA	0.149	NA	33.69	33.69
77	2	33	16.775	16.319	0	2	74	3.654	1.076	NA	0.041	NA	0	-33.69
78	2	34	16.857	16.361	0	2	46	3.747	1.169	NA	0.093	NA	26.565	26.565
79	2	35	16.857	16.361	0	2	46	3.747	1.169	NA	0	NA	0	-26.565
80	2	36	16.982	16.485	0	2	37	3.922	1.333	NA	0.176	NA	45	45
81	2	37	17.023	16.485	0	2	46	3.964	1.37	NA	0.041	NA	0	-45
82	2	38	17.064	16.526	0	2	37	4.022	1.426	NA	0.059	NA	45	45
83	2	39	17.147	16.568	0	2	55	4.115	1.518	NA	0.093	NA	26.565	-18.435
84	2	40	17.396	16.692	0	2	18	4.392	1.796	NA	0.278	NA	26.565	0
85	2	41	17.313	16.692	0	2	37	4.475	1.722	NA	0.083	NA	180	153.435
86	2	42	17.354	16.692	0	2	65	4.517	1.759	NA	0.041	NA	0	-180
87	2	43	17.52	16.526	0	2	83	4.751	1.846	NA	0.234	NA	-45	-45
88	2	44	17.52	16.526	0	2	46	4.751	1.846	NA	0	NA	0	45
89	2	45	17.561	16.526	0	2	83	4.792	1.885	NA	0.041	NA	0	0
90	2	46	17.561	16.526	0	2	55	4.792	1.885	NA	0	NA	0	0
91	2	47	17.727	16.485	0	2	46	4.963	2.03	NA	0.171	NA	-14.036	-14.036
92	2	48	17.437	16.319	0	2	46	5.297	1.707	NA	0.334	NA	-150.255	-136.219
93	2	49	17.851	16.402	0	2	18	5.719	2.128	NA	0.422	NA	11.31	161.565
94	2	50	17.975	16.526	0	2	18	5.894	2.28	NA	0.176	NA	45	33.69
95	3	1	8.496	6.55	0	2	149	0	0	NA	NA	NA	NA	NA
96	3	2	8.496	6.55	0	2	149	0	0	NA	0	NA	0	NA
97	3	3	8.579	6.55	0	2	121	0.083	0.083	NA	0.083	NA	0	0
98	3	4	8.62	6.55	0	2	186	0.124	0.124	NA	0.041	NA	0	0
99	3	5	8.703	6.55	0	2	102	0.207	0.207	NA	0.083	NA	0	0
100	3	6	8.662	6.55	0	2	121	0.248	0.166	NA	0.041	NA	180	180
101	3	7	8.744	6.55	0	2	121	0.331	0.248	NA	0.083	NA	0	-180
102	3	8	8.951	6.592	0	2	83	0.542	0.457	NA	0.211	NA	11.31	11.31
103	3	9	8.703	6.675	0	2	102	0.804	0.241	NA	0.262	NA	161.565	150.255
104	3	10	8.455	6.757	0	2	111	1.066	0.211	NA	0.262	NA	161.565	0
105	3	11	8.744	6.799	0	2	65	1.358	0.351	NA	0.293	NA	8.13	-153.435
106	3	12	9.034	6.675	0	2	27	1.674	0.552	NA	0.315	NA	-23.199	-31.329
107	3	13	8.869	6.716	0	2	93	1.844	0.408	NA	0.171	NA	165.964	-170.838
108	3	14	8.786	6.799	0	2	93	1.961	0.382	NA	0.117	NA	135	-30.964
109	3	15	8.62	6.882	0	2	102	2.147	0.354	NA	0.185	NA	153.435	18.435
110	3	16	8.869	6.882	0	2	83	2.395	0.498	NA	0.248	NA	0	-153.435
111	3	17	8.744	6.385	0	2	46	2.907	0.298	NA	0.512	NA	-104.036	-104.036
112	3	18	8.662	6.385	0	2	139	2.99	0.234	NA	0.083	NA	180	-75.964
113	3	19	8.62	6.385	0	2	65	3.031	0.207	NA	0.041	NA	180	0
114	3	20	8.413	6.344	0	2	74	3.242	0.223	NA	0.211	NA	-168.69	11.31
115	3	21	8.62	6.344	0	2	37	3.449	0.241	NA	0.207	NA	0	168.69
116	3	22	8.744	6.344	0	2	65	3.573	0.323	NA	0.124	NA	0	0
117	3	23	8.951	6.385	0	2	65	3.784	0.484	NA	0.211	NA	11.31	11.31
118	3	24	9.117	6.468	0	2	55	3.97	0.626	NA	0.185	NA	26.565	15.255
119	3	25	9.531	6.509	0	2	55	4.386	1.036	NA	0.416	NA	5.711	-20.854
120	3	26	9.903	6.509	0	2	27	4.758	1.408	NA	0.373	NA	0	-5.711
121	3	27	9.655	6.509	0	2	102	5.006	1.16	NA	0.248	NA	180	180
122	3	28	9.738	6.55	0	2	93	5.099	1.242	NA	0.093	NA	26.565	-153.435
123	3	29	9.821	6.633	0	2	102	5.216	1.327	NA	0.117	NA	45	18.435
124	3	30	9.821	6.675	0	2	111	5.257	1.33	NA	0.041	NA	90	45
125	3	31	9.821	6.675	0	2	46	5.257	1.33	NA	0	NA	0	-90
126	3	32	9.945	6.757	0	2	27	5.407	1.463	NA	0.149	NA	33.69	33.69
127	3	33	9.986	6.923	0	2	93	5.577	1.536	NA	0.171	NA	75.964	42.274
128	3	34	9.986	7.089	0	2	37	5.743	1.584	NA	0.166	NA	90	14.036
129	3	35	10.276	7.089	0	2	74	6.033	1.859	NA	0.29	NA	0	-90
130	3	36	10.566	7.006	0	2	74	6.334	2.119	NA	0.301	NA	-15.945	-15.945
131	3	37	10.524	7.006	0	2	65	6.375	2.079	NA	0.041	NA	180	-164.055
132	3	38	10.566	7.006	0	2	83	6.417	2.119	NA	0.041	NA	0	-180
133	3	39	10.607	7.006	0	2	27	6.458	2.16	NA	0.041	NA	0	0
134	3	40	10.607	7.089	0	2	37	6.541	2.179	NA	0.083	NA	90	90
135	3	41	10.524	7.13	0	2	55	6.634	2.109	NA	0.093	NA	153.435	63.435
136	3	42	10.566	7.089	0	2	37	6.692	2.138	NA	0.059	NA	-45	161.565
137	3	43	10.648	7.089	0	2	27	6.775	2.219	NA	0.083	NA	0	45
138	3	44	10.69	6.923	0	2	74	6.946	2.225	NA	0.171	NA	-75.964	-75.964
139	3	45	10.855	6.84	0	2	74	7.131	2.377	NA	0.185	NA	-26.565	49.399
140	3	46	10.897	6.716	0	2	74	7.262	2.407	NA	0.131	NA	-71.565	-45
141	3	47	10.897	6.716	0	2	37	7.262	2.407	NA	0	NA	0	71.565
142	3	48	10.897	6.716	0	2	83	7.262	2.407	NA	0	NA	0	0
143	3	49	11.145	6.716	0	2	46	7.51	2.654	NA	0.248	NA	0	0
144	3	50	11.145	6.716	0	2	27	7.51	2.654	NA	0	NA	0	0
145	4	1	7.503	10.607	0	2	158	0	0	NA	NA	NA	NA	NA
146	4	2	7.958	10.4	0	2	158	0.5	0.5	NA	0.5	NA	-24.444	NA
147	4	3	8.082	10.4	0	2	149	0.624	0.615	NA	0.124	NA	0	24.444
148	4	4	8.413	10.234	0	2	46	0.995	0.984	NA	0.37	NA	-26.565	-26.565
149	4	5	8.951	9.448	0	2	27	1.948	1.855	NA	0.953	NA	-55.62	-29.055
150	4	6	9.489	9.034	0	2	18	2.626	2.534	NA	0.679	NA	-37.569	18.051
151	4	7	9.365	8.786	0	2	65	2.904	2.605	NA	0.278	NA	-116.565	-78.996
152	4	8	9.075	8.662	0	2	55	3.219	2.502	NA	0.315	NA	-156.801	-40.236
153	4	9	8.951	8.662	0	2	46	3.344	2.426	NA	0.124	NA	180	-23.199
154	4	10	8.951	8.662	0	2	9	3.344	2.426	NA	0	NA	0	-180
155	4	11	9.034	8.662	0	2	27	3.426	2.476	NA	0.083	NA	0	0
156	4	12	9.158	8.496	0	2	46	3.633	2.683	NA	0.207	NA	-53.13	-53.13
157	5	1	6.964	10.483	0	2	18	0	0	NA	NA	NA	NA	NA
158	5	2	7.171	10.441	0	2	149	0.211	0.211	NA	0.211	NA	-11.31	NA
159	5	3	7.42	10.193	0	2	111	0.562	0.54	NA	0.351	NA	-45	-33.69
160	5	4	7.834	9.903	0	2	83	1.068	1.045	NA	0.505	NA	-34.992	10.008
161	5	5	8.496	9.117	0	2	65	2.096	2.052	NA	1.028	NA	-49.899	-14.907
162	5	6	8.951	8.496	0	2	55	2.866	2.81	NA	0.77	NA	-53.746	-3.847
163	5	7	9.945	8.165	0	2	27	3.913	3.776	NA	1.047	NA	-18.435	35.311
164	5	8	9.655	8.289	0	2	18	4.228	3.472	NA	0.315	NA	156.801	175.236
165	5	9	9.986	8.455	0	2	9	4.598	3.639	NA	0.37	NA	26.565	-130.236
166	5	10	9.986	8.537	0	2	9	4.681	3.594	NA	0.083	NA	90	63.435
167	5	11	9.779	8.662	0	2	37	4.923	3.353	NA	0.241	NA	149.036	59.036
168	5	12	9.821	8.662	0	2	27	4.964	3.387	NA	0.041	NA	0	-149.036
169	5	13	9.324	8.91	0	2	27	5.519	2.836	NA	0.555	NA	153.435	153.435
170	5	14	8.62	9.282	0	2	55	6.315	2.045	NA	0.796	NA	152.103	-1.332
171	5	15	8.455	9.282	0	2	46	6.481	1.914	NA	0.166	NA	180	27.897
172	5	16	8.827	9.158	0	2	37	6.874	2.286	NA	0.393	NA	-18.435	161.565
173	5	17	8.827	9.158	0	2	27	6.874	2.286	NA	0	NA	0	18.435
174	5	18	8.951	9.365	0	2	55	7.115	2.28	NA	0.241	NA	59.036	59.036
175	5	19	8.455	9.738	0	2	27	7.736	1.666	NA	0.621	NA	143.13	84.094
176	5	20	8.537	9.738	0	2	27	7.819	1.74	NA	0.083	NA	0	-143.13
177	5	21	8.744	9.655	0	2	18	8.042	1.963	NA	0.223	NA	-21.801	-21.801
178	5	22	9.2	9.489	0	2	27	8.526	2.446	NA	0.484	NA	-19.983	1.818
179	5	23	8.827	9.614	0	2	37	8.919	2.056	NA	0.393	NA	161.565	-178.452
180	5	24	8.993	9.489	0	2	18	9.126	2.258	NA	0.207	NA	-36.87	161.565
181	5	25	9.117	9.489	0	2	46	9.25	2.371	NA	0.124	NA	0	36.87
182	5	26	9.117	9.489	0	2	9	9.25	2.371	NA	0	NA	0	0
183	5	27	9.282	9.407	0	2	0	9.435	2.556	NA	0.185	NA	-26.565	-26.565
184	5	28	9.282	9.407	0	2	9	9.435	2.556	NA	0	NA	0	26.565
185	6	1	6.509	9.986	0	2	177	0	0	NA	NA	NA	NA	NA
186	6	2	6.633	10.069	0	2	158	0.149	0.149	NA	0.149	NA	33.69	NA
187	6	3	6.633	10.193	0	2	9	0.273	0.241	NA	0.124	NA	90	56.31
188	6	4	6.964	10.317	0	2	65	0.627	0.563	NA	0.354	NA	20.556	-69.444
189	6	5	7.254	10.317	0	2	74	0.917	0.815	NA	0.29	NA	0	-20.556
190	6	6	8.041	9.614	0	2	18	1.972	1.576	NA	1.055	NA	-41.82	-41.82
191	6	7	8.206	9.241	0	2	74	2.38	1.853	NA	0.408	NA	-66.038	-24.217
192	6	8	8.579	9.655	0	2	102	2.937	2.096	NA	0.557	NA	48.013	114.05
193	6	9	8.662	9.696	0	2	18	3.029	2.172	NA	0.093	NA	26.565	-21.448
194	6	10	8.951	9.821	0	2	37	3.345	2.448	NA	0.315	NA	23.199	-3.366
195	6	11	9.158	9.903	0	2	18	3.567	2.65	NA	0.223	NA	21.801	-1.397
196	6	12	8.951	10.028	0	2	27	3.809	2.443	NA	0.241	NA	149.036	127.235
197	6	13	9.614	10.524	0	2	9	4.637	3.151	NA	0.828	NA	36.87	-112.166
198	6	14	9.282	10.234	0	2	27	5.077	2.784	NA	0.44	NA	-138.814	-175.684
199	6	15	9.034	10.11	0	2	9	5.354	2.528	NA	0.278	NA	-153.435	-14.621
200	6	16	8.91	10.11	0	2	9	5.479	2.404	NA	0.124	NA	180	-26.565
201	6	17	9.241	9.986	0	2	18	5.832	2.732	NA	0.354	NA	-20.556	159.444
202	6	18	9.241	9.986	0	2	46	5.832	2.732	NA	0	NA	0	20.556
203	6	19	9.2	10.359	0	2	18	6.207	2.716	NA	0.375	NA	96.34	96.34
204	6	20	9.034	10.234	0	2	27	6.414	2.537	NA	0.207	NA	-143.13	120.53
205	7	1	6.012	9.489	0	2	18	0	0	NA	NA	NA	NA	NA
206	7	2	6.012	9.489	0	2	18	0	0	NA	0	NA	0	NA
207	7	3	6.054	9.324	0	2	18	0.171	0.171	NA	0.171	NA	-75.964	-75.964
208	7	4	5.681	9.282	0	2	37	0.546	0.391	NA	0.375	NA	-173.66	-97.696
209	7	5	5.433	9.282	0	2	46	0.794	0.615	NA	0.248	NA	180	-6.34
210	7	6	4.812	9.655	0	2	74	1.518	1.212	NA	0.724	NA	149.036	-30.964
211	7	7	5.35	9.986	0	2	27	2.15	0.828	NA	0.632	NA	31.608	-117.429
212	7	8	5.764	10.276	0	2	37	2.655	0.825	NA	0.505	NA	34.992	3.385
213	7	9	5.93	10.11	0	2	111	2.889	0.626	NA	0.234	NA	-45	-79.992
214	7	10	6.095	10.069	0	2	111	3.06	0.585	NA	0.171	NA	-14.036	30.964
215	7	11	6.054	10.359	0	2	93	3.353	0.87	NA	0.293	NA	98.13	112.166
216	7	12	5.847	10.234	0	2	65	3.594	0.763	NA	0.241	NA	-149.036	112.834
217	7	13	5.64	10.11	0	2	121	3.835	0.724	NA	0.241	NA	-149.036	0
218	7	14	5.102	10.69	0	2	158	4.626	1.507	NA	0.791	NA	132.879	-78.085
219	7	15	4.895	10.317	0	2	46	5.052	1.391	NA	0.426	NA	-119.055	108.066
220	7	16	4.936	9.821	0	2	27	5.551	1.126	NA	0.498	NA	-85.236	33.818
221	7	17	4.936	9.821	0	2	55	5.551	1.126	NA	0	NA	0	85.236
222	7	18	4.895	10.524	0	2	46	6.256	1.523	NA	0.705	NA	93.366	93.366
223	7	19	3.032	10.234	0	2	18	8.141	3.072	NA	1.885	NA	-171.158	95.475
224	7	20	2.618	10.359	0	2	9	8.573	3.504	NA	0.432	NA	163.301	-25.541
225	7	21	2.37	10.814	0	2	0	9.092	3.876	NA	0.519	NA	118.61	-44.69
226	7	22	2.66	11.559	0	2	9	9.891	3.94	NA	0.799	NA	68.749	-49.861
227	7	23	2.784	11.766	0	2	9	10.132	3.951	NA	0.241	NA	59.036	-9.713
228	7	24	2.742	11.766	0	2	18	10.174	3.985	NA	0.041	NA	180	120.964
229	7	25	2.66	11.973	0	2	0	10.397	4.173	NA	0.223	NA	111.801	-68.199
230	7	26	2.784	11.89	0	2	0	10.546	4.023	NA	0.149	NA	-33.69	-145.491
231	7	27	2.784	11.89	0	2	0	10.546	4.023	NA	0	NA	0	33.69
232	7	28	2.535	12.139	0	2	18	10.897	4.371	NA	0.351	NA	135	135
233	7	29	2.866	12.097	0	2	9	11.231	4.086	NA	0.334	NA	-7.125	-142.125
234	7	30	3.073	11.973	0	2	0	11.472	3.848	NA	0.241	NA	-30.964	-23.839
235	7	31	3.073	11.89	0	2	9	11.555	3.795	NA	0.083	NA	-90	-59.036
236	7	32	2.908	12.139	0	2	18	11.854	4.081	NA	0.298	NA	123.69	-146.31
237	7	33	2.991	12.139	0	2	18	11.936	4.019	NA	0.083	NA	0	-123.69
238	7	34	2.991	12.139	0	2	9	11.936	4.019	NA	0	NA	0	0
239	7	35	3.073	12.221	0	2	0	12.053	4.013	NA	0.117	NA	45	45
240	7	36	3.363	12.18	0	2	9	12.346	3.776	NA	0.293	NA	-8.13	-53.13
241	7	37	3.198	12.139	0	2	9	12.517	3.865	NA	0.171	NA	-165.964	-157.834
242	7	38	3.198	12.139	0	2	0	12.517	3.865	NA	0	NA	0	165.964
243	7	39	3.032	12.014	0	2	18	12.724	3.906	NA	0.207	NA	-143.13	-143.13
244	7	40	3.322	11.807	0	2	0	13.08	3.551	NA	0.356	NA	-35.538	107.592
245	7	41	2.411	11.766	0	2	0	13.991	4.26	NA	0.912	NA	-177.397	-141.86
246	7	42	2.742	11.932	0	2	0	14.362	4.081	NA	0.37	NA	26.565	-156.038
247	7	43	3.073	12.056	0	2	0	14.715	3.902	NA	0.354	NA	20.556	-6.009
248	7	44	3.363	12.221	0	2	27	15.049	3.805	NA	0.334	NA	29.745	9.189
249	7	45	3.446	12.263	0	2	27	15.142	3.779	NA	0.093	NA	26.565	-3.18
250	7	46	3.612	12.387	0	2	27	15.349	3.763	NA	0.207	NA	36.87	10.305
251	7	47	3.777	12.428	0	2	55	15.519	3.692	NA	0.171	NA	14.036	-22.834
252	7	48	3.777	12.428	0	2	0	15.519	3.692	NA	0	NA	0	-14.036
253	7	49	3.777	12.304	0	2	9	15.643	3.594	NA	0.124	NA	-90	-90
254	7	50	4.398	12.304	0	2	0	16.264	3.245	NA	0.621	NA	0	90
255	8	1	9.282	8.869	0	2	9	0	0	NA	NA	NA	NA	NA
256	8	2	9.324	8.786	0	2	0	0.093	0.093	NA	0.093	NA	-63.435	NA
257	8	3	9.738	8.786	0	2	9	0.506	0.463	NA	0.414	NA	0	63.435
258	8	4	9.738	8.786	0	2	0	0.506	0.463	NA	0	NA	0	0
259	8	5	9.489	8.786	0	2	0	0.755	0.223	NA	0.248	NA	180	180
260	8	6	9.489	8.786	0	2	18	0.755	0.223	NA	0	NA	0	-180
261	8	7	9.531	8.869	0	2	27	0.847	0.248	NA	0.093	NA	63.435	63.435
262	8	8	9.531	8.951	0	2	9	0.93	0.262	NA	0.083	NA	90	26.565
263	8	9	9.779	8.827	0	2	27	1.208	0.498	NA	0.278	NA	-26.565	-116.565
264	8	10	9.945	8.744	0	2	9	1.393	0.674	NA	0.185	NA	-26.565	0
265	8	11	9.821	8.951	0	2	0	1.634	0.544	NA	0.241	NA	120.964	147.529
266	8	12	9.862	9.075	0	2	9	1.765	0.615	NA	0.131	NA	71.565	-49.399
267	8	13	9.738	9.117	0	2	9	1.896	0.519	NA	0.131	NA	161.565	90
268	8	14	9.945	8.827	0	2	18	2.252	0.664	NA	0.356	NA	-54.462	143.973
269	8	15	9.903	8.744	0	2	18	2.345	0.633	NA	0.093	NA	-116.565	-62.103
270	8	16	9.903	8.744	0	2	0	2.345	0.633	NA	0	NA	0	116.565
271	8	17	10.028	8.537	0	2	18	2.586	0.815	NA	0.241	NA	-59.036	-59.036
272	8	18	10.028	8.289	0	2	9	2.835	0.944	NA	0.248	NA	-90	-30.964
273	8	19	10.069	8.165	0	2	0	2.965	1.055	NA	0.131	NA	-71.565	18.435
274	8	20	10.566	7.875	0	2	18	3.54	1.623	NA	0.575	NA	-30.256	41.309
275	8	21	10.152	8.082	0	2	9	4.003	1.172	NA	0.463	NA	153.435	-176.309
276	8	22	10.11	8.372	0	2	18	4.296	0.965	NA	0.293	NA	98.13	-55.305
277	8	23	10.234	8.413	0	2	9	4.427	1.055	NA	0.131	NA	18.435	-79.695
278	8	24	10.276	8.33	0	2	27	4.519	1.13	NA	0.093	NA	-63.435	-81.87
279	8	25	10.441	8.248	0	2	9	4.705	1.315	NA	0.185	NA	-26.565	36.87
280	8	26	11.104	7.916	0	2	27	5.445	2.055	NA	0.74	NA	-26.565	0
281	8	27	11.683	7.751	0	2	0	6.048	2.648	NA	0.603	NA	-15.945	10.62
282	8	28	11.394	7.751	0	2	27	6.337	2.389	NA	0.29	NA	180	-164.055
283	8	29	11.435	7.751	0	2	9	6.379	2.425	NA	0.041	NA	0	-180
284	8	30	11.518	7.916	0	2	27	6.564	2.43	NA	0.185	NA	63.435	63.435
285	8	31	11.269	7.668	0	2	27	6.915	2.321	NA	0.351	NA	-135	161.565
286	8	32	9.821	7.834	0	2	9	8.373	1.166	NA	1.458	NA	173.48	-51.52
287	8	33	9.489	8.289	0	2	18	8.936	0.615	NA	0.563	NA	126.027	-47.453
288	8	34	9.572	8.662	0	2	9	9.318	0.356	NA	0.382	NA	77.471	-48.556
289	8	35	9.614	8.662	0	2	18	9.359	0.391	NA	0.041	NA	0	-77.471
290	8	36	9.903	8.951	0	2	18	9.769	0.626	NA	0.41	NA	45	45
291	8	37	10.069	8.579	0	2	9	10.177	0.838	NA	0.408	NA	-66.038	-111.038
292	9	1	22.528	22.197	0	2	27	0	0	NA	NA	NA	NA	NA
293	9	2	23.025	22.197	0	2	27	0.497	0.497	NA	0.497	NA	0	NA
294	9	3	23.066	22.197	0	2	65	0.538	0.538	NA	0.041	NA	0	0
295	9	4	23.149	22.197	0	2	27	0.621	0.621	NA	0.083	NA	0	0
296	9	5	23.273	22.073	0	2	37	0.797	0.755	NA	0.176	NA	-45	-45
297	9	6	23.273	22.114	0	2	37	0.838	0.75	NA	0.041	NA	90	135
298	9	7	23.149	22.114	0	2	37	0.962	0.626	NA	0.124	NA	180	90
299	9	8	22.321	22.156	0	2	0	1.791	0.211	NA	0.829	NA	177.138	-2.862
300	9	9	21.825	22.114	0	2	9	2.289	0.709	NA	0.498	NA	-175.236	7.626
301	9	10	21.411	22.487	0	2	18	2.846	1.155	NA	0.557	NA	138.013	-46.751
302	9	11	21.162	22.487	0	2	0	3.095	1.396	NA	0.248	NA	180	41.987
303	9	12	20.997	22.487	0	2	9	3.26	1.559	NA	0.166	NA	180	0
304	9	13	21.245	22.156	0	2	9	3.674	1.284	NA	0.414	NA	-53.13	126.87
305	9	14	21.245	22.032	0	2	0	3.798	1.294	NA	0.124	NA	-90	-36.87
306	9	15	20.5	22.487	0	2	0	4.672	2.049	NA	0.873	NA	148.57	-121.43
307	9	16	21.08	22.032	0	2	27	5.409	1.458	NA	0.737	NA	-38.157	173.272
308	9	17	21.7	21.907	0	2	37	6.042	0.877	NA	0.633	NA	-11.31	26.847
309	9	18	22.156	21.907	0	2	37	6.497	0.472	NA	0.455	NA	0	11.31
310	9	19	21.99	21.866	0	2	0	6.668	0.632	NA	0.171	NA	-165.964	-165.964
311	9	20	22.611	21.907	0	2	27	7.29	0.301	NA	0.622	NA	3.814	169.778
312	9	21	23.108	22.114	0	2	0	7.828	0.585	NA	0.538	NA	22.62	18.806
313	9	22	23.356	22.156	0	2	9	8.08	0.829	NA	0.252	NA	9.462	-13.158
314	9	23	23.687	22.28	0	2	0	8.434	1.162	NA	0.354	NA	20.556	11.094
315	9	24	23.232	22.446	0	2	9	8.918	0.746	NA	0.484	NA	160.017	139.461
316	9	25	23.77	22.321	0	2	18	9.47	1.248	NA	0.552	NA	-12.995	-173.012
317	9	26	23.812	22.321	0	2	9	9.512	1.289	NA	0.041	NA	0	12.995
318	9	27	24.018	22.321	0	2	9	9.719	1.495	NA	0.207	NA	0	0
319	9	28	24.184	22.404	0	2	46	9.904	1.669	NA	0.185	NA	26.565	26.565
320	9	29	24.184	22.404	0	2	9	9.904	1.669	NA	0	NA	0	-26.565
321	9	30	24.225	22.528	0	2	18	10.035	1.729	NA	0.131	NA	71.565	71.565
322	9	31	24.474	22.528	0	2	0	10.283	1.973	NA	0.248	NA	0	-71.565
323	9	32	24.474	22.57	0	2	9	10.324	1.981	NA	0.041	NA	90	90
324	9	33	24.432	22.528	0	2	27	10.383	1.933	NA	0.059	NA	-135	135
325	9	34	24.432	22.487	0	2	37	10.424	1.926	NA	0.041	NA	-90	45
326	9	35	24.557	22.487	0	2	18	10.549	2.049	NA	0.124	NA	0	90
327	9	36	24.598	22.57	0	2	9	10.641	2.103	NA	0.093	NA	63.435	63.435
328	9	37	24.846	22.487	0	2	0	10.903	2.336	NA	0.262	NA	-18.435	-81.87
329	9	38	24.846	22.487	0	2	9	10.903	2.336	NA	0	NA	0	18.435
330	9	39	24.846	22.611	0	2	0	11.027	2.355	NA	0.124	NA	90	90
331	9	40	24.598	22.528	0	2	9	11.289	2.096	NA	0.262	NA	-161.565	108.435
332	9	41	24.515	22.446	0	2	9	11.406	2.002	NA	0.117	NA	-135	26.565
333	9	42	24.515	22.694	0	2	9	11.654	2.048	NA	0.248	NA	90	-135
334	9	43	24.515	22.694	0	2	0	11.654	2.048	NA	0	NA	0	-90
335	9	44	24.515	22.652	0	2	9	11.696	2.038	NA	0.041	NA	-90	-90
336	9	45	24.681	22.528	0	2	0	11.903	2.178	NA	0.207	NA	-36.87	53.13
337	9	46	24.639	22.528	0	2	9	11.944	2.137	NA	0.041	NA	180	-143.13
338	9	47	24.764	22.404	0	2	18	12.12	2.245	NA	0.176	NA	-45	135
339	9	48	25.012	22.446	0	2	9	12.371	2.496	NA	0.252	NA	9.462	54.462
340	9	49	25.219	22.735	0	2	0	12.728	2.744	NA	0.356	NA	54.462	45
341	9	50	25.053	22.487	0	2	0	13.026	2.542	NA	0.298	NA	-123.69	-178.152
342	10	1	16.692	22.197	0	2	0	0	0	NA	NA	NA	NA	NA
343	10	2	16.733	22.197	0	2	0	0.041	0.041	NA	0.041	NA	0	NA
344	10	3	16.94	22.197	0	2	0	0.248	0.248	NA	0.207	NA	0	0
345	10	4	16.857	22.28	0	2	37	0.365	0.185	NA	0.117	NA	135	135
346	10	5	16.857	22.28	0	2	0	0.365	0.185	NA	0	NA	0	-135
347	10	6	16.857	22.28	0	2	0	0.365	0.185	NA	0	NA	0	0
348	10	7	16.733	22.239	0	2	0	0.496	0.059	NA	0.131	NA	-161.565	-161.565
349	10	8	16.692	22.239	0	2	0	0.538	0.041	NA	0.041	NA	180	-18.435
350	10	9	16.692	22.239	0	2	0	0.538	0.041	NA	0	NA	0	-180
351	10	10	16.899	22.114	0	2	0	0.779	0.223	NA	0.241	NA	-30.964	-30.964
352	10	11	16.899	22.114	0	2	0	0.779	0.223	NA	0	NA	0	30.964
353	10	12	17.106	22.114	0	2	9	0.986	0.422	NA	0.207	NA	0	0
354	10	13	17.106	22.114	0	2	0	0.986	0.422	NA	0	NA	0	0
355	10	14	17.23	22.073	0	2	18	1.117	0.552	NA	0.131	NA	-18.435	-18.435
356	10	15	17.271	22.28	0	2	0	1.328	0.585	NA	0.211	NA	78.69	97.125
357	10	16	17.147	22.404	0	2	18	1.504	0.5	NA	0.176	NA	135	56.31
358	10	17	17.023	22.28	0	2	18	1.679	0.341	NA	0.176	NA	-135	90
359	10	18	16.899	22.156	0	2	0	1.855	0.211	NA	0.176	NA	-135	0
360	10	19	16.899	22.156	0	2	27	1.855	0.211	NA	0	NA	0	135
361	10	20	16.899	22.156	0	2	18	1.855	0.211	NA	0	NA	0	0
362	10	21	16.692	22.239	0	2	9	2.078	0.041	NA	0.223	NA	158.199	158.199
363	10	22	16.692	22.446	0	2	0	2.285	0.248	NA	0.207	NA	90	-68.199
364	10	23	16.857	22.528	0	2	0	2.47	0.37	NA	0.185	NA	26.565	-63.435
365	10	24	16.857	22.528	0	2	0	2.47	0.37	NA	0	NA	0	-26.565
366	10	25	16.568	22.197	0	2	0	2.91	0.124	NA	0.44	NA	-131.186	-131.186
367	10	26	16.692	22.611	0	2	0	3.342	0.414	NA	0.432	NA	73.301	-155.513
368	10	27	16.775	22.197	0	2	0	3.764	0.083	NA	0.422	NA	-78.69	-151.991
369	10	28	17.023	22.404	0	2	18	4.087	0.391	NA	0.323	NA	39.806	118.496
370	10	29	17.106	22.363	0	2	0	4.18	0.446	NA	0.093	NA	-26.565	-66.371
371	10	30	16.857	22.363	0	2	0	4.428	0.234	NA	0.248	NA	180	-153.435
372	11	1	18.182	21.949	0	2	27	0	0	NA	NA	NA	NA	NA
373	11	2	18.43	21.99	0	2	0	0.252	0.252	NA	0.252	NA	9.462	NA
374	11	3	17.975	22.239	0	2	9	0.77	0.356	NA	0.519	NA	151.39	141.927
375	11	4	18.141	22.239	0	2	0	0.936	0.293	NA	0.166	NA	0	-151.39
376	11	5	18.141	22.239	0	2	0	0.936	0.293	NA	0	NA	0	0
377	11	6	18.141	22.239	0	2	9	0.936	0.293	NA	0	NA	0	0
378	11	7	18.472	22.032	0	2	0	1.327	0.301	NA	0.391	NA	-32.005	-32.005
379	11	8	18.223	22.197	0	2	0	1.625	0.252	NA	0.298	NA	146.31	178.315
380	11	9	18.223	22.239	0	2	18	1.666	0.293	NA	0.041	NA	90	-56.31
381	11	10	18.348	22.28	0	2	18	1.797	0.37	NA	0.131	NA	18.435	-71.565
382	11	11	18.555	22.28	0	2	9	2.004	0.498	NA	0.207	NA	0	-18.435
383	11	12	18.762	22.156	0	2	18	2.246	0.615	NA	0.241	NA	-30.964	-30.964
384	11	13	18.803	22.156	0	2	0	2.287	0.654	NA	0.041	NA	0	30.964
385	11	14	19.051	21.907	0	2	0	2.638	0.87	NA	0.351	NA	-45	-45
386	11	15	18.637	21.949	0	2	0	3.054	0.455	NA	0.416	NA	174.289	-140.711
387	11	16	18.803	21.949	0	2	0	3.22	0.621	NA	0.166	NA	0	-174.289
388	11	17	18.513	21.949	0	2	9	3.51	0.331	NA	0.29	NA	180	180
389	11	18	18.555	22.239	0	2	9	3.802	0.472	NA	0.293	NA	81.87	-98.13
390	11	19	18.472	22.197	0	2	0	3.895	0.382	NA	0.093	NA	-153.435	124.695
391	11	20	18.472	22.197	0	2	9	3.895	0.382	NA	0	NA	0	153.435
392	11	21	18.058	22.321	0	2	0	4.327	0.393	NA	0.432	NA	163.301	163.301
393	11	22	18.058	22.239	0	2	0	4.41	0.315	NA	0.083	NA	-90	106.699
394	11	23	18.265	21.99	0	2	0	4.733	0.093	NA	0.323	NA	-50.194	39.806
395	11	24	18.182	22.197	0	2	9	4.956	0.248	NA	0.223	NA	111.801	161.996
396	12	1	25.095	21.659	0	2	9	0	0	NA	NA	NA	NA	NA
397	12	2	24.971	21.659	0	2	27	0.124	0.124	NA	0.124	NA	180	NA
398	12	3	25.302	21.742	0	2	37	0.466	0.223	NA	0.341	NA	14.036	-165.964
399	12	4	25.095	21.825	0	2	55	0.688	0.166	NA	0.223	NA	158.199	144.162
400	12	5	25.095	21.825	0	2	46	0.688	0.166	NA	0	NA	0	-158.199
401	12	6	25.095	21.825	0	2	27	0.688	0.166	NA	0	NA	0	0
402	12	7	25.095	21.825	0	2	55	0.688	0.166	NA	0	NA	0	0
403	12	8	25.219	21.825	0	2	9	0.813	0.207	NA	0.124	NA	0	0
404	12	9	25.095	21.825	0	2	37	0.937	0.166	NA	0.124	NA	180	180
405	12	10	24.888	21.825	0	2	18	1.144	0.265	NA	0.207	NA	180	0
406	12	11	24.722	21.783	0	2	37	1.314	0.393	NA	0.171	NA	-165.964	14.036
407	12	12	24.639	21.825	0	2	37	1.407	0.484	NA	0.093	NA	153.435	-40.601
408	12	13	24.846	22.114	0	2	27	1.763	0.519	NA	0.356	NA	54.462	-98.973
409	12	14	24.846	22.114	0	2	0	1.763	0.519	NA	0	NA	0	-54.462
410	12	15	24.888	22.114	0	2	27	1.804	0.5	NA	0.041	NA	0	0
411	12	16	24.888	22.114	0	2	9	1.804	0.5	NA	0	NA	0	0
412	12	17	24.557	22.032	0	2	27	2.146	0.654	NA	0.341	NA	-165.964	-165.964
413	12	18	24.557	22.156	0	2	46	2.27	0.732	NA	0.124	NA	90	-104.036
414	12	19	24.35	22.197	0	2	9	2.481	0.919	NA	0.211	NA	168.69	78.69
415	12	20	24.598	22.28	0	2	9	2.743	0.795	NA	0.262	NA	18.435	-150.255
416	12	21	24.598	22.28	0	2	18	2.743	0.795	NA	0	NA	0	-18.435
417	12	22	24.639	22.156	0	2	27	2.874	0.674	NA	0.131	NA	-71.565	-71.565
418	12	23	25.012	22.156	0	2	9	3.246	0.504	NA	0.373	NA	0	71.565
419	12	24	25.012	22.156	0	2	18	3.246	0.504	NA	0	NA	0	0
420	12	25	24.971	22.156	0	2	37	3.288	0.512	NA	0.041	NA	180	180
421	12	26	25.302	21.99	0	2	37	3.658	0.391	NA	0.37	NA	-26.565	153.435
422	12	27	25.302	21.99	0	2	37	3.658	0.391	NA	0	NA	0	26.565
423	12	28	25.302	21.99	0	2	18	3.658	0.391	NA	0	NA	0	0
424	12	29	25.467	21.99	0	2	27	3.823	0.498	NA	0.166	NA	0	0
425	12	30	25.55	22.114	0	2	18	3.973	0.644	NA	0.149	NA	56.31	56.31
426	12	31	25.923	22.239	0	2	9	4.365	1.011	NA	0.393	NA	18.435	-37.875
427	12	32	25.923	22.321	0	2	9	4.448	1.06	NA	0.083	NA	90	71.565
428	12	33	25.923	22.363	0	2	18	4.49	1.087	NA	0.041	NA	90	0
429	12	34	25.923	22.404	0	2	0	4.531	1.114	NA	0.041	NA	90	0
430	12	35	25.923	22.404	0	2	18	4.531	1.114	NA	0	NA	0	-90
431	12	36	25.923	22.446	0	2	27	4.572	1.142	NA	0.041	NA	90	90
432	12	37	26.212	22.487	0	2	0	4.865	1.391	NA	0.293	NA	8.13	-81.87
433	12	38	25.964	22.611	0	2	9	5.143	1.289	NA	0.278	NA	153.435	145.305
434	12	39	25.757	22.652	0	2	0	5.354	1.194	NA	0.211	NA	168.69	15.255
435	12	40	25.757	22.652	0	2	9	5.354	1.194	NA	0	NA	0	-168.69
436	12	41	25.26	22.57	0	2	0	5.857	0.926	NA	0.504	NA	-170.538	-170.538
437	12	42	25.177	22.57	0	2	18	5.94	0.914	NA	0.083	NA	180	-9.462
438	12	43	25.467	22.57	0	2	9	6.23	0.984	NA	0.29	NA	0	-180
439	12	44	25.384	22.197	0	2	9	6.612	0.611	NA	0.382	NA	-102.529	-102.529
440	12	45	25.467	22.404	0	2	0	6.834	0.833	NA	0.223	NA	68.199	170.727
441	12	46	25.467	22.487	0	2	0	6.917	0.908	NA	0.083	NA	90	21.801
442	12	47	25.467	22.57	0	2	18	7	0.984	NA	0.083	NA	90	0
443	12	48	25.509	22.57	0	2	0	7.041	1	NA	0.041	NA	0	-90
444	12	49	25.509	22.57	0	2	0	7.041	1	NA	0	NA	0	0
445	12	50	25.55	22.57	0	2	0	7.083	1.018	NA	0.041	NA	0	0
446	13	1	27.951	21.162	0	2	9	0	0	NA	NA	NA	NA	NA
447	13	2	27.62	21.618	0	2	9	0.563	0.563	NA	0.563	NA	126.027	NA
448	13	3	27.206	21.659	0	2	9	0.979	0.895	NA	0.416	NA	174.289	48.262
449	13	4	27.454	21.783	0	2	9	1.257	0.795	NA	0.278	NA	26.565	-147.724
450	13	5	27.868	22.28	0	2	27	1.903	1.121	NA	0.647	NA	50.194	23.629
451	13	6	27.951	22.652	0	2	9	2.285	1.49	NA	0.382	NA	77.471	27.277
452	13	7	27.868	22.984	0	2	0	2.626	1.823	NA	0.341	NA	104.036	26.565
453	13	8	27.868	22.942	0	2	37	2.668	1.782	NA	0.041	NA	-90	165.964
454	13	9	27.868	22.652	0	2	9	2.957	1.492	NA	0.29	NA	-90	0
455	13	10	28.075	22.528	0	2	9	3.199	1.372	NA	0.241	NA	-30.964	59.036
456	13	11	27.578	22.611	0	2	0	3.702	1.496	NA	0.504	NA	170.538	-158.499
457	13	12	27.951	22.321	0	2	0	4.174	1.159	NA	0.472	NA	-37.875	151.587
458	14	1	27.785	21.121	0	2	18	0	0	NA	NA	NA	NA	NA
459	14	2	27.62	21.328	0	2	27	0.265	0.265	NA	0.265	NA	128.66	NA
460	14	3	26.999	21.949	0	2	18	1.143	1.142	NA	0.878	NA	135	6.34
461	14	4	26.75	22.28	0	2	18	1.557	1.554	NA	0.414	NA	126.87	-8.13
462	14	5	26.875	22.735	0	2	18	2.029	1.853	NA	0.472	NA	74.745	-52.125
463	14	6	26.875	22.28	0	2	9	2.484	1.474	NA	0.455	NA	-90	-164.745
464	14	7	26.875	22.197	0	2	0	2.567	1.41	NA	0.083	NA	-90	0
465	14	8	26.543	22.528	0	2	0	3.035	1.877	NA	0.468	NA	135	-135
466	14	9	26.585	22.156	0	2	0	3.41	1.585	NA	0.375	NA	-83.66	141.34
467	14	10	26.626	22.073	0	2	9	3.503	1.5	NA	0.093	NA	-63.435	20.225
468	14	11	26.668	21.825	0	2	0	3.755	1.321	NA	0.252	NA	-80.538	-17.103
469	14	12	26.833	21.535	0	2	0	4.088	1.038	NA	0.334	NA	-60.255	20.283
470	14	13	27.454	21.287	0	2	0	4.757	0.37	NA	0.669	NA	-21.801	38.454
471	14	14	28.406	21.08	0	2	18	5.731	0.622	NA	0.974	NA	-12.265	9.537
472	15	1	18.43	8.041	0	2	93	0	0	NA	NA	NA	NA	NA
473	15	2	17.975	7.792	0	2	18	0.519	0.519	NA	0.519	NA	-151.39	NA
474	15	3	17.437	8.206	0	2	55	1.198	1.007	NA	0.679	NA	142.431	-66.179
475	15	4	17.147	8.62	0	2	37	1.703	1.408	NA	0.505	NA	124.992	-17.439
476	15	5	16.609	9.531	0	2	9	2.761	2.353	NA	1.058	NA	120.579	-4.413
477	15	6	16.485	9.945	0	2	37	3.193	2.722	NA	0.432	NA	106.699	-13.88
478	15	7	16.443	10.028	0	2	121	3.285	2.81	NA	0.093	NA	116.565	9.866
479	15	8	16.816	10.317	0	2	9	3.757	2.791	NA	0.472	NA	37.875	-78.69
480	15	9	16.154	10.566	0	2	37	4.465	3.4	NA	0.707	NA	159.444	121.569
481	15	10	16.278	10.897	0	2	27	4.818	3.576	NA	0.354	NA	69.444	-90
482	15	11	16.775	11.021	0	2	111	5.33	3.409	NA	0.512	NA	14.036	-55.408
483	15	12	16.402	11.145	0	2	74	5.723	3.708	NA	0.393	NA	161.565	147.529
484	15	13	16.402	11.352	0	2	65	5.93	3.883	NA	0.207	NA	90	-71.565
485	15	14	16.443	10.855	0	2	93	6.428	3.445	NA	0.498	NA	-85.236	-175.236
486	15	15	16.65	10.4	0	2	65	6.929	2.955	NA	0.5	NA	-65.556	19.68
487	15	16	16.775	10.234	0	2	18	7.135	2.749	NA	0.207	NA	-53.13	12.426
488	15	17	16.775	10.11	0	2	37	7.26	2.65	NA	0.124	NA	-90	-36.87
489	15	18	16.443	9.655	0	2	37	7.823	2.56	NA	0.563	NA	-126.027	-36.027
490	15	19	16.195	9.489	0	2	9	8.121	2.664	NA	0.298	NA	-146.31	-20.283
491	16	1	19.01	8.496	0	2	149	0	0	NA	NA	NA	NA	NA
492	16	2	19.217	8.496	0	2	195	0.207	0.207	NA	0.207	NA	0	NA
493	16	3	19.175	8.496	0	2	65	0.248	0.166	NA	0.041	NA	180	180
494	16	4	19.051	8.496	0	2	149	0.373	0.041	NA	0.124	NA	180	0
495	16	5	19.01	8.951	0	2	93	0.83	0.455	NA	0.457	NA	95.194	-84.806
496	16	6	18.762	8.869	0	2	27	1.092	0.448	NA	0.262	NA	-161.565	103.241
497	16	7	18.844	8.786	0	2	149	1.209	0.334	NA	0.117	NA	-45	116.565
498	16	8	18.348	8.951	0	2	205	1.732	0.804	NA	0.524	NA	161.565	-153.435
499	16	9	18.72	8.662	0	2	74	2.204	0.334	NA	0.472	NA	-37.875	160.56
500	16	10	19.01	8.869	0	2	93	2.56	0.373	NA	0.356	NA	35.538	73.413
501	16	11	17.975	8.869	0	2	9	3.595	1.1	NA	1.035	NA	180	144.462
502	16	12	17.685	8.869	0	2	149	3.885	1.376	NA	0.29	NA	180	0
503	16	13	17.727	8.951	0	2	93	3.977	1.362	NA	0.093	NA	63.435	-116.565
504	16	14	17.561	8.951	0	2	111	4.143	1.519	NA	0.166	NA	180	116.565
505	16	15	17.478	9.531	0	2	46	4.728	1.848	NA	0.585	NA	98.13	-81.87
506	16	16	17.644	9.407	0	2	55	4.935	1.642	NA	0.207	NA	-36.87	-135
507	16	17	17.52	9.407	0	2	93	5.059	1.746	NA	0.124	NA	180	-143.13
508	16	18	17.396	9.655	0	2	167	5.337	1.987	NA	0.278	NA	116.565	-63.435
509	16	19	17.354	9.324	0	2	149	5.671	1.851	NA	0.334	NA	-97.125	146.31
510	16	20	17.106	9.489	0	2	167	5.969	2.148	NA	0.298	NA	146.31	-116.565
511	16	21	17.147	9.779	0	2	167	6.262	2.262	NA	0.293	NA	81.87	-64.44
512	16	22	17.023	9.655	0	2	74	6.438	2.3	NA	0.176	NA	-135	143.13
513	16	23	16.899	9.738	0	2	65	6.587	2.449	NA	0.149	NA	146.31	-78.69
514	16	24	16.857	9.986	0	2	65	6.839	2.618	NA	0.252	NA	99.462	-46.848
515	16	25	16.775	10.152	0	2	27	7.024	2.782	NA	0.185	NA	116.565	17.103
516	16	26	16.775	9.821	0	2	74	7.355	2.598	NA	0.331	NA	-90	153.435
517	16	27	16.692	10.193	0	2	55	7.737	2.873	NA	0.382	NA	102.529	-167.471
518	16	28	16.692	10.4	0	2	74	7.944	3	NA	0.207	NA	90	-12.529
519	16	29	16.692	10.069	0	2	74	8.275	2.801	NA	0.331	NA	-90	-180
520	16	30	16.526	10.193	0	2	102	8.482	3.008	NA	0.207	NA	143.13	-126.87
521	16	31	16.94	10.234	0	2	55	8.898	2.703	NA	0.416	NA	5.711	-137.42
522	16	32	16.94	10.234	0	2	93	8.898	2.703	NA	0	NA	0	-5.711
523	16	33	16.94	10.234	0	2	74	8.898	2.703	NA	0	NA	0	0
524	16	34	16.775	10.359	0	2	27	9.105	2.91	NA	0.207	NA	143.13	143.13
525	16	35	16.816	9.986	0	2	74	9.479	2.652	NA	0.375	NA	-83.66	133.21
526	16	36	16.485	9.986	0	2	27	9.811	2.932	NA	0.331	NA	180	-96.34
527	16	37	16.237	9.821	0	2	37	10.109	3.073	NA	0.298	NA	-146.31	33.69
528	16	38	16.278	9.572	0	2	9	10.361	2.936	NA	0.252	NA	-80.538	65.772
529	16	39	16.195	9.489	0	2	83	10.478	2.985	NA	0.117	NA	-135	-54.462
530	16	40	16.195	9.531	0	2	83	10.519	2.999	NA	0.041	NA	90	-135
531	16	41	16.112	9.738	0	2	18	10.742	3.152	NA	0.223	NA	111.801	21.801
532	16	42	15.45	9.531	0	2	46	11.436	3.707	NA	0.694	NA	-162.646	85.553
533	16	43	15.533	9.531	0	2	46	11.519	3.628	NA	0.083	NA	0	162.646
534	16	44	15.45	9.696	0	2	37	11.704	3.757	NA	0.185	NA	116.565	116.565
535	16	45	15.078	9.531	0	2	18	12.112	4.066	NA	0.408	NA	-156.038	87.397
536	16	46	14.705	9.241	0	2	46	12.584	4.369	NA	0.472	NA	-142.125	13.912
537	16	47	14.912	9.407	0	2	46	12.849	4.198	NA	0.265	NA	38.66	-179.215
538	16	48	14.705	9.158	0	2	27	13.172	4.356	NA	0.323	NA	-129.806	-168.465
539	16	49	14.622	8.951	0	2	46	13.395	4.411	NA	0.223	NA	-111.801	18.004
540	16	50	14.457	8.744	0	2	9	13.66	4.56	NA	0.265	NA	-128.66	-16.858
541	17	1	16.899	8.455	0	2	74	0	0	NA	NA	NA	NA	NA
542	17	2	16.65	8.248	0	2	9	0.323	0.323	NA	0.323	NA	-140.194	NA
543	17	3	16.816	8.537	0	2	55	0.657	0.117	NA	0.334	NA	60.255	-159.55
544	17	4	16.775	8.951	0	2	18	1.073	0.512	NA	0.416	NA	95.711	35.455
545	17	5	17.189	8.62	0	2	9	1.603	0.334	NA	0.53	NA	-38.66	-134.37
546	17	6	17.396	8.413	0	2	46	1.896	0.498	NA	0.293	NA	-45	-6.34
547	17	7	17.396	8.496	0	2	46	1.979	0.498	NA	0.083	NA	90	135
548	17	8	17.603	8.537	0	2	27	2.19	0.709	NA	0.211	NA	11.31	-78.69
549	17	9	17.603	8.537	0	2	0	2.19	0.709	NA	0	NA	0	-11.31
550	17	10	17.478	8.496	0	2	18	2.321	0.581	NA	0.131	NA	-161.565	-161.565
551	17	11	16.568	7.999	0	2	9	3.358	0.563	NA	1.037	NA	-151.39	10.176
552	17	12	16.278	7.999	0	2	111	3.648	0.77	NA	0.29	NA	180	-28.61
553	17	13	16.154	7.958	0	2	83	3.779	0.895	NA	0.131	NA	-161.565	18.435
554	17	14	16.195	7.792	0	2	27	3.949	0.966	NA	0.171	NA	-75.964	85.601
555	17	15	16.154	7.751	0	2	46	4.008	1.025	NA	0.059	NA	-135	-59.036
556	17	16	15.823	7.999	0	2	102	4.422	1.169	NA	0.414	NA	143.13	-81.87
557	17	17	15.657	8.041	0	2	93	4.592	1.309	NA	0.171	NA	165.964	22.834
558	17	18	14.912	7.627	0	2	27	5.445	2.152	NA	0.852	NA	-150.945	43.091
559	17	19	15.284	7.958	0	2	111	5.943	1.689	NA	0.498	NA	41.634	-167.421
560	17	20	15.657	7.958	0	2	55	6.316	1.337	NA	0.373	NA	0	-41.634
561	17	21	15.284	7.792	0	2	65	6.723	1.745	NA	0.408	NA	-156.038	-156.038
562	17	22	15.284	7.792	0	2	121	6.723	1.745	NA	0	NA	0	156.038
563	17	23	15.533	7.792	0	2	9	6.972	1.518	NA	0.248	NA	0	0
564	17	24	15.905	7.875	0	2	37	7.353	1.15	NA	0.382	NA	12.529	12.529
565	17	25	15.74	7.999	0	2	27	7.56	1.245	NA	0.207	NA	143.13	130.601
566	17	26	15.947	7.792	0	2	37	7.853	1.16	NA	0.293	NA	-45	171.87
567	17	27	15.74	7.958	0	2	74	8.118	1.261	NA	0.265	NA	141.34	-173.66
568	17	28	15.202	7.792	0	2	93	8.681	1.822	NA	0.563	NA	-162.897	55.763
569	17	29	15.202	7.751	0	2	74	8.722	1.837	NA	0.041	NA	-90	72.897
570	17	30	15.16	7.751	0	2	111	8.764	1.876	NA	0.041	NA	180	-90
571	17	31	15.078	7.751	0	2	46	8.847	1.953	NA	0.083	NA	180	0
572	17	32	15.905	8.123	0	2	93	9.754	1.047	NA	0.908	NA	24.228	-155.772
573	17	33	15.616	8.123	0	2	93	10.044	1.325	NA	0.29	NA	180	155.772
574	17	34	15.698	8.206	0	2	46	10.161	1.226	NA	0.117	NA	45	-135
575	18	1	20.003	8.165	0	2	18	0	0	NA	NA	NA	NA	NA
576	18	2	20.252	8.165	0	2	18	0.248	0.248	NA	0.248	NA	0	NA
577	18	3	20.334	8.165	0	2	27	0.331	0.331	NA	0.083	NA	0	0
578	18	4	20.748	8.372	0	2	55	0.794	0.773	NA	0.463	NA	26.565	26.565
579	18	5	20.666	8.413	0	2	46	0.886	0.707	NA	0.093	NA	153.435	126.87
580	18	6	20.914	8.537	0	2	83	1.164	0.984	NA	0.278	NA	26.565	-126.87
581	18	7	21.08	8.579	0	2	121	1.335	1.153	NA	0.171	NA	14.036	-12.529
582	18	8	21.162	8.62	0	2	27	1.427	1.245	NA	0.093	NA	26.565	12.529
583	18	9	21.825	8.372	0	2	18	2.135	1.833	NA	0.707	NA	-20.556	-47.121
584	18	10	21.907	8.123	0	2	55	2.397	1.905	NA	0.262	NA	-71.565	-51.009
585	18	11	22.114	7.999	0	2	18	2.638	2.118	NA	0.241	NA	-30.964	40.601
586	19	1	22.239	8.123	0	2	158	0	0	NA	NA	NA	NA	NA
587	19	2	22.197	8.082	0	2	102	0.059	0.059	NA	0.059	NA	-135	NA
588	19	3	22.197	7.71	0	2	83	0.431	0.416	NA	0.373	NA	-90	45
589	19	4	22.073	7.71	0	2	18	0.555	0.446	NA	0.124	NA	180	-90
590	19	5	22.57	7.71	0	2	111	1.052	0.53	NA	0.497	NA	0	-180
591	19	6	23.812	8.413	0	2	37	2.479	1.599	NA	1.427	NA	29.539	29.539
592	19	7	23.646	7.834	0	2	74	3.082	1.437	NA	0.603	NA	-105.945	-135.484
593	19	8	23.687	7.834	0	2	83	3.123	1.477	NA	0.041	NA	0	105.945
594	19	9	23.687	7.875	0	2	46	3.165	1.47	NA	0.041	NA	90	90
595	19	10	23.439	7.71	0	2	102	3.463	1.27	NA	0.298	NA	-146.31	123.69
596	19	11	23.522	7.71	0	2	18	3.546	1.348	NA	0.083	NA	0	146.31
597	19	12	23.522	7.71	0	2	55	3.546	1.348	NA	0	NA	0	0
598	19	13	23.812	7.71	0	2	55	3.836	1.626	NA	0.29	NA	0	0
599	19	14	23.894	7.627	0	2	37	3.953	1.729	NA	0.117	NA	-45	-45
600	19	15	23.977	7.627	0	2	37	4.036	1.808	NA	0.083	NA	0	45
601	19	16	24.018	7.585	0	2	111	4.094	1.859	NA	0.059	NA	-45	-45
602	19	17	24.018	7.585	0	2	93	4.094	1.859	NA	0	NA	0	45
603	19	18	24.184	8.041	0	2	46	4.579	1.947	NA	0.484	NA	70.017	70.017
604	19	19	23.77	7.916	0	2	9	5.011	1.545	NA	0.432	NA	-163.301	126.682
605	19	20	23.191	7.792	0	2	74	5.604	1.008	NA	0.593	NA	-167.905	-4.604
606	19	21	23.315	7.834	0	2	55	5.734	1.115	NA	0.131	NA	18.435	-173.66
607	19	22	22.942	7.71	0	2	37	6.127	0.816	NA	0.393	NA	-161.565	180
608	19	23	22.942	7.71	0	2	37	6.127	0.816	NA	0	NA	0	161.565
609	20	1	21.576	8.206	0	2	37	0	0	NA	NA	NA	NA	NA
610	20	2	21.162	8.413	0	2	139	0.463	0.463	NA	0.463	NA	153.435	NA
611	20	3	19.507	9.324	0	2	55	2.352	2.352	NA	1.89	NA	151.189	-2.246
612	20	4	19.134	9.365	0	2	46	2.727	2.703	NA	0.375	NA	173.66	22.471
613	20	5	19.341	9.407	0	2	102	2.938	2.537	NA	0.211	NA	11.31	-162.35
614	20	6	19.548	9.365	0	2	121	3.149	2.336	NA	0.211	NA	-11.31	-22.62
615	20	7	19.838	9.365	0	2	121	3.439	2.089	NA	0.29	NA	0	11.31
616	20	8	19.714	9.489	0	2	46	3.615	2.262	NA	0.176	NA	135	135
617	20	9	19.838	8.993	0	2	74	4.127	1.908	NA	0.512	NA	-75.964	149.036
618	20	10	20.086	8.827	0	2	121	4.425	1.614	NA	0.298	NA	-33.69	42.274
619	20	11	20.252	8.827	0	2	74	4.591	1.463	NA	0.166	NA	0	33.69
620	20	12	20.128	8.91	0	2	111	4.74	1.611	NA	0.149	NA	146.31	146.31
621	20	13	20.128	8.91	0	2	93	4.74	1.611	NA	0	NA	0	-146.31
622	20	14	20.128	9.034	0	2	102	4.864	1.669	NA	0.124	NA	90	90
623	20	15	20.128	9.034	0	2	93	4.864	1.669	NA	0	NA	0	-90
624	20	16	20.169	8.91	0	2	111	4.995	1.573	NA	0.131	NA	-71.565	-71.565
625	20	17	20.169	8.91	0	2	83	4.995	1.573	NA	0	NA	0	71.565
626	20	18	20.169	8.91	0	2	83	4.995	1.573	NA	0	NA	0	0
627	20	19	20.169	8.91	0	2	65	4.995	1.573	NA	0	NA	0	0
628	20	20	20.169	8.91	0	2	139	4.995	1.573	NA	0	NA	0	0
629	20	21	20.169	9.075	0	2	130	5.161	1.654	NA	0.166	NA	90	90
630	20	22	20.293	8.91	0	2	149	5.368	1.463	NA	0.207	NA	-53.13	-143.13
631	20	23	20.293	8.993	0	2	93	5.45	1.505	NA	0.083	NA	90	143.13
632	20	24	20.293	9.117	0	2	111	5.575	1.573	NA	0.124	NA	90	0
633	20	25	20.293	9.158	0	2	65	5.616	1.598	NA	0.041	NA	90	0
634	20	26	20.169	9.158	0	2	65	5.74	1.699	NA	0.124	NA	180	90
635	20	27	20.169	9.158	0	2	93	5.74	1.699	NA	0	NA	0	-180
636	20	28	20.293	9.117	0	2	55	5.871	1.573	NA	0.131	NA	-18.435	-18.435
637	20	29	20.417	9.117	0	2	93	5.995	1.474	NA	0.124	NA	0	18.435
638	20	30	20.5	9.117	0	2	65	6.078	1.41	NA	0.083	NA	0	0
639	20	31	20.5	9.2	0	2	83	6.161	1.465	NA	0.083	NA	90	90
640	20	32	20.5	9.2	0	2	46	6.161	1.465	NA	0	NA	0	-90
641	21	1	22.363	7.585	0	2	102	0	0	NA	NA	NA	NA	NA
642	21	2	22.735	7.751	0	2	83	0.408	0.408	NA	0.408	NA	23.962	NA
643	21	3	22.984	7.916	0	2	130	0.706	0.704	NA	0.298	NA	33.69	9.728
644	21	4	22.735	8.041	0	2	233	0.984	0.588	NA	0.278	NA	153.435	119.745
645	21	5	22.859	8.165	0	2	167	1.159	0.763	NA	0.176	NA	45	-108.435
646	21	6	22.859	8.165	0	2	65	1.159	0.763	NA	0	NA	0	-45
647	21	7	22.694	8.165	0	2	139	1.325	0.667	NA	0.166	NA	180	180
648	21	8	22.735	8.165	0	2	27	1.366	0.689	NA	0.041	NA	0	-180
649	21	9	23.025	8.165	0	2	27	1.656	0.88	NA	0.29	NA	0	0
650	21	10	22.901	8.041	0	2	158	1.832	0.705	NA	0.176	NA	-135	-135
651	21	11	23.025	8.041	0	2	111	1.956	0.804	NA	0.124	NA	0	135
652	21	12	23.315	8.248	0	2	139	2.312	1.16	NA	0.356	NA	35.538	35.538
653	21	13	23.066	8.827	0	2	177	2.943	1.427	NA	0.63	NA	113.199	77.661
654	21	14	23.066	8.91	0	2	37	3.025	1.5	NA	0.083	NA	90	-23.199
655	21	15	22.735	8.041	0	2	74	3.956	0.588	NA	0.93	NA	-110.854	159.146
656	21	16	22.652	7.999	0	2	83	4.048	0.505	NA	0.093	NA	-153.435	-42.58
657	21	17	22.073	7.916	0	2	55	4.633	0.44	NA	0.585	NA	-171.87	-18.435
658	21	18	22.156	7.916	0	2	37	4.716	0.391	NA	0.083	NA	0	171.87
659	21	19	21.99	7.916	0	2	65	4.882	0.498	NA	0.166	NA	180	180
660	21	20	21.7	7.999	0	2	55	5.183	0.781	NA	0.301	NA	164.055	-15.945
661	21	21	22.901	8.248	0	2	9	6.409	0.853	NA	1.226	NA	11.689	-152.365
662	21	22	22.984	8.33	0	2	37	6.526	0.97	NA	0.117	NA	45	33.311
663	21	23	22.859	8.62	0	2	55	6.841	1.148	NA	0.315	NA	113.199	68.199
664	21	24	22.487	8.579	0	2	18	7.216	1.001	NA	0.375	NA	-173.66	73.142
665	21	25	22.487	8.744	0	2	9	7.382	1.166	NA	0.166	NA	90	-96.34
666	21	26	22.321	8.703	0	2	27	7.552	1.118	NA	0.171	NA	-165.964	104.036
667	21	27	22.114	8.662	0	2	0	7.763	1.105	NA	0.211	NA	-168.69	-2.726
668	21	28	21.949	8.827	0	2	46	7.998	1.309	NA	0.234	NA	135	-56.31
669	21	29	21.7	8.951	0	2	0	8.275	1.518	NA	0.278	NA	153.435	18.435
670	21	30	21.7	9.2	0	2	37	8.524	1.745	NA	0.248	NA	90	-63.435
671	21	31	21.783	9.158	0	2	9	8.616	1.676	NA	0.093	NA	-26.565	-116.565
672	21	32	21.783	9.158	0	2	27	8.616	1.676	NA	0	NA	0	26.565
673	21	33	21.99	9.117	0	2	18	8.827	1.576	NA	0.211	NA	-11.31	-11.31
674	21	34	21.907	9.282	0	2	27	9.012	1.757	NA	0.185	NA	116.565	127.875
675	21	35	21.742	9.241	0	2	9	9.183	1.768	NA	0.171	NA	-165.964	77.471
676	21	36	21.369	9.324	0	2	27	9.565	2.002	NA	0.382	NA	167.471	-26.565
677	21	37	21.452	9.448	0	2	0	9.714	2.073	NA	0.149	NA	56.31	-111.161
678	21	38	21.576	9.572	0	2	0	9.89	2.137	NA	0.176	NA	45	-11.31
679	22	1	25.55	7.544	0	2	0	0	0	NA	NA	NA	NA	NA
680	22	2	25.509	7.503	0	2	0	0.059	0.059	NA	0.059	NA	-135	NA
681	22	3	24.722	8.041	0	2	9	1.011	0.965	NA	0.953	NA	145.62	-79.38
682	22	4	25.012	7.875	0	2	9	1.345	0.632	NA	0.334	NA	-29.745	-175.365
683	22	5	25.136	8.123	0	2	27	1.623	0.712	NA	0.278	NA	63.435	93.18
684	22	6	25.509	8.579	0	2	0	2.211	1.036	NA	0.588	NA	50.711	-12.724
685	22	7	25.757	9.117	0	2	65	2.804	1.587	NA	0.593	NA	65.225	14.514
686	22	8	25.674	9.282	0	2	55	2.989	1.743	NA	0.185	NA	116.565	51.34
687	22	9	25.384	9.2	0	2	0	3.29	1.664	NA	0.301	NA	-164.055	79.38
688	22	10	25.177	9.117	0	2	0	3.513	1.616	NA	0.223	NA	-158.199	5.856
689	22	11	25.136	8.123	0	2	27	4.508	0.712	NA	0.994	NA	-92.386	65.813
690	23	1	28.903	9.324	0	2	37	0	0	NA	NA	NA	NA	NA
691	23	2	29.234	9.034	0	2	27	0.44	0.44	NA	0.44	NA	-41.186	NA
692	23	3	29.234	9.241	0	2	0	0.647	0.341	NA	0.207	NA	90	131.186
693	23	4	28.986	9.241	0	2	37	0.895	0.117	NA	0.248	NA	180	90
694	23	5	29.193	10.028	0	2	74	1.709	0.761	NA	0.813	NA	75.256	-104.744
695	23	6	28.944	10.4	0	2	93	2.156	1.077	NA	0.448	NA	123.69	48.434
696	23	7	28.323	10.897	0	2	0	2.951	1.676	NA	0.795	NA	141.34	17.65
697	23	8	28.075	10.4	0	2	18	3.507	1.358	NA	0.555	NA	-116.565	102.095
698	23	9	28.034	10.4	0	2	27	3.548	1.383	NA	0.041	NA	180	-63.435
699	23	10	28.323	10.98	0	2	37	4.196	1.754	NA	0.648	NA	63.435	-116.565
700	23	11	28.944	10.4	0	2	46	5.045	1.077	NA	0.849	NA	-43.025	-106.46
701	23	12	29.565	10.773	0	2	46	5.77	1.593	NA	0.724	NA	30.964	73.989
702	23	13	29.607	11.062	0	2	18	6.062	1.876	NA	0.293	NA	81.87	50.906
703	23	14	29.607	11.021	0	2	18	6.104	1.837	NA	0.041	NA	-90	-171.87
704	23	15	29.896	11.228	0	2	65	6.46	2.148	NA	0.356	NA	35.538	125.538
705	23	16	29.855	10.897	0	2	9	6.793	1.839	NA	0.334	NA	-97.125	-132.663
706	23	17	30.021	11.187	0	2	27	7.127	2.172	NA	0.334	NA	60.255	157.38
707	23	18	30.062	11.104	0	2	27	7.22	2.124	NA	0.093	NA	-63.435	-123.69
708	23	19	29.979	10.731	0	2	37	7.601	1.772	NA	0.382	NA	-102.529	-39.094
709	23	20	29.979	10.731	0	2	18	7.601	1.772	NA	0	NA	0	102.529
710	23	21	29.855	11.228	0	2	37	8.113	2.129	NA	0.512	NA	104.036	104.036
711	23	22	29.855	11.228	0	2	37	8.113	2.129	NA	0	NA	0	-104.036
712	23	23	29.441	11.849	0	2	18	8.86	2.582	NA	0.746	NA	123.69	123.69
713	24	1	10.4	17.023	0	2	9	0	0	NA	NA	NA	NA	NA
714	24	2	10.566	17.023	0	2	27	0.166	0.166	NA	0.166	NA	0	NA
715	24	3	10.566	17.023	0	2	9	0.166	0.166	NA	0	NA	0	0
716	24	4	10.524	16.982	0	2	18	0.224	0.131	NA	0.059	NA	-135	-135
717	24	5	10.524	16.982	0	2	27	0.224	0.131	NA	0	NA	0	135
718	24	6	10.648	17.064	0	2	0	0.373	0.252	NA	0.149	NA	33.69	33.69
719	24	7	10.4	17.189	0	2	18	0.651	0.166	NA	0.278	NA	153.435	119.745
720	24	8	10.69	17.23	0	2	18	0.944	0.356	NA	0.293	NA	8.13	-145.305
721	24	9	10.731	17.23	0	2	0	0.985	0.391	NA	0.041	NA	0	-8.13
722	24	10	10.98	17.313	0	2	0	1.247	0.648	NA	0.262	NA	18.435	18.435
723	24	11	11.021	16.899	0	2	9	1.663	0.633	NA	0.416	NA	-84.289	-102.724
724	24	12	10.855	17.147	0	2	0	1.961	0.472	NA	0.298	NA	123.69	-152.021
725	24	13	10.855	17.064	0	2	0	2.044	0.457	NA	0.083	NA	-90	146.31
726	24	14	10.938	17.23	0	2	9	2.229	0.577	NA	0.185	NA	63.435	153.435
727	24	15	10.69	17.064	0	2	0	2.528	0.293	NA	0.298	NA	-146.31	150.255
728	25	1	29.979	11.932	0	2	255	0	0	NA	NA	NA	NA	NA
729	25	2	29.979	11.932	0	2	177	0	0	NA	0	NA	0	NA
730	25	3	30.186	11.932	0	2	102	0.207	0.207	NA	0.207	NA	0	0
731	25	4	30.186	11.973	0	2	121	0.248	0.211	NA	0.041	NA	90	90
732	25	5	30.186	12.014	0	2	0	0.29	0.223	NA	0.041	NA	90	0
733	25	6	29.938	12.139	0	2	37	0.567	0.211	NA	0.278	NA	153.435	63.435
734	25	7	30.021	12.139	0	2	55	0.65	0.211	NA	0.083	NA	0	-153.435
735	25	8	29.979	11.973	0	2	0	0.821	0.041	NA	0.171	NA	-104.036	-104.036
736	25	9	29.855	11.973	0	2	195	0.945	0.131	NA	0.124	NA	180	-75.964
737	25	10	30.062	11.973	0	2	83	1.152	0.093	NA	0.207	NA	0	-180
738	25	11	30.517	11.725	0	2	177	1.671	0.577	NA	0.519	NA	-28.61	-28.61
739	25	12	30.517	11.725	0	2	121	1.671	0.577	NA	0	NA	0	28.61
740	25	13	30.6	11.807	0	2	65	1.788	0.633	NA	0.117	NA	45	45
741	25	14	30.6	11.807	0	2	149	1.788	0.633	NA	0	NA	0	-45
742	25	15	30.683	11.932	0	2	9	1.937	0.704	NA	0.149	NA	56.31	56.31
743	25	16	31.18	11.807	0	2	74	2.449	1.207	NA	0.512	NA	-14.036	-70.346
744	25	17	31.055	11.807	0	2	65	2.573	1.083	NA	0.124	NA	180	-165.964
745	25	18	30.434	11.807	0	2	46	3.194	0.472	NA	0.621	NA	180	0
746	25	19	30.6	11.766	0	2	9	3.365	0.643	NA	0.171	NA	-14.036	165.964
747	25	20	30.31	11.807	0	2	27	3.657	0.354	NA	0.293	NA	171.87	-174.094
748	25	21	30.145	11.89	0	2	65	3.843	0.171	NA	0.185	NA	153.435	-18.435
749	25	22	30.476	11.807	0	2	74	4.184	0.512	NA	0.341	NA	-14.036	-167.471
750	25	23	30.352	12.097	0	2	27	4.499	0.408	NA	0.315	NA	113.199	127.235
751	25	24	30.434	12.056	0	2	27	4.592	0.472	NA	0.093	NA	-26.565	-139.764
752	25	25	30.559	11.973	0	2	9	4.741	0.581	NA	0.149	NA	-33.69	-7.125
753	25	26	30.434	12.263	0	2	93	5.056	0.563	NA	0.315	NA	113.199	146.889
754	25	27	30.393	12.387	0	2	37	5.187	0.615	NA	0.131	NA	108.435	-4.764
755	25	28	30.393	12.387	0	2	93	5.187	0.615	NA	0	NA	0	-108.435
756	25	29	30.434	12.47	0	2	18	5.28	0.705	NA	0.093	NA	63.435	63.435
757	25	30	29.731	12.346	0	2	37	5.994	0.483	NA	0.715	NA	-169.992	126.573
758	25	31	29.731	12.428	0	2	18	6.077	0.555	NA	0.083	NA	90	-100.008
759	25	32	29.938	12.428	0	2	0	6.284	0.498	NA	0.207	NA	0	-90
760	25	33	29.979	12.428	0	2	18	6.325	0.497	NA	0.041	NA	0	0
761	25	34	30.227	12.428	0	2	9	6.574	0.555	NA	0.248	NA	0	0
762	25	35	30.476	12.511	0	2	74	6.836	0.763	NA	0.262	NA	18.435	18.435
763	25	36	30.476	12.553	0	2	0	6.877	0.795	NA	0.041	NA	90	71.565
764	25	37	30.269	12.511	0	2	46	7.088	0.648	NA	0.211	NA	-168.69	101.31
765	25	38	30.269	12.511	0	2	46	7.088	0.648	NA	0	NA	0	168.69
766	25	39	30.062	12.511	0	2	55	7.295	0.585	NA	0.207	NA	180	180
767	25	40	30.352	12.511	0	2	18	7.585	0.689	NA	0.29	NA	0	-180
768	25	41	30.517	12.346	0	2	37	7.819	0.679	NA	0.234	NA	-45	-45
769	25	42	30.6	12.346	0	2	9	7.902	0.746	NA	0.083	NA	0	45
770	25	43	30.724	12.263	0	2	18	8.051	0.815	NA	0.149	NA	-33.69	-33.69
771	25	44	30.973	12.014	0	2	37	8.402	0.997	NA	0.351	NA	-45	-11.31
772	25	45	31.304	11.352	0	2	37	9.143	1.446	NA	0.74	NA	-63.435	-18.435
773	25	46	31.386	11.311	0	2	27	9.235	1.538	NA	0.093	NA	-26.565	36.87
774	25	47	31.345	11.394	0	2	18	9.328	1.468	NA	0.093	NA	116.565	143.13
