Nr	TID	PID	x [micron]	y [micron]	t [sec]	c [idx]	I [val]	Len [micron]	D2S [micron]	D2R [micron]	D2P [micron]	v [micron/sec]	? [deg]	?? [deg]
1	1	1	21.094	29.629	0	2	41.949	0	0	NA	NA	NA	NA	NA
2	1	2	21.22	29.629	0	2	19.43	0.126	0.126	NA	0.126	NA	0	NA
3	1	3	21.471	29.818	0	2	16.157	0.439	0.421	NA	0.314	NA	36.87	36.87
4	1	4	21.408	29.692	0	2	29.218	0.58	0.32	NA	0.14	NA	-116.565	-153.435
5	1	5	21.408	29.943	0	2	36.875	0.831	0.444	NA	0.251	NA	90	-153.435
6	1	6	21.094	29.88	0	2	20.927	1.151	0.251	NA	0.32	NA	-168.69	101.31
7	1	7	21.22	29.755	0	2	36.69	1.328	0.178	NA	0.178	NA	-45	123.69
8	1	8	21.282	29.88	0	2	21.007	1.469	0.314	NA	0.14	NA	63.435	108.435
9	1	9	21.533	29.818	0	2	22.586	1.727	0.478	NA	0.259	NA	-14.036	-77.471
10	1	10	21.408	29.504	0	2	34.834	2.065	0.338	NA	0.338	NA	-111.801	-97.765
11	1	11	21.22	30.006	0	2	28.886	2.601	0.397	NA	0.536	NA	110.556	-137.643
12	1	12	21.157	29.692	0	2	14.877	2.921	0.089	NA	0.32	NA	-101.31	148.134
13	1	13	21.22	29.88	0	2	5.556	3.12	0.281	NA	0.198	NA	71.565	172.875
14	1	14	21.157	29.88	0	2	17.064	3.183	0.259	NA	0.063	NA	180	108.435
15	1	15	21.094	29.88	0	2	12.445	3.245	0.251	NA	0.063	NA	180	0
16	1	16	20.969	29.755	0	2	6.379	3.423	0.178	NA	0.178	NA	-135	45
17	1	17	20.969	29.692	0	2	25.05	3.486	0.14	NA	0.063	NA	-90	45
18	1	18	21.157	29.629	0	2	15.234	3.684	0.063	NA	0.198	NA	-18.435	71.565
19	1	19	21.157	30.006	0	2	9.271	4.061	0.382	NA	0.377	NA	90	108.435
20	1	20	21.22	29.755	0	2	21.958	4.32	0.178	NA	0.259	NA	-75.964	-165.964
21	1	21	20.906	29.567	0	2	2.643	4.685	0.198	NA	0.366	NA	-149.036	-73.072
22	1	22	20.592	29.441	0	2	17.09	5.023	0.536	NA	0.338	NA	-158.199	-9.162
23	1	23	21.031	29.818	0	2	63.814	5.602	0.198	NA	0.579	NA	40.601	-161.2
24	1	24	20.843	29.818	0	2	12.923	5.79	0.314	NA	0.188	NA	180	139.399
25	1	25	21.094	29.818	0	2	15.202	6.041	0.188	NA	0.251	NA	0	-180
26	1	26	21.094	29.818	0	2	14.485	6.041	0.188	NA	0	NA	0	0
27	1	27	20.843	29.629	0	2	26.642	6.355	0.251	NA	0.314	NA	-143.13	-143.13
28	2	1	25.821	31.665	0	2	74	0	0	NA	NA	NA	NA	NA
29	2	2	26.044	31.72	0	2	115	0.229	0.229	NA	0.229	NA	14.036	NA
30	2	3	26.155	31.832	0	2	49	0.387	0.373	NA	0.157	NA	45	30.964
31	2	4	26.044	31.776	0	2	41	0.511	0.249	NA	0.124	NA	-153.435	161.565
32	2	5	25.877	31.609	0	2	57.5	0.747	0.079	NA	0.236	NA	-135	18.435
33	2	6	26.1	31.609	0	2	33	0.97	0.284	NA	0.223	NA	0	135
34	2	7	25.933	31.665	0	2	57.5	1.146	0.111	NA	0.176	NA	161.565	161.565
35	2	8	25.877	31.887	0	2	61.5	1.375	0.229	NA	0.229	NA	104.036	-57.529
36	2	9	26.6	31.164	0	2	16	2.399	0.926	NA	1.023	NA	-45	-149.036
37	3	1	17.084	29.884	0	2	4	0	0	NA	NA	NA	NA	NA
38	3	2	16.138	30.051	0	2	0	0.961	0.961	NA	0.961	NA	169.992	NA
39	3	3	16.25	29.773	0	2	8	1.26	0.842	NA	0.3	NA	-68.199	121.809
40	3	4	16.305	29.828	0	2	8	1.339	0.781	NA	0.079	NA	45	113.199
41	3	5	15.804	29.995	0	2	0	1.867	1.285	NA	0.528	NA	161.565	116.565
42	3	6	15.749	30.273	0	2	0	2.151	1.391	NA	0.284	NA	101.31	-60.255
43	3	7	15.582	30.44	0	2	0	2.387	1.602	NA	0.236	NA	135	33.69
44	3	8	15.471	30.106	0	2	0	2.739	1.629	NA	0.352	NA	-108.435	116.565
45	3	9	15.415	30.273	0	2	0	2.915	1.714	NA	0.176	NA	108.435	-143.13
46	3	10	15.415	30.607	0	2	0	3.249	1.819	NA	0.334	NA	90	-18.435
47	3	11	15.359	30.385	0	2	0	3.478	1.796	NA	0.229	NA	-104.036	165.964
48	3	12	15.137	30.44	0	2	8	3.708	2.026	NA	0.229	NA	165.964	-90
49	4	1	17.307	28.771	0	2	16.25	0	0	NA	NA	NA	NA	NA
50	4	2	15.304	30.329	0	2	0	2.538	2.538	NA	2.538	NA	142.125	NA
51	4	3	16.305	31.442	0	2	0	4.035	2.853	NA	1.497	NA	48.013	-94.112
52	4	4	18.253	31.776	0	2	8	6.012	3.15	NA	1.976	NA	9.728	-38.285
53	4	5	18.865	31.943	0	2	33	6.646	3.534	NA	0.635	NA	15.255	5.528
54	4	6	20.869	32.11	0	2	4	8.656	4.882	NA	2.01	NA	4.764	-10.491
55	4	7	22.037	31.776	0	2	16.5	9.872	5.604	NA	1.215	NA	-15.945	-20.709
56	5	1	21.982	28.493	0	2	8	0	0	NA	NA	NA	NA	NA
57	5	2	20.479	28.771	0	2	0	1.528	1.528	NA	1.528	NA	169.509	NA
58	5	3	19.7	28.715	0	2	49	2.309	2.292	NA	0.781	NA	-175.914	14.577
59	5	4	19.31	28.715	0	2	16	2.699	2.68	NA	0.39	NA	180	-4.086
60	5	5	18.921	28.826	0	2	0	3.104	3.079	NA	0.405	NA	164.055	-15.945
61	5	6	19.422	28.715	0	2	8	3.617	2.57	NA	0.513	NA	-12.529	-176.583
62	5	7	21.369	28.437	0	2	0	5.584	0.615	NA	1.968	NA	-8.13	4.399
63	6	1	15.804	27.658	0	2	0	0	0	NA	NA	NA	NA	NA
64	6	2	16.417	27.992	0	2	0	0.697	0.697	NA	0.697	NA	28.61	NA
65	6	3	17.196	27.936	0	2	0	1.478	1.419	NA	0.781	NA	-4.086	-32.696
66	6	4	17.307	27.713	0	2	16.5	1.727	1.504	NA	0.249	NA	-63.435	-59.349
67	6	5	18.03	27.602	0	2	16	2.459	2.227	NA	0.732	NA	-8.746	54.689
68	6	6	19.143	27.268	0	2	0	3.621	3.362	NA	1.162	NA	-16.699	-7.953
69	7	1	15.192	30.719	0	2	0	0	0	NA	NA	NA	NA	NA
70	7	2	15.526	30.941	0	2	0	0.401	0.401	NA	0.401	NA	33.69	NA
71	7	3	15.693	30.719	0	2	0	0.68	0.501	NA	0.278	NA	-53.13	-86.82
72	7	4	15.693	31.108	0	2	0	1.069	0.635	NA	0.39	NA	90	143.13
73	7	5	15.471	31.052	0	2	0	1.299	0.435	NA	0.229	NA	-165.964	104.036
74	7	6	15.638	31.164	0	2	0	1.499	0.63	NA	0.201	NA	33.69	-160.346
75	7	7	15.749	31.052	0	2	0	1.657	0.649	NA	0.157	NA	-45	-78.69
76	7	8	17.14	30.886	0	2	8	3.058	1.955	NA	1.401	NA	-6.843	38.157
77	7	9	18.086	31.442	0	2	16.5	4.155	2.983	NA	1.098	NA	30.466	37.308
78	7	10	18.03	31.386	0	2	16	4.234	2.916	NA	0.079	NA	-135	-165.466
79	7	11	17.808	31.832	0	2	0	4.732	2.842	NA	0.498	NA	116.565	-108.435
80	7	12	17.697	31.498	0	2	0	5.084	2.623	NA	0.352	NA	-108.435	135
81	7	13	17.864	32.054	0	2	8	5.665	2.986	NA	0.581	NA	73.301	-178.264
82	7	14	18.309	31.943	0	2	0	6.124	3.348	NA	0.459	NA	-14.036	-87.337
83	7	15	18.03	31.999	0	2	0	6.407	3.113	NA	0.284	NA	168.69	-177.274
84	7	16	18.476	32.054	0	2	16	6.856	3.545	NA	0.449	NA	7.125	-161.565
85	7	17	18.698	31.887	0	2	255	7.134	3.696	NA	0.278	NA	-36.87	-43.995
86	7	18	19.7	32.054	0	2	0	8.15	4.701	NA	1.016	NA	9.462	46.332
87	7	19	19.811	32.277	0	2	0	8.399	4.875	NA	0.249	NA	63.435	53.973
88	8	1	20.59	28.047	0	2	16	0	0	NA	NA	NA	NA	NA
89	8	2	18.754	28.381	0	2	24.5	1.867	1.867	NA	1.867	NA	169.695	NA
90	8	3	18.197	28.493	0	2	8	2.434	2.434	NA	0.568	NA	168.69	-1.005
91	8	4	17.307	29.16	0	2	0	3.547	3.467	NA	1.113	NA	143.13	-25.56
92	8	5	18.142	28.771	0	2	16.5	4.468	2.553	NA	0.921	NA	-25.017	-168.147
93	8	6	17.864	28.326	0	2	4	4.993	2.741	NA	0.525	NA	-122.005	-96.988
94	8	7	16.472	29.272	0	2	16	6.676	4.296	NA	1.682	NA	145.784	-92.21
95	8	8	16.305	29.717	0	2	0	7.151	4.599	NA	0.475	NA	110.556	-35.228
96	8	9	16.751	29.494	0	2	41	7.649	4.103	NA	0.498	NA	-26.565	-137.121
97	8	10	16.584	29.661	0	2	8	7.885	4.32	NA	0.236	NA	135	161.565
98	8	11	17.919	28.604	0	2	33	9.588	2.729	NA	1.703	NA	-38.367	-173.367
99	9	1	18.253	26.99	0	2	8	0	0	NA	NA	NA	NA	NA
100	9	2	18.81	27.213	0	2	16	0.599	0.599	NA	0.599	NA	21.801	NA
101	9	3	18.81	26.99	0	2	8	0.822	0.556	NA	0.223	NA	-90	-111.801
102	9	4	18.476	26.879	0	2	0	1.174	0.249	NA	0.352	NA	-161.565	-71.565
103	9	5	18.81	26.712	0	2	16	1.547	0.622	NA	0.373	NA	-26.565	135
104	9	6	18.865	26.656	0	2	12.25	1.626	0.697	NA	0.079	NA	-45	-18.435
105	9	7	18.865	26.6	0	2	0	1.682	0.726	NA	0.056	NA	-90	-45
106	9	8	19.032	26.712	0	2	0	1.882	0.827	NA	0.201	NA	33.69	123.69
107	9	9	18.643	26.767	0	2	16.5	2.276	0.449	NA	0.394	NA	171.87	138.18
108	9	10	18.42	26.712	0	2	0	2.505	0.324	NA	0.229	NA	-165.964	22.166
109	9	11	18.309	26.545	0	2	0	2.706	0.449	NA	0.201	NA	-123.69	42.274
110	9	12	17.752	26.712	0	2	0	3.287	0.573	NA	0.581	NA	163.301	-73.009
111	9	13	18.253	26.879	0	2	8	3.815	0.111	NA	0.528	NA	18.435	-144.866
112	10	1	19.477	25.933	0	2	16	0	0	NA	NA	NA	NA	NA
113	10	2	20.089	26.1	0	2	12.25	0.635	0.635	NA	0.635	NA	15.255	NA
114	10	3	19.644	25.71	0	2	0	1.226	0.278	NA	0.592	NA	-138.814	-154.069
115	10	4	19.143	25.599	0	2	16	1.739	0.472	NA	0.513	NA	-167.471	-28.657
116	10	5	19.533	25.265	0	2	0	2.252	0.67	NA	0.513	NA	-40.601	126.87
117	10	6	19.644	24.875	0	2	12.25	2.657	1.07	NA	0.405	NA	-74.055	-33.453
118	10	7	19.923	25.321	0	2	0	3.182	0.757	NA	0.525	NA	57.995	132.049
119	10	8	20.924	24.653	0	2	16.5	4.386	1.932	NA	1.204	NA	-33.69	-91.685
120	11	1	21.036	26.934	0	2	16	0	0	NA	NA	NA	NA	NA
121	11	2	20.869	26.267	0	2	8	0.688	0.688	NA	0.688	NA	-104.036	NA
122	11	3	20.423	26.879	0	2	0	1.445	0.615	NA	0.757	NA	126.027	-129.936
123	11	4	20.479	26.99	0	2	16	1.57	0.559	NA	0.124	NA	63.435	-62.592
124	11	5	20.757	26.712	0	2	32.5	1.963	0.356	NA	0.394	NA	-45	-108.435
125	11	6	20.423	26.712	0	2	0	2.297	0.651	NA	0.334	NA	180	-135
126	11	7	20.479	26.545	0	2	8	2.473	0.679	NA	0.176	NA	-71.565	108.435
127	11	8	20.757	26.489	0	2	0	2.757	0.525	NA	0.284	NA	-11.31	60.255
128	11	9	20.646	26.712	0	2	0	3.006	0.449	NA	0.249	NA	116.565	127.875
129	11	10	20.479	26.6	0	2	0	3.206	0.649	NA	0.201	NA	-146.31	97.125
130	11	11	20.089	26.489	0	2	16.5	3.611	1.046	NA	0.405	NA	-164.055	-17.745
131	11	12	20.368	26.322	0	2	16.5	3.936	0.906	NA	0.324	NA	-30.964	133.091
132	11	13	20.312	26.378	0	2	8	4.015	0.913	NA	0.079	NA	135	165.964
133	11	14	20.423	26.712	0	2	24.5	4.367	0.651	NA	0.352	NA	71.565	-63.435
134	11	15	20.423	26.322	0	2	8	4.756	0.866	NA	0.39	NA	-90	-161.565
135	11	16	20.256	26.656	0	2	8	5.129	0.827	NA	0.373	NA	116.565	-153.435
136	11	17	20.145	25.877	0	2	8	5.916	1.382	NA	0.787	NA	-98.13	145.305
137	11	18	20.312	26.1	0	2	4	6.195	1.105	NA	0.278	NA	53.13	151.26
138	11	19	20.089	25.821	0	2	0	6.551	1.461	NA	0.356	NA	-128.66	178.21
139	11	20	19.867	26.267	0	2	0	7.049	1.346	NA	0.498	NA	116.565	-114.775
140	11	21	20.368	26.879	0	2	0	7.84	0.67	NA	0.791	NA	50.711	-65.854
141	11	22	19.978	26.656	0	2	16.25	8.288	1.093	NA	0.449	NA	-150.255	159.034
142	11	23	20.535	26.934	0	2	0	8.911	0.501	NA	0.622	NA	26.565	176.82
143	11	24	20.869	26.934	0	2	24.5	9.244	0.167	NA	0.334	NA	0	-26.565
144	11	25	20.924	26.767	0	2	24.5	9.42	0.201	NA	0.176	NA	-71.565	-71.565
145	11	26	21.036	26.879	0	2	41	9.578	0.056	NA	0.157	NA	45	116.565
146	11	27	21.815	26.656	0	2	8	10.388	0.827	NA	0.81	NA	-15.945	-60.945
147	11	28	21.759	26.823	0	2	8	10.564	0.732	NA	0.176	NA	108.435	124.38
148	11	29	21.314	26.656	0	2	12.25	11.04	0.394	NA	0.475	NA	-159.444	92.121
149	11	30	21.481	26.267	0	2	16	11.463	0.803	NA	0.424	NA	-66.801	92.643
150	11	31	20.702	25.766	0	2	8	12.39	1.215	NA	0.926	NA	-147.265	-80.463
151	11	32	21.202	26.267	0	2	0	13.098	0.688	NA	0.708	NA	45	-167.735
152	11	33	21.648	26.545	0	2	8	13.623	0.726	NA	0.525	NA	32.005	-12.995
153	11	34	21.703	26.434	0	2	0	13.747	0.835	NA	0.124	NA	-63.435	-95.44
154	11	35	21.87	26.378	0	2	8	13.923	1.003	NA	0.176	NA	-18.435	45
155	11	36	21.759	26.434	0	2	12.25	14.048	0.88	NA	0.124	NA	153.435	171.87
156	11	37	22.149	26.211	0	2	16	14.496	1.327	NA	0.449	NA	-29.745	176.82
157	12	1	27.491	25.933	0	2	49	0	0	NA	NA	NA	NA	NA
158	12	2	26.712	25.654	0	2	16.5	0.827	0.827	NA	0.827	NA	-160.346	NA
159	12	3	25.098	26.545	0	2	8	2.67	2.47	NA	1.843	NA	151.113	-48.54
160	13	1	29.773	27.157	0	2	8	0	0	NA	NA	NA	NA	NA
161	13	2	30.051	27.101	0	2	0	0.284	0.284	NA	0.284	NA	-11.31	NA
162	13	3	29.717	26.934	0	2	16	0.657	0.229	NA	0.373	NA	-153.435	-142.125
163	13	4	29.661	26.656	0	2	32.75	0.941	0.513	NA	0.284	NA	-101.31	52.125
164	13	5	29.661	26.656	0	2	32.5	0.941	0.513	NA	0	NA	0	101.31
165	13	6	29.661	26.712	0	2	24.5	0.996	0.459	NA	0.056	NA	90	90
166	13	7	29.661	26.545	0	2	0	1.163	0.622	NA	0.167	NA	-90	-180
167	13	8	29.717	26.712	0	2	0	1.339	0.449	NA	0.176	NA	71.565	161.565
168	13	9	29.439	26.489	0	2	33	1.696	0.747	NA	0.356	NA	-141.34	147.095
169	13	10	29.606	26.489	0	2	16	1.863	0.688	NA	0.167	NA	0	141.34
170	13	11	28.938	26.155	0	2	16	2.609	1.304	NA	0.747	NA	-153.435	-153.435
171	13	12	27.713	25.877	0	2	33	3.865	2.424	NA	1.256	NA	-167.196	-13.761
172	13	13	27.268	25.71	0	2	33	4.34	2.892	NA	0.475	NA	-159.444	7.752
173	13	14	27.38	25.543	0	2	0	4.541	2.886	NA	0.201	NA	-56.31	103.134
174	13	15	27.658	25.654	0	2	16.25	4.841	2.594	NA	0.3	NA	21.801	78.111
175	13	16	27.992	25.654	0	2	16.25	5.175	2.33	NA	0.334	NA	0	-21.801
176	13	17	28.715	25.654	0	2	8	5.898	1.837	NA	0.723	NA	0	0
177	13	18	29.327	25.933	0	2	8	6.57	1.303	NA	0.672	NA	24.444	24.444
178	13	19	29.55	25.933	0	2	8	6.793	1.244	NA	0.223	NA	0	-24.444
179	13	20	29.661	26.155	0	2	8	7.042	1.008	NA	0.249	NA	63.435	63.435
180	13	21	29.439	25.877	0	2	16.5	7.398	1.323	NA	0.356	NA	-128.66	167.905
181	13	22	29.439	26.155	0	2	0	7.676	1.056	NA	0.278	NA	90	-141.34
182	13	23	29.439	25.766	0	2	8	8.066	1.431	NA	0.39	NA	-90	-180
183	13	24	29.327	25.877	0	2	20.25	8.223	1.355	NA	0.157	NA	135	-135
184	13	25	29.327	25.877	0	2	12.25	8.223	1.355	NA	0	NA	0	-135
185	13	26	29.439	25.821	0	2	8	8.348	1.377	NA	0.124	NA	-26.565	-26.565
186	13	27	28.993	25.543	0	2	24.75	8.873	1.792	NA	0.525	NA	-147.995	-121.43
187	13	28	28.66	25.488	0	2	24.5	9.211	2.006	NA	0.339	NA	-170.538	-22.543
188	13	29	28.771	25.488	0	2	24.5	9.323	1.947	NA	0.111	NA	0	170.538
189	13	30	28.882	25.321	0	2	8	9.523	2.041	NA	0.201	NA	-56.31	-56.31
190	13	31	29.049	25.321	0	2	16	9.69	1.974	NA	0.167	NA	0	56.31
191	13	32	28.993	25.376	0	2	0	9.769	1.944	NA	0.079	NA	135	135
192	13	33	29.16	25.432	0	2	32.5	9.945	1.831	NA	0.176	NA	18.435	-116.565
193	13	34	29.884	25.599	0	2	8	10.687	1.562	NA	0.742	NA	12.995	-5.44
194	13	35	29.16	25.488	0	2	0	11.419	1.778	NA	0.732	NA	-171.254	175.752
195	13	36	29.773	25.488	0	2	0	12.031	1.669	NA	0.612	NA	0	171.254
196	13	37	30.273	25.654	0	2	0	12.559	1.584	NA	0.528	NA	18.435	18.435
197	13	38	30.106	25.543	0	2	12.25	12.76	1.648	NA	0.201	NA	-146.31	-164.745
198	13	39	29.773	25.599	0	2	8	13.099	1.558	NA	0.339	NA	170.538	-43.152
199	13	40	30.051	25.432	0	2	0	13.423	1.747	NA	0.324	NA	-30.964	158.499
200	13	41	29.717	25.654	0	2	0	13.824	1.504	NA	0.401	NA	146.31	177.274
201	13	42	29.773	25.488	0	2	8	14	1.669	NA	0.176	NA	-71.565	142.125
202	13	43	29.494	25.766	0	2	0	14.394	1.419	NA	0.394	NA	135	-153.435
203	13	44	29.717	25.543	0	2	8	14.709	1.615	NA	0.315	NA	-45	-180
204	13	45	29.773	25.654	0	2	12	14.833	1.503	NA	0.124	NA	63.435	108.435
205	13	46	29.439	24.987	0	2	4	15.58	2.196	NA	0.747	NA	-116.565	-180
206	13	47	27.992	25.209	0	2	12.25	17.044	2.639	NA	1.464	NA	171.254	-72.181
207	13	48	28.159	25.098	0	2	16.5	17.244	2.616	NA	0.201	NA	-33.69	155.056
208	13	49	29.383	25.209	0	2	0	18.474	1.986	NA	1.229	NA	5.194	38.884
209	13	50	29.717	25.376	0	2	0	18.847	1.782	NA	0.373	NA	26.565	21.371
210	13	51	29.773	25.488	0	2	0	18.971	1.669	NA	0.124	NA	63.435	36.87
211	13	52	29.661	25.432	0	2	0	19.096	1.729	NA	0.124	NA	-153.435	143.13
212	13	53	30.106	25.432	0	2	8	19.541	1.757	NA	0.445	NA	0	153.435
213	13	54	30.051	25.154	0	2	0	19.825	2.023	NA	0.284	NA	-101.31	-101.31
214	13	55	29.773	25.154	0	2	8	20.103	2.003	NA	0.278	NA	180	-78.69
215	13	56	29.55	25.098	0	2	0	20.332	2.071	NA	0.229	NA	-165.964	14.036
216	13	57	29.439	24.987	0	2	8	20.49	2.196	NA	0.157	NA	-135	30.964
217	13	58	29.661	24.987	0	2	0	20.712	2.173	NA	0.223	NA	0	135
218	13	59	29.773	24.987	0	2	0	20.824	2.17	NA	0.111	NA	0	0
219	13	60	29.773	24.987	0	2	0	20.824	2.17	NA	0	NA	0	0
220	13	61	29.773	24.987	0	2	4	20.824	2.17	NA	0	NA	0	0
221	13	62	29.661	25.098	0	2	4	20.981	2.062	NA	0.157	NA	135	135
222	13	63	29.661	25.098	0	2	0	20.981	2.062	NA	0	NA	0	-135
223	13	64	29.494	25.042	0	2	0	21.157	2.133	NA	0.176	NA	-161.565	-161.565
224	13	65	29.939	24.931	0	2	0	21.616	2.232	NA	0.459	NA	-14.036	147.529
225	13	66	29.661	24.653	0	2	0	22.009	2.507	NA	0.394	NA	-135	-120.964
226	13	67	29.16	24.541	0	2	16.5	22.523	2.686	NA	0.513	NA	-167.471	-32.471
227	13	68	29.327	24.764	0	2	8	22.801	2.434	NA	0.278	NA	53.13	-139.399
228	13	69	29.049	24.541	0	2	8	23.157	2.714	NA	0.356	NA	-141.34	165.53
229	13	70	29.884	24.82	0	2	0	24.037	2.34	NA	0.88	NA	18.435	159.775
230	13	71	29.884	24.541	0	2	12.25	24.315	2.618	NA	0.278	NA	-90	-108.435
231	13	72	29.828	24.708	0	2	0	24.491	2.449	NA	0.176	NA	108.435	-161.565
232	13	73	30.051	24.653	0	2	8	24.721	2.52	NA	0.229	NA	-14.036	-122.471
233	13	74	29.939	24.653	0	2	0	24.832	2.51	NA	0.111	NA	180	-165.964
234	13	75	29.939	24.319	0	2	0	25.166	2.843	NA	0.334	NA	-90	90
235	13	76	29.884	24.987	0	2	0	25.836	2.173	NA	0.67	NA	94.764	-175.236
236	13	77	29.661	24.541	0	2	8.25	26.334	2.618	NA	0.498	NA	-116.565	148.671
237	13	78	29.55	24.597	0	2	0	26.458	2.57	NA	0.124	NA	153.435	-90
238	13	79	29.55	24.653	0	2	4	26.514	2.514	NA	0.056	NA	90	-63.435
239	13	80	29.272	24.43	0	2	0	26.87	2.772	NA	0.356	NA	-141.34	128.66
240	13	81	29.049	24.43	0	2	0	27.093	2.821	NA	0.223	NA	180	-38.66
241	14	1	28.771	25.988	0	2	16.25	0	0	NA	NA	NA	NA	NA
242	14	2	28.66	25.988	0	2	16.5	0.111	0.111	NA	0.111	NA	180	NA
243	14	3	28.882	26.044	0	2	24.5	0.341	0.124	NA	0.229	NA	14.036	-165.964
244	14	4	28.771	25.933	0	2	16.5	0.498	0.056	NA	0.157	NA	-135	-149.036
245	14	5	28.326	25.376	0	2	16.5	1.211	0.757	NA	0.713	NA	-128.66	6.34
246	14	6	28.381	25.599	0	2	33	1.44	0.551	NA	0.229	NA	75.964	-155.376
247	14	7	28.27	25.766	0	2	8	1.641	0.548	NA	0.201	NA	123.69	47.726
248	14	8	28.27	25.599	0	2	0	1.808	0.635	NA	0.167	NA	-90	146.31
249	14	9	28.047	25.599	0	2	33	2.03	0.822	NA	0.223	NA	180	-90
250	14	10	28.159	25.543	0	2	16	2.155	0.757	NA	0.124	NA	-26.565	153.435
251	14	11	27.157	24.82	0	2	16	3.391	1.993	NA	1.236	NA	-144.162	-117.597
252	14	12	27.046	24.82	0	2	0	3.502	2.084	NA	0.111	NA	180	-35.838
253	14	13	26.1	24.375	0	2	8	4.547	3.121	NA	1.046	NA	-154.799	25.201
254	14	14	25.766	24.43	0	2	4	4.886	3.385	NA	0.339	NA	170.538	-34.663
255	14	15	24.82	24.263	0	2	0	5.847	4.311	NA	0.961	NA	-169.992	19.47
256	14	16	24.152	24.263	0	2	49	6.514	4.931	NA	0.668	NA	180	-10.008
257	14	17	24.764	24.096	0	2	12	7.149	4.431	NA	0.635	NA	-15.255	164.745
258	14	18	24.875	24.263	0	2	8	7.349	4.26	NA	0.201	NA	56.31	71.565
259	14	19	25.599	24.375	0	2	0	8.081	3.559	NA	0.732	NA	8.746	-47.564
260	14	20	27.602	24.931	0	2	0	10.161	1.576	NA	2.079	NA	15.524	6.778
261	14	21	28.047	24.987	0	2	16.5	10.609	1.236	NA	0.449	NA	7.125	-8.399
262	14	22	28.047	24.931	0	2	33	10.665	1.281	NA	0.056	NA	-90	-97.125
263	14	23	27.713	24.987	0	2	0	11.003	1.456	NA	0.339	NA	170.538	-99.462
264	14	24	27.491	24.987	0	2	24.5	11.226	1.625	NA	0.223	NA	180	9.462
265	14	25	27.324	24.931	0	2	8	11.402	1.792	NA	0.176	NA	-161.565	18.435
266	14	26	26.99	24.764	0	2	4	11.775	2.161	NA	0.373	NA	-153.435	8.13
267	14	27	26.823	24.541	0	2	24.5	12.054	2.426	NA	0.278	NA	-126.87	26.565
268	14	28	27.491	24.875	0	2	8	12.8	1.696	NA	0.747	NA	26.565	153.435
269	14	29	27.992	25.321	0	2	16.25	13.47	1.026	NA	0.67	NA	41.634	15.068
270	14	30	28.437	25.265	0	2	24.5	13.919	0.797	NA	0.449	NA	-7.125	-48.759
271	14	31	28.66	25.321	0	2	12.25	14.148	0.677	NA	0.229	NA	14.036	21.161
272	14	32	29.661	25.543	0	2	0	15.175	0.995	NA	1.026	NA	12.529	-1.507
273	14	33	29.717	25.488	0	2	0	15.253	1.07	NA	0.079	NA	-45	-57.529
274	14	34	29.383	25.376	0	2	0	15.605	0.866	NA	0.352	NA	-161.565	-116.565
275	14	35	29.439	25.265	0	2	8	15.73	0.985	NA	0.124	NA	-63.435	98.13
276	14	36	29.995	25.432	0	2	0	16.311	1.345	NA	0.581	NA	16.699	80.134
277	14	37	29.717	25.098	0	2	8	16.745	1.299	NA	0.435	NA	-129.806	-146.505
278	14	38	29.216	25.321	0	2	4	17.293	0.803	NA	0.548	NA	156.038	-74.157
279	15	1	27.491	29.773	0	2	49.5	0	0	NA	NA	NA	NA	NA
280	15	2	27.101	29.884	0	2	28.5	0.405	0.405	NA	0.405	NA	164.055	NA
281	15	3	27.101	29.55	0	2	41	0.739	0.449	NA	0.334	NA	-90	105.945
282	15	4	27.547	29.828	0	2	24.5	1.264	0.079	NA	0.525	NA	32.005	122.005
283	15	5	27.157	29.606	0	2	33	1.713	0.373	NA	0.449	NA	-150.255	177.739
284	15	6	27.38	29.717	0	2	16	1.962	0.124	NA	0.249	NA	26.565	176.82
285	15	7	27.324	29.494	0	2	16	2.191	0.324	NA	0.229	NA	-104.036	-130.601
286	15	8	27.658	30.051	0	2	41	2.84	0.324	NA	0.649	NA	59.036	163.072
287	15	9	27.38	29.717	0	2	49	3.275	0.124	NA	0.435	NA	-129.806	171.158
288	15	10	27.324	29.717	0	2	24.5	3.33	0.176	NA	0.056	NA	180	-50.194
289	15	11	27.547	29.773	0	2	20.25	3.56	0.056	NA	0.229	NA	14.036	-165.964
290	15	12	27.435	29.717	0	2	16.5	3.684	0.079	NA	0.124	NA	-153.435	-167.471
291	15	13	27.713	29.661	0	2	41	3.968	0.249	NA	0.284	NA	-11.31	142.125
292	15	14	27.88	29.55	0	2	37	4.169	0.449	NA	0.201	NA	-33.69	-22.38
293	16	1	23.985	27.936	0	2	0	0	0	NA	NA	NA	NA	NA
294	16	2	25.71	27.936	0	2	33	1.725	1.725	NA	1.725	NA	0	NA
295	16	3	25.376	28.103	0	2	32.5	2.098	1.401	NA	0.373	NA	153.435	153.435
296	16	4	24.597	28.103	0	2	33	2.878	0.635	NA	0.779	NA	180	26.565
297	16	5	24.208	28.326	0	2	41	3.326	0.449	NA	0.449	NA	150.255	-29.745
298	16	6	24.096	28.047	0	2	16	3.626	0.157	NA	0.3	NA	-111.801	97.943
299	16	7	24.541	28.159	0	2	8	4.085	0.599	NA	0.459	NA	14.036	125.838
300	16	8	25.042	27.825	0	2	33	4.687	1.063	NA	0.602	NA	-33.69	-47.726
301	16	9	25.543	28.103	0	2	169.25	5.26	1.567	NA	0.573	NA	29.055	62.745
302	16	10	25.71	27.825	0	2	82	5.584	1.729	NA	0.324	NA	-59.036	-88.091
303	16	11	25.599	27.769	0	2	33	5.709	1.622	NA	0.124	NA	-153.435	-94.399
304	16	12	24.987	27.825	0	2	41	6.323	1.008	NA	0.615	NA	174.806	-31.759
305	16	13	25.098	27.658	0	2	4	6.524	1.147	NA	0.201	NA	-56.31	128.884
306	16	14	25.654	27.825	0	2	90.5	7.105	1.673	NA	0.581	NA	16.699	73.009
307	16	15	25.432	28.047	0	2	65.5	7.42	1.451	NA	0.315	NA	135	118.301
308	16	16	25.265	27.88	0	2	33	7.656	1.281	NA	0.236	NA	-135	90
309	16	17	25.599	27.713	0	2	82	8.029	1.629	NA	0.373	NA	-26.565	108.435
310	16	18	25.376	27.88	0	2	66	8.307	1.392	NA	0.278	NA	143.13	169.695
311	16	19	26.267	27.713	0	2	16	9.213	2.292	NA	0.906	NA	-10.62	-153.75
312	16	20	26.155	27.88	0	2	41	9.414	2.171	NA	0.201	NA	123.69	134.31
313	16	21	26.1	27.825	0	2	66	9.493	2.118	NA	0.079	NA	-135	101.31
314	16	22	26.1	27.602	0	2	82.5	9.715	2.141	NA	0.223	NA	-90	45
315	16	23	25.877	27.658	0	2	36.75	9.945	1.912	NA	0.229	NA	165.964	-104.036
316	16	24	26.211	27.491	0	2	41	10.318	2.27	NA	0.373	NA	-26.565	167.471
317	16	25	26.155	27.602	0	2	33	10.442	2.196	NA	0.124	NA	116.565	143.13
318	16	26	26.044	27.602	0	2	16	10.554	2.086	NA	0.111	NA	180	63.435
319	16	27	26.322	27.547	0	2	57.25	10.837	2.37	NA	0.284	NA	-11.31	168.69
320	16	28	26.6	28.047	0	2	16	11.41	2.618	NA	0.573	NA	60.945	72.255
321	16	29	26.434	27.88	0	2	24.5	11.647	2.449	NA	0.236	NA	-135	164.055
322	16	30	26.211	27.713	0	2	24.5	11.925	2.237	NA	0.278	NA	-143.13	-8.13
323	16	31	26.211	27.435	0	2	36.75	12.203	2.282	NA	0.278	NA	-90	53.13
324	16	32	26.044	27.491	0	2	33	12.379	2.107	NA	0.176	NA	161.565	-108.435
325	16	33	26.378	27.435	0	2	41	12.718	2.445	NA	0.339	NA	-9.462	-171.027
326	16	34	26.322	27.435	0	2	45.25	12.773	2.39	NA	0.056	NA	180	-170.538
327	16	35	26.434	27.491	0	2	24.5	12.898	2.489	NA	0.124	NA	26.565	-153.435
328	16	36	26.378	27.38	0	2	33	13.022	2.457	NA	0.124	NA	-116.565	-143.13
329	16	37	26.378	27.547	0	2	16.5	13.189	2.424	NA	0.167	NA	90	-153.435
330	16	38	26.378	27.602	0	2	82	13.245	2.416	NA	0.056	NA	90	0
331	16	39	26.434	27.38	0	2	41	13.474	2.511	NA	0.229	NA	-75.964	-165.964
332	16	40	26.044	27.658	0	2	32.5	13.953	2.078	NA	0.479	NA	144.462	-139.574
333	16	41	25.265	28.103	0	2	24.5	14.85	1.291	NA	0.897	NA	150.255	5.793
334	16	42	25.376	28.159	0	2	33	14.975	1.409	NA	0.124	NA	26.565	-123.69
335	16	43	25.432	27.769	0	2	20.5	15.368	1.456	NA	0.394	NA	-81.87	-108.435
336	16	44	25.488	27.435	0	2	32.5	15.707	1.584	NA	0.339	NA	-80.538	1.332
337	16	46	25.321	27.157	0	2	65.5	16.031	1.546	NA	0.324	NA	-120.964	-40.426
338	16	47	25.154	27.658	0	2	32.5	16.559	1.201	NA	0.528	NA	108.435	-130.601
339	16	48	24.597	27.769	0	2	24.5	17.126	0.635	NA	0.568	NA	168.69	60.255
340	16	49	24.319	27.658	0	2	33	17.426	0.435	NA	0.3	NA	-158.199	33.111
341	16	50	23.484	27.936	0	2	16	18.306	0.501	NA	0.88	NA	161.565	-40.236
342	17	1	24.263	23.373	0	2	0	0	0	NA	NA	NA	NA	NA
343	17	2	25.154	23.595	0	2	0	0.918	0.918	NA	0.918	NA	14.036	NA
344	17	3	25.432	23.707	0	2	16.5	1.217	1.215	NA	0.3	NA	21.801	7.765
345	17	4	25.766	23.985	0	2	8.25	1.652	1.622	NA	0.435	NA	39.806	18.004
346	17	5	26.211	24.041	0	2	24.5	2.101	2.059	NA	0.449	NA	7.125	-32.681
347	17	6	27.268	24.653	0	2	8	3.323	3.266	NA	1.222	NA	30.069	22.944
348	17	7	27.268	24.653	0	2	8	3.323	3.266	NA	0	NA	0	-30.069
349	17	8	26.934	24.486	0	2	16	3.696	2.894	NA	0.373	NA	-153.435	-153.435
350	17	9	27.101	24.486	0	2	0	3.863	3.049	NA	0.167	NA	0	153.435
351	17	10	27.547	24.875	0	2	8.25	4.454	3.611	NA	0.592	NA	41.186	41.186
352	17	11	27.602	24.597	0	2	0	4.738	3.556	NA	0.284	NA	-78.69	-119.876
353	17	12	27.324	24.597	0	2	8	5.016	3.297	NA	0.278	NA	180	-101.31
354	17	13	26.823	24.597	0	2	0	5.517	2.838	NA	0.501	NA	180	0
355	17	14	26.267	24.486	0	2	16	6.085	2.292	NA	0.568	NA	-168.69	11.31
356	17	15	26.656	24.375	0	2	16.5	6.49	2.594	NA	0.405	NA	-15.945	152.745
357	17	16	26.434	24.319	0	2	12	6.719	2.368	NA	0.229	NA	-165.964	-150.018
358	17	17	26.211	24.263	0	2	16	6.949	2.142	NA	0.229	NA	-165.964	0
359	17	18	26.155	24.208	0	2	8	7.027	2.068	NA	0.079	NA	-135	30.964
360	17	19	26.044	24.319	0	2	16	7.185	2.016	NA	0.157	NA	135	-90
361	17	20	26.1	24.263	0	2	0	7.264	2.041	NA	0.079	NA	-45	-180
362	17	21	26.155	24.541	0	2	8	7.547	2.224	NA	0.284	NA	78.69	123.69
363	17	22	26.044	24.375	0	2	16	7.748	2.043	NA	0.201	NA	-123.69	157.62
364	17	23	25.933	24.096	0	2	8	8.048	1.819	NA	0.3	NA	-111.801	11.889
365	17	24	25.933	24.208	0	2	8	8.159	1.867	NA	0.111	NA	90	-158.199
366	17	25	26.044	24.263	0	2	16	8.283	1.991	NA	0.124	NA	26.565	-63.435
367	17	26	26.712	24.208	0	2	16.5	8.953	2.587	NA	0.67	NA	-4.764	-31.329
368	17	27	27.435	24.375	0	2	0	9.696	3.326	NA	0.742	NA	12.995	17.758
369	17	28	26.879	23.929	0	2	16.5	10.409	2.674	NA	0.713	NA	-141.34	-154.335
370	17	29	27.324	24.208	0	2	8.25	10.934	3.173	NA	0.525	NA	32.005	173.346
371	17	30	27.324	24.375	0	2	8	11.101	3.22	NA	0.167	NA	90	57.995
372	17	31	27.602	24.096	0	2	0	11.494	3.416	NA	0.394	NA	-45	-135
373	17	32	27.38	24.152	0	2	0	11.724	3.212	NA	0.229	NA	165.964	-149.036
374	17	33	27.38	24.096	0	2	0	11.779	3.199	NA	0.056	NA	-90	104.036
375	17	34	27.435	24.208	0	2	0	11.904	3.28	NA	0.124	NA	63.435	153.435
376	17	35	27.268	24.152	0	2	0	12.08	3.104	NA	0.176	NA	-161.565	135
377	17	36	26.99	23.985	0	2	16.25	12.404	2.795	NA	0.324	NA	-149.036	12.529
378	17	37	27.101	24.096	0	2	20.25	12.561	2.929	NA	0.157	NA	45	-165.964
379	17	38	27.101	24.096	0	2	4	12.561	2.929	NA	0	NA	0	-45
380	17	39	27.157	24.096	0	2	16.5	12.617	2.983	NA	0.056	NA	0	0
381	17	40	26.934	23.707	0	2	0	13.066	2.692	NA	0.449	NA	-119.745	-119.745
382	17	41	26.656	23.818	0	2	8	13.365	2.434	NA	0.3	NA	158.199	-82.057
383	18	1	25.933	23.095	0	2	0	0	0	NA	NA	NA	NA	NA
384	18	2	24.597	22.538	0	2	8	1.447	1.447	NA	1.447	NA	-157.38	NA
385	18	3	23.206	22.594	0	2	0	2.839	2.772	NA	1.392	NA	177.709	-24.91
386	18	4	22.315	22.816	0	2	16.5	3.757	3.628	NA	0.918	NA	165.964	-11.746
387	18	5	21.481	23.15	0	2	16	4.656	4.452	NA	0.899	NA	158.199	-7.765
388	18	6	20.869	23.54	0	2	4	5.382	5.084	NA	0.726	NA	147.529	-10.67
389	18	7	20.869	23.595	0	2	0	5.437	5.089	NA	0.056	NA	90	-57.529
390	18	8	20.924	23.54	0	2	0	5.516	5.028	NA	0.079	NA	-45	-135
391	19	1	22.093	27.435	0	2	20.25	0	0	NA	NA	NA	NA	NA
392	19	2	22.093	27.435	0	2	8	0	0	NA	0	NA	0	NA
393	19	3	23.095	27.435	0	2	0	1.002	1.002	NA	1.002	NA	0	0
394	19	4	23.095	27.268	0	2	8	1.169	1.016	NA	0.167	NA	-90	-90
395	19	5	23.15	27.324	0	2	24.5	1.247	1.063	NA	0.079	NA	45	135
396	19	6	22.928	27.101	0	2	0	1.562	0.899	NA	0.315	NA	-135	-180
397	19	7	23.095	27.268	0	2	0	1.798	1.016	NA	0.236	NA	45	180
398	19	8	22.649	26.934	0	2	0	2.355	0.749	NA	0.556	NA	-143.13	171.87
399	19	9	23.484	27.157	0	2	16	3.219	1.419	NA	0.864	NA	14.931	158.062
400	19	10	23.039	27.324	0	2	8	3.694	0.953	NA	0.475	NA	159.444	144.513
401	19	11	23.874	27.268	0	2	8	4.531	1.789	NA	0.837	NA	-3.814	-163.258
402	20	1	23.484	26.767	0	2	16	0	0	NA	NA	NA	NA	NA
403	20	2	23.484	26.879	0	2	8	0.111	0.111	NA	0.111	NA	90	NA
404	20	3	23.206	26.879	0	2	24.25	0.39	0.3	NA	0.278	NA	180	90
405	20	4	23.54	26.545	0	2	12.25	0.862	0.229	NA	0.472	NA	-45	135
406	20	5	22.538	26.489	0	2	8	1.865	0.986	NA	1.003	NA	-176.82	-131.82
407	20	6	23.15	26.545	0	2	0	2.48	0.401	NA	0.615	NA	5.194	-177.985
408	20	7	22.872	26.489	0	2	16.5	2.763	0.672	NA	0.284	NA	-168.69	-173.884
409	20	8	22.761	26.211	0	2	12	3.063	0.913	NA	0.3	NA	-111.801	56.889
410	20	9	21.87	26.211	0	2	12	3.953	1.707	NA	0.89	NA	180	-68.199
411	20	10	21.87	26.211	0	2	28.75	3.953	1.707	NA	0	NA	0	-180
412	20	11	22.093	26.434	0	2	24.25	4.268	1.431	NA	0.315	NA	45	45
413	20	12	22.093	26.434	0	2	12.25	4.268	1.431	NA	0	NA	0	-45
414	20	13	21.815	26.211	0	2	8	4.625	1.76	NA	0.356	NA	-141.34	-141.34
415	20	14	21.926	26.378	0	2	0	4.825	1.606	NA	0.201	NA	56.31	-162.35
416	20	15	22.149	26.434	0	2	0	5.055	1.377	NA	0.229	NA	14.036	-42.274
417	20	16	21.926	26.434	0	2	8	5.277	1.594	NA	0.223	NA	180	165.964
418	20	17	21.926	26.211	0	2	24.5	5.5	1.655	NA	0.223	NA	-90	90
419	20	18	21.926	26.211	0	2	16.5	5.5	1.655	NA	0	NA	0	90
420	21	1	15.675	29.884	0	2	0	0	0	NA	NA	NA	NA	NA
421	21	2	15.786	29.995	0	2	6.667	0.157	0.157	NA	0.157	NA	45	NA
422	21	3	16.157	30.106	0	2	0	0.545	0.531	NA	0.387	NA	16.699	-28.301
423	21	4	16.046	29.847	0	2	0.444	0.827	0.373	NA	0.283	NA	-113.199	-129.898
424	21	5	16.083	29.847	0	2	0	0.864	0.41	NA	0.037	NA	0	113.199
425	21	6	16.083	29.81	0	2	0	0.901	0.415	NA	0.037	NA	-90	-90
426	21	7	16.083	29.884	0	2	4	0.976	0.408	NA	0.074	NA	90	180
427	21	8	16.38	29.81	0	2	4.889	1.282	0.709	NA	0.306	NA	-14.036	-104.036
428	21	9	16.046	29.847	0	2	0	1.618	0.373	NA	0.336	NA	173.66	-172.304
429	21	10	15.749	29.698	0	2	0	1.949	0.2	NA	0.332	NA	-153.435	32.905
430	21	11	15.897	29.698	0	2	11.556	2.098	0.29	NA	0.148	NA	0	153.435
431	21	12	15.897	29.587	0	2	0	2.209	0.371	NA	0.111	NA	-90	-90
432	21	13	15.86	29.661	0	2	0	2.292	0.29	NA	0.083	NA	116.565	-153.435
433	21	14	16.231	29.624	0	2	9.167	2.665	0.614	NA	0.373	NA	-5.711	-122.276
434	21	15	16.417	29.439	0	2	12	2.927	0.865	NA	0.262	NA	-45	-39.289
435	21	16	15.786	29.327	0	2	0	3.568	0.568	NA	0.64	NA	-169.992	-124.992
436	21	17	16.083	29.55	0	2	0	3.939	0.527	NA	0.371	NA	36.87	-153.138
437	21	18	16.083	29.661	0	2	0	4.05	0.465	NA	0.111	NA	90	53.13
438	21	19	15.6	29.513	0	2	11.556	4.555	0.378	NA	0.505	NA	-162.897	107.103
439	21	20	15.489	29.439	0	2	0	4.688	0.482	NA	0.134	NA	-146.31	16.587
440	21	21	15.526	29.29	0	2	0	4.841	0.612	NA	0.153	NA	-75.964	70.346
441	21	22	15.304	29.253	0	2	0	5.067	0.732	NA	0.226	NA	-170.538	-94.574
442	22	1	23.614	27.25	0	2	15.694	0	0	NA	NA	NA	NA	NA
443	22	2	25.358	26.471	0	2	40.25	1.91	1.91	NA	1.91	NA	-24.075	NA
444	22	3	24.987	26.063	0	2	9.333	2.461	1.815	NA	0.552	NA	-132.274	-108.198
445	22	4	24.653	25.951	0	2	23.083	2.813	1.663	NA	0.352	NA	-161.565	-29.291
446	22	5	24.096	25.729	0	2	2.75	3.413	1.596	NA	0.599	NA	-158.199	3.366
447	22	6	24.059	25.543	0	2	1.333	3.602	1.764	NA	0.189	NA	-101.31	56.889
448	22	7	24.319	25.692	0	2	25.833	3.901	1.71	NA	0.299	NA	29.745	131.055
449	22	8	26.434	26.137	0	2	58.667	6.062	3.031	NA	2.161	NA	11.889	-17.856
450	23	1	19.533	24.579	0	2	4.083	0	0	NA	NA	NA	NA	NA
451	23	2	20.238	24.245	0	2	25.139	0.78	0.78	NA	0.78	NA	-25.346	NA
452	23	3	20.164	24.133	0	2	2.667	0.914	0.772	NA	0.134	NA	-123.69	-98.344
453	23	4	20.127	23.911	0	2	13.333	1.139	0.893	NA	0.226	NA	-99.462	24.228
454	23	5	20.238	24.245	0	2	11.556	1.491	0.78	NA	0.352	NA	71.565	171.027
455	23	6	20.349	23.799	0	2	0	1.95	1.128	NA	0.459	NA	-75.964	-147.529
456	23	7	20.46	23.911	0	2	14.25	2.108	1.143	NA	0.157	NA	45	120.964
457	23	8	20.015	24.133	0	2	0	2.605	0.656	NA	0.498	NA	153.435	108.435
458	23	9	20.164	24.133	0	2	2.222	2.754	0.772	NA	0.148	NA	0	-153.435
459	23	10	20.238	24.208	0	2	1.333	2.859	0.797	NA	0.105	NA	45	45
460	23	11	20.423	24.133	0	2	0	3.059	0.995	NA	0.2	NA	-21.801	-66.801
461	23	12	20.164	24.356	0	2	2.222	3.401	0.669	NA	0.342	NA	139.399	161.2
462	23	13	19.607	23.911	0	2	11.556	4.113	0.672	NA	0.713	NA	-141.34	79.261
463	23	14	19.57	24.096	0	2	0	4.302	0.484	NA	0.189	NA	101.31	-117.35
464	23	15	19.125	24.133	0	2	11.111	4.749	0.604	NA	0.447	NA	175.236	73.926
465	23	16	19.162	23.725	0	2	2.222	5.159	0.93	NA	0.41	NA	-84.806	99.958
466	23	17	19.088	23.985	0	2	4	5.429	0.742	NA	0.27	NA	105.945	-169.249
467	23	18	19.162	23.391	0	2	13.778	6.027	1.244	NA	0.598	NA	-82.875	171.18
468	23	19	19.014	23.837	0	2	2.222	6.497	0.906	NA	0.469	NA	108.435	-168.69
469	23	20	19.273	23.354	0	2	13.333	7.044	1.252	NA	0.548	NA	-61.699	-170.134
470	23	21	19.014	24.022	0	2	0	7.761	0.761	NA	0.717	NA	111.251	172.95
471	23	22	19.385	23.28	0	2	2.222	8.59	1.307	NA	0.83	NA	-63.435	-174.685
472	24	1	21.759	27.509	0	2	9.333	0	0	NA	NA	NA	NA	NA
473	24	2	20.535	27.695	0	2	1.333	1.238	1.238	NA	1.238	NA	171.384	NA
474	24	3	19.236	27.843	0	2	11.556	2.545	2.545	NA	1.307	NA	173.48	2.096
475	24	4	17.307	28.511	0	2	0	4.587	4.563	NA	2.041	NA	160.907	-12.574
476	24	5	16.417	28.697	0	2	1.333	5.496	5.473	NA	0.91	NA	168.232	7.325
477	25	1	26.025	19.607	0	2	7.25	0	0	NA	NA	NA	NA	NA
478	25	2	25.803	19.83	0	2	5.361	0.315	0.315	NA	0.315	NA	135	NA
479	25	3	26.063	19.867	0	2	8	0.577	0.262	NA	0.262	NA	8.13	-126.87
480	25	4	26.063	19.904	0	2	0.444	0.614	0.299	NA	0.037	NA	90	81.87
481	25	5	25.84	19.422	0	2	6.667	1.145	0.262	NA	0.531	NA	-114.775	155.225
482	25	6	25.432	19.422	0	2	8	1.554	0.622	NA	0.408	NA	180	-65.225
483	25	7	25.617	19.385	0	2	13.333	1.743	0.465	NA	0.189	NA	-11.31	168.69
484	25	8	25.729	19.607	0	2	13.333	1.992	0.297	NA	0.249	NA	63.435	74.745
485	25	9	25.543	19.644	0	2	8	2.181	0.484	NA	0.189	NA	168.69	105.255
486	25	10	25.098	19.718	0	2	9.333	2.632	0.934	NA	0.451	NA	170.538	1.848
487	25	11	25.283	19.607	0	2	4.889	2.848	0.742	NA	0.216	NA	-30.964	158.499
488	25	12	25.246	19.681	0	2	18.833	2.931	0.783	NA	0.083	NA	116.565	147.529
489	25	13	25.061	19.607	0	2	22.5	3.131	0.965	NA	0.2	NA	-158.199	85.236
490	25	14	25.172	19.348	0	2	90.667	3.414	0.892	NA	0.283	NA	-66.801	91.397
491	25	15	25.246	19.273	0	2	73.833	3.519	0.848	NA	0.105	NA	-45	21.801
492	25	16	25.246	19.236	0	2	68.333	3.556	0.863	NA	0.037	NA	-90	-45
493	25	17	25.358	19.459	0	2	3.583	3.805	0.684	NA	0.249	NA	63.435	153.435
494	25	18	25.358	19.57	0	2	7.722	3.916	0.669	NA	0.111	NA	90	26.565
495	25	19	25.395	19.57	0	2	4.444	3.953	0.632	NA	0.037	NA	0	-90
496	25	20	25.469	19.533	0	2	9.417	4.036	0.561	NA	0.083	NA	-26.565	-26.565
497	25	21	25.469	19.496	0	2	13.333	4.073	0.568	NA	0.037	NA	-90	-63.435
498	25	22	25.395	19.385	0	2	0	4.207	0.669	NA	0.134	NA	-123.69	-33.69
499	25	23	25.321	19.051	0	2	30.167	4.549	0.898	NA	0.342	NA	-102.529	21.161
500	25	24	25.358	18.902	0	2	35.389	4.702	0.971	NA	0.153	NA	-75.964	26.565
501	25	25	24.987	18.865	0	2	32.75	5.075	1.277	NA	0.373	NA	-174.289	-98.326
502	25	26	24.541	19.014	0	2	23.083	5.544	1.598	NA	0.469	NA	161.565	-24.146
503	25	27	24.319	18.531	0	2	73.75	6.075	2.017	NA	0.531	NA	-114.775	83.66
504	25	28	24.875	18.123	0	2	6.667	6.765	1.877	NA	0.69	NA	-36.254	78.521
505	25	29	25.469	17.715	0	2	0	7.486	1.972	NA	0.72	NA	-34.509	1.745
506	25	30	26.025	17.418	0	2	16.5	8.116	2.189	NA	0.631	NA	-28.072	6.436
507	25	31	26.137	17.604	0	2	3.139	8.333	2.006	NA	0.216	NA	59.036	87.109
508	25	32	26.619	17.307	0	2	13.75	8.899	2.376	NA	0.566	NA	-31.608	-90.644
509	25	33	27.435	17.715	0	2	2.667	9.811	2.36	NA	0.913	NA	26.565	58.173
510	25	34	28.251	18.457	0	2	4.444	10.914	2.506	NA	1.103	NA	42.274	15.709
511	26	1	26.211	19.941	0	2	1.333	0	0	NA	NA	NA	NA	NA
512	26	2	24.764	20.127	0	2	21.75	1.459	1.459	NA	1.459	NA	172.694	NA
513	26	3	24.69	18.197	0	2	41	3.389	2.314	NA	1.931	NA	-92.203	95.103
514	26	4	25.84	17.641	0	2	6.667	4.667	2.33	NA	1.278	NA	-25.821	66.382
515	26	5	25.135	18.309	0	2	24.5	5.638	1.955	NA	0.971	NA	136.548	162.369
516	26	6	23.428	19.31	0	2	28.5	7.617	2.853	NA	1.979	NA	149.589	13.041
517	26	7	22.056	19.904	0	2	0	9.112	4.155	NA	1.496	NA	156.615	7.026
518	26	8	23.057	19.904	0	2	12.028	10.114	3.154	NA	1.002	NA	0	-156.615
519	27	1	43.091	16.825	0	2	0.444	0	0	NA	NA	NA	NA	NA
520	27	2	42.609	16.639	0	2	8	0.517	0.517	NA	0.517	NA	-158.962	NA
521	27	3	42.869	16.528	0	2	0	0.799	0.371	NA	0.283	NA	-23.199	135.764
522	27	4	42.312	16.454	0	2	0	1.361	0.863	NA	0.561	NA	-172.405	-149.207
523	27	5	42.127	16.231	0	2	6.667	1.65	1.133	NA	0.29	NA	-129.806	42.6
524	27	6	42.015	16.12	0	2	0	1.808	1.286	NA	0.157	NA	-135	-5.194
525	27	7	42.238	16.083	0	2	0	2.034	1.131	NA	0.226	NA	-9.462	125.538
526	27	8	40.865	15.675	0	2	0	3.466	2.506	NA	1.432	NA	-163.443	-153.981
527	27	9	39.641	15.304	0	2	1.333	4.745	3.771	NA	1.279	NA	-163.142	0.301
528	27	10	39.827	15.155	0	2	0	4.982	3.667	NA	0.238	NA	-38.66	124.482
529	27	11	39.567	15.304	0	2	0	5.282	3.839	NA	0.299	NA	150.255	-171.085
530	27	12	39.678	15.081	0	2	0	5.53	3.833	NA	0.249	NA	-63.435	146.31
531	27	13	39.715	15.118	0	2	13.778	5.583	3.783	NA	0.052	NA	45	108.435
532	27	14	39.752	15.081	0	2	0	5.635	3.767	NA	0.052	NA	-45	-90
533	27	15	39.604	14.933	0	2	0	5.845	3.968	NA	0.21	NA	-135	-90
534	28	1	34.67	20.794	0	2	0	0	0	NA	NA	NA	NA	NA
535	28	2	34.41	20.609	0	2	0	0.319	0.319	NA	0.319	NA	-144.462	NA
536	28	3	34.484	20.498	0	2	11.556	0.453	0.35	NA	0.134	NA	-56.31	88.152
537	28	4	34.41	20.423	0	2	1.333	0.558	0.453	NA	0.105	NA	-135	-78.69
538	28	5	34.521	20.349	0	2	0	0.692	0.469	NA	0.134	NA	-33.69	101.31
539	28	6	34.447	20.349	0	2	0	0.766	0.498	NA	0.074	NA	180	-146.31
540	28	7	34.262	20.423	0	2	0	0.966	0.552	NA	0.2	NA	158.199	-21.801
541	28	8	34.41	20.423	0	2	0	1.114	0.453	NA	0.148	NA	0	-158.199
542	28	9	34.447	20.46	0	2	6.667	1.166	0.401	NA	0.052	NA	45	45
543	28	10	34.373	20.275	0	2	0	1.366	0.598	NA	0.2	NA	-111.801	-156.801
544	28	11	34.336	20.46	0	2	1.333	1.555	0.472	NA	0.189	NA	101.31	-146.889
545	28	12	34.373	20.423	0	2	0	1.608	0.475	NA	0.052	NA	-45	-146.31
546	28	13	34.336	20.423	0	2	0	1.645	0.499	NA	0.037	NA	180	-135
547	28	14	34.373	20.127	0	2	25.139	1.944	0.731	NA	0.299	NA	-82.875	97.125
548	28	15	34.299	20.275	0	2	3.139	2.11	0.638	NA	0.166	NA	116.565	-160.56
549	28	16	34.373	20.052	0	2	0.444	2.345	0.799	NA	0.235	NA	-71.565	171.87
550	28	17	34.373	20.423	0	2	1.333	2.716	0.475	NA	0.371	NA	90	161.565
551	28	18	34.336	20.052	0	2	0	3.088	0.814	NA	0.373	NA	-95.711	174.289
552	28	19	34.41	20.052	0	2	0	3.163	0.786	NA	0.074	NA	0	95.711
553	28	20	34.336	20.201	0	2	0	3.329	0.681	NA	0.166	NA	116.565	116.565
554	28	21	34.262	19.867	0	2	6.667	3.671	1.013	NA	0.342	NA	-102.529	140.906
555	28	22	34.521	19.904	0	2	2.222	3.933	0.903	NA	0.262	NA	8.13	110.659
556	28	23	34.595	20.052	0	2	0	4.099	0.746	NA	0.166	NA	63.435	55.305
557	28	24	34.447	20.052	0	2	0	4.247	0.775	NA	0.148	NA	180	116.565
558	28	25	34.707	19.793	0	2	0	4.615	1.002	NA	0.367	NA	-45	135
559	28	26	34.521	20.015	0	2	0	4.904	0.793	NA	0.29	NA	129.806	174.806
560	28	27	34.484	19.867	0	2	0	5.057	0.946	NA	0.153	NA	-104.036	126.158
561	28	28	34.521	19.718	0	2	0	5.21	1.086	NA	0.153	NA	-75.964	28.072
562	28	29	34.521	19.718	0	2	0	5.21	1.086	NA	0	NA	0	75.964
563	28	30	34.595	19.867	0	2	0	5.376	0.93	NA	0.166	NA	63.435	63.435
564	28	31	34.484	19.681	0	2	13.778	5.592	1.128	NA	0.216	NA	-120.964	175.601
565	28	32	34.707	19.459	0	2	2.222	5.907	1.336	NA	0.315	NA	-45	75.964
566	28	33	34.818	19.496	0	2	0	6.025	1.307	NA	0.117	NA	18.435	63.435
567	28	34	34.855	19.681	0	2	2.222	6.214	1.128	NA	0.189	NA	78.69	60.255
568	28	35	34.966	19.422	0	2	0	6.496	1.404	NA	0.283	NA	-66.801	-145.491
569	28	36	34.744	19.459	0	2	2.222	6.722	1.338	NA	0.226	NA	170.538	-122.661
570	28	37	34.966	19.496	0	2	0	6.948	1.332	NA	0.226	NA	9.462	-161.075
571	28	38	34.595	19.57	0	2	0.444	7.326	1.227	NA	0.378	NA	168.69	159.228
572	28	39	34.707	19.57	0	2	0	7.437	1.225	NA	0.111	NA	0	-168.69
573	28	40	34.595	19.607	0	2	11.111	7.555	1.19	NA	0.117	NA	161.565	161.565
574	28	41	34.707	19.644	0	2	0	7.672	1.151	NA	0.117	NA	18.435	-143.13
575	28	42	34.595	19.273	0	2	0	8.059	1.523	NA	0.387	NA	-106.699	-125.134
576	28	43	34.595	19.533	0	2	1.333	8.319	1.264	NA	0.26	NA	90	-163.301
577	28	44	34.447	19.31	0	2	8	8.587	1.501	NA	0.268	NA	-123.69	146.31
578	28	45	34.187	19.422	0	2	0	8.869	1.455	NA	0.283	NA	156.801	-79.509
579	28	46	34.67	19.496	0	2	6.667	9.357	1.298	NA	0.488	NA	8.746	-148.055
580	28	47	34.039	19.459	0	2	0	9.989	1.477	NA	0.632	NA	-176.634	174.62
581	28	48	34.039	19.57	0	2	0	10.1	1.377	NA	0.111	NA	90	-93.366
582	28	49	34.039	19.57	0	2	0	10.1	1.377	NA	0	NA	0	-90
583	28	50	34.336	19.162	0	2	0	10.605	1.666	NA	0.505	NA	-53.973	-53.973
584	28	51	34.15	19.607	0	2	0	11.087	1.296	NA	0.482	NA	112.62	166.592
585	28	52	34.224	19.31	0	2	4	11.393	1.549	NA	0.306	NA	-75.964	171.416
586	28	53	34.262	19.31	0	2	6.667	11.43	1.539	NA	0.037	NA	0	75.964
587	28	54	34.113	19.199	0	2	4	11.616	1.69	NA	0.185	NA	-143.13	-143.13
588	28	55	34.633	19.348	0	2	2.667	12.156	1.447	NA	0.54	NA	15.945	159.075
589	28	56	34.187	19.348	0	2	0.444	12.601	1.525	NA	0.445	NA	180	164.055
590	28	57	34.187	19.273	0	2	11.111	12.675	1.596	NA	0.074	NA	-90	90
591	28	58	34.187	19.273	0	2	11.111	12.675	1.596	NA	0	NA	0	90
592	28	59	34.113	19.31	0	2	12	12.758	1.585	NA	0.083	NA	153.435	153.435
593	28	60	34.299	19.31	0	2	0	12.944	1.53	NA	0.185	NA	0	-153.435
594	28	61	34.039	19.088	0	2	0	13.286	1.819	NA	0.342	NA	-139.399	-139.399
595	28	62	34.15	19.088	0	2	0	13.397	1.784	NA	0.111	NA	0	139.399
596	28	63	34.15	19.088	0	2	0	13.397	1.784	NA	0	NA	0	0
597	28	64	34.224	19.31	0	2	0	13.632	1.549	NA	0.235	NA	71.565	71.565
598	28	65	34.076	19.348	0	2	0	13.785	1.564	NA	0.153	NA	165.964	94.399
599	28	66	34.039	19.273	0	2	11.111	13.867	1.647	NA	0.083	NA	-116.565	77.471
600	28	67	33.891	19.348	0	2	13.333	14.033	1.643	NA	0.166	NA	153.435	-90
601	28	68	33.891	19.348	0	2	0	14.033	1.643	NA	0	NA	0	-153.435
602	28	69	33.965	19.31	0	2	1.333	14.116	1.643	NA	0.083	NA	-26.565	-26.565
603	28	70	33.445	19.644	0	2	0	14.734	1.68	NA	0.617	NA	147.265	173.83
604	28	71	33	19.867	0	2	4	15.232	1.91	NA	0.498	NA	153.435	6.17
605	28	72	32.778	19.718	0	2	1.333	15.499	2.177	NA	0.268	NA	-146.31	60.255
606	28	73	32.889	18.791	0	2	0	16.433	2.68	NA	0.934	NA	-83.157	63.153
607	28	74	33.334	19.459	0	2	6.667	17.236	1.889	NA	0.803	NA	56.31	139.467
608	29	1	42.275	19.422	0	2	0	0	0	NA	NA	NA	NA	NA
609	29	2	42.386	19.533	0	2	0	0.157	0.157	NA	0.157	NA	45	NA
610	29	3	42.906	19.459	0	2	0	0.682	0.632	NA	0.525	NA	-8.13	-53.13
611	29	4	43.166	19.422	0	2	0	0.944	0.89	NA	0.262	NA	-8.13	0
612	29	5	43.314	18.865	0	2	0	1.52	1.178	NA	0.576	NA	-75.069	-66.938
613	29	6	43.462	18.457	0	2	0	1.955	1.53	NA	0.434	NA	-70.017	5.052
614	29	7	43.462	18.197	0	2	0	2.214	1.705	NA	0.26	NA	-90	-19.983
615	29	8	43.796	18.383	0	2	0	2.596	1.842	NA	0.382	NA	29.055	119.055
616	29	9	43.425	18.346	0	2	0	2.969	1.575	NA	0.373	NA	-174.289	156.656
617	29	10	43.648	18.457	0	2	0	3.218	1.678	NA	0.249	NA	26.565	-159.146
618	29	11	43.945	18.012	0	2	0	3.753	2.185	NA	0.535	NA	-56.31	-82.875
619	29	12	43.648	18.494	0	2	11.111	4.319	1.657	NA	0.566	NA	121.608	177.917
620	29	13	43.425	18.383	0	2	0	4.568	1.55	NA	0.249	NA	-153.435	84.958
621	29	14	42.832	18.012	0	2	0	5.268	1.516	NA	0.7	NA	-147.995	5.44
622	29	15	43.166	18.16	0	2	0	5.634	1.544	NA	0.365	NA	23.962	171.957
623	29	16	42.832	17.641	0	2	0	6.251	1.866	NA	0.617	NA	-122.735	-146.698
624	29	17	42.683	17.344	0	2	0	6.583	2.117	NA	0.332	NA	-116.565	6.17
625	29	18	42.795	17.418	0	2	4	6.717	2.07	NA	0.134	NA	33.69	150.255
626	29	19	42.609	17.418	0	2	0	6.902	2.031	NA	0.185	NA	180	146.31
627	29	20	42.683	17.418	0	2	0	6.976	2.045	NA	0.074	NA	0	-180
628	29	21	42.609	17.233	0	2	0	7.176	2.214	NA	0.2	NA	-111.801	-111.801
629	29	22	42.609	17.047	0	2	0	7.362	2.398	NA	0.185	NA	-90	21.801
630	29	23	42.312	17.01	0	2	0	7.661	2.412	NA	0.299	NA	-172.875	-82.875
631	29	24	42.275	17.01	0	2	0	7.698	2.411	NA	0.037	NA	180	-7.125
632	29	25	42.275	17.047	0	2	2.222	7.735	2.374	NA	0.037	NA	90	-90
633	29	26	42.238	17.084	0	2	0	7.787	2.338	NA	0.052	NA	135	45
634	29	27	42.053	16.825	0	2	0	8.107	2.607	NA	0.319	NA	-125.538	99.462
635	29	28	42.498	16.936	0	2	0	8.565	2.496	NA	0.459	NA	14.036	139.574
636	29	29	42.238	16.639	0	2	0	8.96	2.783	NA	0.394	NA	-131.186	-145.222
637	29	30	42.164	16.528	0	2	0	9.094	2.896	NA	0.134	NA	-123.69	7.496
638	29	31	42.312	16.676	0	2	2.222	9.303	2.746	NA	0.21	NA	45	168.69
639	29	32	41.793	16.157	0	2	0	10.038	3.3	NA	0.735	NA	-135	180
640	29	33	41.496	15.897	0	2	0	10.432	3.61	NA	0.394	NA	-138.814	-3.814
641	29	34	41.459	15.638	0	2	0	10.695	3.871	NA	0.262	NA	-98.13	40.684
642	29	35	41.385	15.452	0	2	0	10.894	4.068	NA	0.2	NA	-111.801	-13.671
643	29	36	41.496	15.489	0	2	2.222	11.012	4.009	NA	0.117	NA	18.435	130.236
644	29	37	41.719	15.675	0	2	0	11.302	3.788	NA	0.29	NA	39.806	21.371
645	29	38	41.459	15.638	0	2	0	11.564	3.871	NA	0.262	NA	-171.87	148.325
646	29	39	41.422	15.378	0	2	0	11.826	4.133	NA	0.262	NA	-98.13	73.74
647	29	40	41.236	15.118	0	2	0	12.145	4.427	NA	0.319	NA	-125.538	-27.408
648	29	41	41.385	15.155	0	2	0	12.298	4.358	NA	0.153	NA	14.036	139.574
649	29	42	41.385	15.155	0	2	0	12.298	4.358	NA	0	NA	0	-14.036
650	29	43	41.385	15.192	0	2	0	12.335	4.322	NA	0.037	NA	90	90
651	29	44	41.83	15.415	0	2	6.667	12.833	4.031	NA	0.498	NA	26.565	-63.435
652	29	45	42.053	16.157	0	2	0	13.608	3.272	NA	0.775	NA	73.301	46.736
653	29	46	42.127	16.194	0	2	0	13.691	3.231	NA	0.083	NA	26.565	-46.736
654	29	47	42.09	16.046	0	2	0	13.844	3.381	NA	0.153	NA	-104.036	-130.601
655	29	48	42.275	16.157	0	2	0	14.06	3.265	NA	0.216	NA	30.964	135
656	29	49	42.09	15.934	0	2	0	14.35	3.492	NA	0.29	NA	-129.806	-160.769
657	29	50	42.201	15.934	0	2	0	14.461	3.488	NA	0.111	NA	0	129.806
658	29	51	42.424	15.971	0	2	0	14.687	3.453	NA	0.226	NA	9.462	9.462
659	29	52	42.461	15.971	0	2	0	14.724	3.455	NA	0.037	NA	0	-9.462
660	29	53	42.275	15.675	0	2	0	15.074	3.747	NA	0.35	NA	-122.005	-122.005
661	29	54	42.275	15.897	0	2	0	15.297	3.524	NA	0.223	NA	90	-147.995
662	29	55	42.349	15.897	0	2	0	15.371	3.525	NA	0.074	NA	0	-90
663	29	56	42.09	15.897	0	2	0	15.63	3.529	NA	0.26	NA	180	180
664	29	57	42.127	15.712	0	2	2.667	15.82	3.713	NA	0.189	NA	-78.69	101.31
665	29	58	42.09	15.712	0	2	0	15.857	3.715	NA	0.037	NA	180	-101.31
666	29	59	41.719	15.341	0	2	0	16.381	4.119	NA	0.525	NA	-135	45
667	29	60	41.867	15.155	0	2	0	16.619	4.286	NA	0.238	NA	-51.34	83.66
668	29	61	42.386	14.933	0	2	0	17.184	4.49	NA	0.565	NA	-23.199	28.142
669	29	62	42.869	14.933	0	2	0	17.666	4.528	NA	0.482	NA	0	23.199
670	29	63	42.498	14.97	0	2	1.333	18.039	4.458	NA	0.373	NA	174.289	174.289
671	29	64	41.051	15.267	0	2	0	19.516	4.332	NA	1.477	NA	168.408	-5.882
672	29	65	40.902	15.007	0	2	0	19.815	4.623	NA	0.299	NA	-119.745	71.847
673	29	66	41.051	15.007	0	2	0	19.964	4.581	NA	0.148	NA	0	119.745
674	30	1	40.012	14.079	0	2	0	0	0	NA	NA	NA	NA	NA
675	30	2	39.938	13.894	0	2	0	0.2	0.2	NA	0.2	NA	-111.801	NA
676	30	3	39.159	12.632	0	2	0	1.682	1.68	NA	1.483	NA	-121.701	-9.9
677	30	4	37.118	11.223	0	2	6.667	4.163	4.066	NA	2.48	NA	-145.359	-23.658
678	30	5	37.081	11.223	0	2	0	4.2	4.093	NA	0.037	NA	180	-34.641
679	30	6	36.413	10.852	0	2	0	4.964	4.834	NA	0.764	NA	-150.945	29.055
680	30	7	36.784	10.963	0	2	4	5.351	4.487	NA	0.387	NA	16.699	167.645
681	30	8	36.673	10.889	0	2	0	5.485	4.618	NA	0.134	NA	-146.31	-163.009
682	30	9	36.525	10.852	0	2	0	5.638	4.752	NA	0.153	NA	-165.964	-19.654
683	30	10	37.823	11.705	0	2	2.222	7.191	3.229	NA	1.554	NA	33.311	-160.726
684	30	11	37.972	11.668	0	2	0	7.344	3.159	NA	0.153	NA	-14.036	-47.347
685	30	12	37.601	11.408	0	2	0	7.797	3.599	NA	0.453	NA	-145.008	-130.972
686	30	13	38.12	11.853	0	2	0	8.481	2.921	NA	0.684	NA	40.601	-174.391
687	30	14	38.528	11.668	0	2	0	8.93	2.832	NA	0.448	NA	-24.444	-65.045
688	31	1	37.749	27.509	0	2	0	0	0	NA	NA	NA	NA	NA
689	31	2	37.601	27.398	0	2	0	0.185	0.185	NA	0.185	NA	-143.13	NA
690	31	3	37.489	27.287	0	2	0	0.343	0.342	NA	0.157	NA	-135	8.13
691	31	4	37.415	27.398	0	2	0	0.477	0.352	NA	0.134	NA	123.69	-101.31
692	31	5	37.601	27.547	0	2	1.333	0.714	0.153	NA	0.238	NA	38.66	-85.03
693	31	6	37.86	27.398	0	2	0	1.013	0.157	NA	0.299	NA	-29.745	-68.405
694	31	7	37.415	27.176	0	2	0	1.511	0.472	NA	0.498	NA	-153.435	-123.69
695	31	8	37.081	27.176	0	2	0	1.845	0.747	NA	0.334	NA	180	-26.565
696	31	9	36.71	27.176	0	2	2.222	2.216	1.091	NA	0.371	NA	180	0
697	31	10	36.821	27.101	0	2	0	2.35	1.013	NA	0.134	NA	-33.69	146.31
698	31	11	36.784	27.101	0	2	0	2.387	1.047	NA	0.037	NA	180	-146.31
699	31	12	36.747	27.101	0	2	0	2.424	1.082	NA	0.037	NA	180	0
700	31	13	36.896	27.138	0	2	0	2.577	0.93	NA	0.153	NA	14.036	-165.964
701	31	14	36.784	27.138	0	2	0	2.688	1.033	NA	0.111	NA	180	165.964
702	31	15	36.599	26.99	0	2	0	2.926	1.262	NA	0.238	NA	-141.34	38.66
703	31	16	36.599	26.842	0	2	0	3.074	1.33	NA	0.148	NA	-90	51.34
704	31	17	36.636	26.842	0	2	0	3.111	1.298	NA	0.037	NA	0	90
705	31	18	36.636	26.842	0	2	0	3.111	1.298	NA	0	NA	0	0
706	31	19	36.896	26.916	0	2	0	3.381	1.039	NA	0.27	NA	15.945	15.945
707	31	20	36.821	26.953	0	2	0	3.464	1.082	NA	0.083	NA	153.435	137.49
708	31	21	36.673	27.138	0	2	0	3.702	1.138	NA	0.238	NA	128.66	-24.775
709	31	22	36.673	27.176	0	2	6.667	3.739	1.127	NA	0.037	NA	90	-38.66
710	31	23	36.71	27.176	0	2	0.444	3.776	1.091	NA	0.037	NA	0	-90
711	31	24	36.784	27.176	0	2	0	3.85	1.021	NA	0.074	NA	0	0
712	31	25	36.933	27.101	0	2	0	4.016	0.913	NA	0.166	NA	-26.565	-26.565
713	31	26	36.933	27.101	0	2	0	4.016	0.913	NA	0	NA	0	26.565
714	31	27	37.044	26.953	0	2	0	4.202	0.898	NA	0.185	NA	-53.13	-53.13
715	31	28	37.044	27.25	0	2	0	4.498	0.751	NA	0.297	NA	90	143.13
716	31	29	37.044	27.25	0	2	0	4.498	0.751	NA	0	NA	0	-90
717	31	30	37.044	27.213	0	2	6.667	4.536	0.765	NA	0.037	NA	-90	-90
718	31	31	37.044	27.213	0	2	0	4.536	0.765	NA	0	NA	0	90
719	31	32	37.007	27.176	0	2	1.333	4.588	0.814	NA	0.052	NA	-135	-135
720	31	33	36.784	27.101	0	2	0	4.823	1.047	NA	0.235	NA	-161.565	-26.565
721	31	34	37.118	26.953	0	2	0	5.188	0.841	NA	0.365	NA	-23.962	137.603
722	31	35	36.821	26.879	0	2	0	5.494	1.122	NA	0.306	NA	-165.964	-142.001
723	31	36	36.821	26.879	0	2	0	5.494	1.122	NA	0	NA	0	165.964
724	31	37	36.525	26.73	0	2	11.111	5.826	1.451	NA	0.332	NA	-153.435	-153.435
725	31	38	36.71	26.434	0	2	0	6.176	1.496	NA	0.35	NA	-57.995	95.44
726	31	39	36.376	26.434	0	2	0	6.51	1.744	NA	0.334	NA	180	-122.005
727	31	40	36.376	26.434	0	2	0	6.51	1.744	NA	0	NA	0	-180
728	31	41	36.376	26.508	0	2	0	6.584	1.699	NA	0.074	NA	90	90
729	31	42	36.228	26.434	0	2	0	6.75	1.863	NA	0.166	NA	-153.435	116.565
730	31	43	35.783	26.434	0	2	4	7.195	2.241	NA	0.445	NA	180	-26.565
731	31	44	35.671	26.582	0	2	0	7.381	2.275	NA	0.185	NA	126.87	-53.13
732	31	45	35.82	26.619	0	2	0	7.533	2.125	NA	0.153	NA	14.036	-112.834
733	31	46	35.783	26.619	0	2	6.667	7.571	2.158	NA	0.037	NA	180	165.964
734	31	47	35.783	26.619	0	2	0	7.571	2.158	NA	0	NA	0	-180
735	31	48	35.634	26.73	0	2	0	7.756	2.254	NA	0.185	NA	143.13	143.13
736	31	49	35.486	26.916	0	2	0	7.994	2.34	NA	0.238	NA	128.66	-14.47
737	31	50	35.449	27.176	0	2	0	8.256	2.324	NA	0.262	NA	98.13	-30.53
738	31	51	35.56	26.953	0	2	1.333	8.505	2.259	NA	0.249	NA	-63.435	-161.565
739	31	52	35.746	26.656	0	2	0	8.855	2.178	NA	0.35	NA	-57.995	5.44
740	31	53	35.56	26.656	0	2	0	9.04	2.349	NA	0.185	NA	180	-122.005
741	31	54	35.746	26.619	0	2	2.222	9.23	2.192	NA	0.189	NA	-11.31	168.69
742	32	1	36.71	23.206	0	2	0	0	0	NA	NA	NA	NA	NA
743	32	2	37.86	22.983	0	2	0	1.171	1.171	NA	1.171	NA	-10.954	NA
744	32	3	38.676	22.501	0	2	0	2.119	2.089	NA	0.948	NA	-30.579	-19.625
745	32	4	39.53	21.611	0	2	0	3.353	3.24	NA	1.233	NA	-46.219	-15.64
746	32	5	39.641	21.573	0	2	0	3.47	3.355	NA	0.117	NA	-18.435	27.784
747	32	6	40.049	21.425	0	2	0	3.904	3.784	NA	0.434	NA	-19.983	-1.548
748	32	7	39.938	21.907	0	2	11.111	4.399	3.479	NA	0.495	NA	102.995	122.978
749	32	8	41.83	20.46	0	2	0	6.781	5.809	NA	2.382	NA	-37.405	-140.4
750	32	9	42.312	20.72	0	2	0	7.329	6.129	NA	0.548	NA	28.301	65.706
751	32	10	42.535	20.98	0	2	0	7.671	6.236	NA	0.342	NA	49.399	21.098
752	32	11	42.832	20.869	0	2	0	7.988	6.552	NA	0.317	NA	-20.556	-69.955
753	32	12	43.425	20.98	0	2	0	8.592	7.074	NA	0.604	NA	10.62	31.176
754	32	13	43.982	21.648	0	2	0	9.461	7.437	NA	0.869	NA	50.194	39.575
755	33	1	32.37	20.72	0	2	4.583	0	0	NA	NA	NA	NA	NA
756	33	2	32.37	20.535	0	2	0	0.185	0.185	NA	0.185	NA	-90	NA
757	33	3	32.518	20.535	0	2	1.333	0.334	0.238	NA	0.148	NA	0	90
758	33	4	32.852	20.386	0	2	0	0.699	0.587	NA	0.365	NA	-23.962	-23.962
759	33	5	32.518	20.312	0	2	0	1.041	0.434	NA	0.342	NA	-167.471	-143.509
760	33	6	32.963	20.535	0	2	0	1.539	0.622	NA	0.498	NA	26.565	-165.964
761	33	7	32.666	20.349	0	2	0	1.889	0.475	NA	0.35	NA	-147.995	-174.56
762	33	8	32.889	20.386	0	2	0	2.115	0.617	NA	0.226	NA	9.462	157.457
763	33	9	32.889	20.312	0	2	0	2.189	0.661	NA	0.074	NA	-90	-99.462
764	33	10	32.926	20.757	0	2	0	2.636	0.558	NA	0.447	NA	85.236	175.236
765	33	11	33.037	20.423	0	2	0	2.988	0.731	NA	0.352	NA	-71.565	-156.801
766	33	12	33	20.275	0	2	6.667	3.141	0.772	NA	0.153	NA	-104.036	-32.471
767	33	13	32.74	20.275	0	2	11.111	3.4	0.58	NA	0.26	NA	180	-75.964
768	33	14	32.518	19.718	0	2	0.444	4	1.013	NA	0.599	NA	-111.801	68.199
769	33	15	33.111	19.867	0	2	4	4.612	1.131	NA	0.612	NA	14.036	125.838
770	33	16	32.963	20.052	0	2	0	4.849	0.893	NA	0.238	NA	128.66	114.624
771	33	17	33.149	20.238	0	2	11.111	5.111	0.916	NA	0.262	NA	45	-83.66
772	33	18	33.037	20.386	0	2	0	5.297	0.747	NA	0.185	NA	126.87	81.87
773	33	19	33.26	20.349	0	2	0	5.523	0.965	NA	0.226	NA	-9.462	-136.332
774	33	20	34.373	19.459	0	2	0	6.948	2.367	NA	1.425	NA	-38.66	-29.197
775	33	21	34.484	19.422	0	2	0	7.065	2.482	NA	0.117	NA	-18.435	20.225
776	33	22	34.373	19.57	0	2	0	7.251	2.31	NA	0.185	NA	126.87	145.305
777	33	23	34.15	19.57	0	2	0	7.473	2.12	NA	0.223	NA	180	53.13
778	33	24	33.891	19.496	0	2	0	7.743	1.953	NA	0.27	NA	-164.055	15.945
779	33	25	33.891	19.756	0	2	0	8.003	1.801	NA	0.26	NA	90	-105.945
780	33	26	33.853	19.348	0	2	0	8.413	2.022	NA	0.41	NA	-95.194	174.806
781	33	27	33.816	19.607	0	2	0	8.675	1.825	NA	0.262	NA	98.13	-166.675
782	33	28	33.816	19.607	0	2	0	8.675	1.825	NA	0	NA	0	-98.13
783	33	29	33.779	19.83	0	2	0	8.901	1.667	NA	0.226	NA	99.462	99.462
784	33	30	33.594	19.941	0	2	11.556	9.117	1.451	NA	0.216	NA	149.036	49.574
785	33	31	33.631	19.756	0	2	6.667	9.306	1.588	NA	0.189	NA	-78.69	132.274
786	33	32	33.705	19.496	0	2	13.333	9.576	1.812	NA	0.27	NA	-74.055	4.635
787	33	33	33.853	19.348	0	2	2.222	9.786	2.022	NA	0.21	NA	-45	29.055
788	33	34	33.891	19.162	0	2	0	9.976	2.178	NA	0.189	NA	-78.69	-33.69
789	34	1	25.395	17.715	0	2	9.028	0	0	NA	NA	NA	NA	NA
790	34	2	24.801	17.455	0	2	15.694	0.648	0.648	NA	0.648	NA	-156.371	NA
791	34	3	24.356	17.641	0	2	8	1.13	1.041	NA	0.482	NA	157.38	-46.249
792	34	4	24.653	17.418	0	2	8	1.501	0.799	NA	0.371	NA	-36.87	165.75
793	34	5	24.541	17.53	0	2	16.5	1.659	0.873	NA	0.157	NA	135	171.87
794	34	6	23.132	17.975	0	2	8	3.137	2.278	NA	1.478	NA	162.474	27.474
795	35	1	23.948	19.125	0	2	4.889	0	0	NA	NA	NA	NA	NA
796	35	2	24.059	19.273	0	2	27.361	0.185	0.185	NA	0.185	NA	53.13	NA
797	35	3	22.761	18.939	0	2	41	1.526	1.202	NA	1.341	NA	-165.579	141.291
798	35	4	21.054	19.348	0	2	2.222	3.281	2.902	NA	1.755	NA	166.551	-27.869
799	35	5	20.275	19.718	0	2	22.917	4.144	3.721	NA	0.863	NA	154.537	-12.015
800	35	6	20.052	19.57	0	2	2.222	4.411	3.921	NA	0.268	NA	-146.31	59.153
801	35	7	20.201	19.273	0	2	1.333	4.743	3.75	NA	0.332	NA	-63.435	82.875
802	35	8	19.681	19.422	0	2	0	5.283	4.277	NA	0.54	NA	164.055	-132.51
803	35	9	19.904	19.459	0	2	0.444	5.509	4.058	NA	0.226	NA	9.462	-154.592
804	35	10	19.459	19.348	0	2	11.111	5.968	4.495	NA	0.459	NA	-165.964	-175.426
805	35	11	19.756	19.57	0	2	14.667	6.339	4.216	NA	0.371	NA	36.87	-157.166
806	36	1	36.089	28.715	0	2	0	0	0	NA	NA	NA	NA	NA
807	36	2	36.2	28.52	0	2	0	0.224	0.224	NA	0.224	NA	-60.255	NA
808	36	3	36.061	28.604	0	2	16	0.387	0.115	NA	0.162	NA	149.036	-150.709
809	36	4	35.95	28.409	0	2	0	0.611	0.336	NA	0.224	NA	-119.745	91.219
810	36	5	35.337	28.771	0	2	4	1.322	0.753	NA	0.711	NA	149.421	-90.834
811	36	6	35.477	28.66	0	2	2	1.5	0.615	NA	0.178	NA	-38.66	171.919
812	36	7	35.755	28.548	0	2	0	1.8	0.373	NA	0.3	NA	-21.801	16.858
813	36	8	36.005	28.52	0	2	0	2.052	0.212	NA	0.252	NA	-6.34	15.461
814	36	9	35.977	28.298	0	2	0	2.276	0.432	NA	0.224	NA	-97.125	-90.785
815	36	10	36.005	28.437	0	2	4	2.418	0.29	NA	0.142	NA	78.69	175.815
816	36	11	35.977	28.632	0	2	0	2.615	0.139	NA	0.197	NA	98.13	19.44
817	36	12	35.838	28.548	0	2	0	2.777	0.301	NA	0.162	NA	-149.036	112.834
818	36	13	35.477	28.298	0	2	0	3.217	0.741	NA	0.44	NA	-145.305	3.731
819	37	1	38.955	28.326	0	2	0	0	0	NA	NA	NA	NA	NA
820	37	2	38.843	28.548	0	2	0	0.249	0.249	NA	0.249	NA	116.565	NA
821	37	3	38.816	28.437	0	2	0	0.364	0.178	NA	0.115	NA	-104.036	139.399
822	37	4	38.76	28.493	0	2	0	0.442	0.257	NA	0.079	NA	135	-120.964
823	37	5	38.816	28.131	0	2	0	0.808	0.239	NA	0.366	NA	-81.254	143.746
824	37	6	38.621	28.02	0	2	4	1.033	0.453	NA	0.224	NA	-150.255	-69.001
825	37	7	38.621	28.047	0	2	0	1.06	0.435	NA	0.028	NA	90	-119.745
826	37	8	38.704	28.103	0	2	0	1.161	0.335	NA	0.1	NA	33.69	-56.31
827	37	9	38.704	28.214	0	2	0	1.272	0.274	NA	0.111	NA	90	56.31
828	37	10	39.094	28.187	0	2	1	1.663	0.197	NA	0.391	NA	-4.086	-94.086
829	37	11	38.704	28.103	0	2	2	2.061	0.335	NA	0.398	NA	-167.905	-163.82
830	37	12	38.537	27.908	0	2	0	2.318	0.59	NA	0.257	NA	-130.601	37.304
831	37	13	38.816	27.964	0	2	0	2.601	0.388	NA	0.284	NA	11.31	141.911
832	37	14	38.704	27.964	0	2	0	2.713	0.44	NA	0.111	NA	180	168.69
833	37	15	38.51	27.797	0	2	4	2.969	0.691	NA	0.257	NA	-139.399	40.601
834	37	16	38.649	27.741	0	2	0	3.119	0.66	NA	0.15	NA	-21.801	117.597
835	37	17	39.066	28.047	0	2	0	3.637	0.3	NA	0.518	NA	36.254	58.055
836	37	18	38.537	27.853	0	2	6.188	4.2	0.631	NA	0.563	NA	-159.775	163.971
837	37	19	38.259	27.936	0	2	0	4.49	0.797	NA	0.29	NA	163.301	-36.924
838	37	20	38.203	27.88	0	2	0	4.569	0.873	NA	0.079	NA	-135	61.699
839	37	21	38.398	27.88	0	2	0	4.764	0.713	NA	0.195	NA	0	135
840	37	22	38.092	27.797	0	2	3	5.081	1.012	NA	0.317	NA	-164.745	-164.745
841	37	23	38.036	27.602	0	2	0	5.284	1.169	NA	0.203	NA	-105.945	58.799
842	37	24	37.87	27.602	0	2	0	5.451	1.304	NA	0.167	NA	180	-74.055
843	37	25	37.981	27.547	0	2	0	5.575	1.247	NA	0.124	NA	-26.565	153.435
844	37	26	38.064	27.463	0	2	0	5.693	1.24	NA	0.118	NA	-45	-18.435
845	37	27	37.647	27.463	0	2	0	6.111	1.567	NA	0.417	NA	180	-135
846	37	28	38.036	27.491	0	2	0	6.501	1.241	NA	0.391	NA	4.086	-175.914
847	38	1	41.515	30.023	0	2	0	0	0	NA	NA	NA	NA	NA
848	38	2	41.292	30.051	0	2	0	0.224	0.224	NA	0.224	NA	172.875	NA
849	38	3	41.292	29.995	0	2	0	0.28	0.224	NA	0.056	NA	-90	97.125
850	38	4	41.375	29.912	0	2	0	0.398	0.178	NA	0.118	NA	-45	45
851	38	5	41.32	29.884	0	2	0	0.46	0.239	NA	0.062	NA	-153.435	-108.435
852	38	6	41.181	29.856	0	2	0	0.602	0.373	NA	0.142	NA	-168.69	-15.255
853	38	7	41.153	29.745	0	2	0	0.717	0.456	NA	0.115	NA	-104.036	64.654
854	38	8	41.431	29.856	0	2	0	1.017	0.187	NA	0.3	NA	21.801	125.838
855	38	9	41.292	29.522	0	2	0	1.378	0.548	NA	0.362	NA	-112.62	-134.421
856	38	10	41.459	29.717	0	2	0	1.635	0.311	NA	0.257	NA	49.399	162.019
857	38	11	41.598	29.773	0	2	0	1.785	0.264	NA	0.15	NA	21.801	-27.597
858	38	12	41.932	29.884	0	2	0	2.137	0.44	NA	0.352	NA	18.435	-3.366
859	38	13	41.96	29.912	0	2	0	2.176	0.459	NA	0.039	NA	45	26.565
860	38	14	42.015	29.884	0	2	4	2.238	0.52	NA	0.062	NA	-26.565	-71.565
861	38	15	42.099	29.8	0	2	4	2.356	0.625	NA	0.118	NA	-45	-18.435
862	38	16	42.182	29.828	0	2	0	2.444	0.696	NA	0.088	NA	18.435	63.435
863	38	17	42.043	29.884	0	2	0	2.594	0.547	NA	0.15	NA	158.199	139.764
864	39	1	28.465	28.938	0	2	36.75	0	0	NA	NA	NA	NA	NA
865	39	2	28.52	28.854	0	2	22.312	0.1	0.1	NA	0.1	NA	-56.31	NA
866	39	3	28.632	28.966	0	2	37.688	0.258	0.169	NA	0.157	NA	45	101.31
867	39	4	28.493	28.799	0	2	53.5	0.475	0.142	NA	0.217	NA	-129.806	-174.806
868	39	5	28.326	28.91	0	2	16.375	0.676	0.142	NA	0.201	NA	146.31	-83.884
869	39	6	28.326	28.66	0	2	24.5	0.926	0.311	NA	0.25	NA	-90	123.69
870	39	7	28.66	28.938	0	2	41	1.361	0.195	NA	0.435	NA	39.806	129.806
871	39	8	28.687	29.021	0	2	31.875	1.449	0.238	NA	0.088	NA	71.565	31.759
872	39	9	28.52	28.687	0	2	50.438	1.822	0.257	NA	0.373	NA	-116.565	171.87
873	39	10	28.381	28.687	0	2	53.25	1.961	0.264	NA	0.139	NA	180	-63.435
874	39	11	28.437	29.021	0	2	28.875	2.3	0.088	NA	0.339	NA	80.538	-99.462
875	39	12	28.02	28.576	0	2	31.75	2.91	0.574	NA	0.61	NA	-133.152	146.31
876	39	13	26.072	28.854	0	2	12.375	4.877	2.394	NA	1.968	NA	171.87	-54.978
877	39	14	26.545	28.715	0	2	24.5	5.37	1.933	NA	0.493	NA	-16.39	171.741
878	39	15	27.964	28.604	0	2	16	6.794	0.602	NA	1.423	NA	-4.485	11.905
879	39	16	27.686	28.687	0	2	17.25	7.084	0.818	NA	0.29	NA	163.301	167.785
880	39	17	27.519	28.548	0	2	36.875	7.302	1.023	NA	0.217	NA	-140.194	56.505
881	39	18	27.658	28.437	0	2	24.5	7.48	0.95	NA	0.178	NA	-38.66	101.535
882	39	19	27.491	28.548	0	2	16	7.681	1.049	NA	0.201	NA	146.31	-175.03
883	39	20	27.741	28.576	0	2	39.188	7.933	0.809	NA	0.252	NA	6.34	-139.97
884	39	21	27.769	28.854	0	2	45.125	8.212	0.701	NA	0.28	NA	84.289	77.949
885	39	22	27.574	28.548	0	2	32.75	8.575	0.972	NA	0.363	NA	-122.471	153.239
886	39	23	27.658	28.576	0	2	14.375	8.663	0.884	NA	0.088	NA	18.435	140.906
887	39	24	27.63	28.576	0	2	15.188	8.691	0.91	NA	0.028	NA	180	161.565
888	39	25	28.103	28.465	0	2	30.875	9.177	0.595	NA	0.486	NA	-13.241	166.759
889	39	26	27.992	28.437	0	2	36.75	9.291	0.689	NA	0.115	NA	-165.964	-152.723
890	39	27	28.465	28.604	0	2	82.5	9.793	0.334	NA	0.502	NA	19.44	-174.596
891	39	28	28.326	28.632	0	2	42.875	9.935	0.336	NA	0.142	NA	168.69	149.25
892	39	29	28.187	28.604	0	2	36.75	10.077	0.435	NA	0.142	NA	-168.69	22.62
893	39	30	28.131	28.604	0	2	20.25	10.132	0.472	NA	0.056	NA	180	-11.31
894	39	31	28.159	28.548	0	2	16.5	10.195	0.495	NA	0.062	NA	-63.435	116.565
895	39	32	28.214	28.326	0	2	37	10.424	0.661	NA	0.229	NA	-75.964	-12.529
896	39	33	28.214	28.326	0	2	57.25	10.424	0.661	NA	0	NA	0	75.964
897	39	34	28.131	28.465	0	2	30.562	10.586	0.579	NA	0.162	NA	120.964	120.964
898	39	35	28.27	28.548	0	2	132	10.749	0.436	NA	0.162	NA	30.964	-90
899	39	36	28.02	28.409	0	2	33.938	11.035	0.691	NA	0.286	NA	-150.945	178.091
900	39	37	28.159	28.465	0	2	45	11.185	0.563	NA	0.15	NA	21.801	172.747
901	39	38	27.769	28.465	0	2	26.625	11.574	0.841	NA	0.39	NA	180	158.199
902	39	39	28.075	28.52	0	2	29.625	11.886	0.571	NA	0.311	NA	10.305	-169.695
903	39	40	27.797	28.604	0	2	12	12.176	0.747	NA	0.29	NA	163.301	152.996
904	39	41	27.574	28.465	0	2	18.188	12.439	1.008	NA	0.262	NA	-147.995	48.705
905	39	42	27.658	28.242	0	2	22.625	12.676	1.065	NA	0.238	NA	-69.444	78.551
