Nr	TID	PID	x [micron]	y [micron]	t [sec]	c [idx]	I [val]	Len [micron]	D2S [micron]	D2R [micron]	D2P [micron]	v [micron/sec]	? [deg]	?? [deg]
1	1	1	17.697	27.068	0	2	251.667	0	0	NA	NA	NA	NA	NA
2	1	2	17.67	26.878	0	2	255	0.192	0.192	NA	0.192	NA	-98.13	NA
3	1	3	17.642	26.878	0	2	254.417	0.219	0.198	NA	0.027	NA	180	-81.87
4	1	4	17.588	26.769	0	2	231.25	0.341	0.318	NA	0.121	NA	-116.565	63.435
5	1	5	17.588	26.742	0	2	242.5	0.368	0.344	NA	0.027	NA	-90	26.565
6	1	6	17.588	26.742	0	2	227.222	0.368	0.344	NA	0	NA	0	90
7	1	7	17.588	26.633	0	2	255	0.477	0.448	NA	0.109	NA	-90	-90
8	1	8	17.588	26.633	0	2	254.333	0.477	0.448	NA	0	NA	0	90
9	1	9	17.697	26.443	0	2	246.917	0.696	0.625	NA	0.219	NA	-60.255	-60.255
10	1	10	17.697	26.443	0	2	255	0.696	0.625	NA	0	NA	0	60.255
11	1	11	17.697	26.362	0	2	247.333	0.777	0.706	NA	0.081	NA	-90	-90
12	1	12	17.697	26.362	0	2	238.667	0.777	0.706	NA	0	NA	0	90
13	1	13	17.67	26.606	0	2	159.917	1.023	0.463	NA	0.246	NA	96.34	96.34
14	1	14	17.67	26.552	0	2	167.778	1.077	0.517	NA	0.054	NA	-90	173.66
15	1	15	17.67	26.552	0	2	180.417	1.077	0.517	NA	0	NA	0	90
16	1	16	17.67	26.47	0	2	243.667	1.159	0.598	NA	0.081	NA	-90	-90
17	1	17	17.67	26.498	0	2	239.083	1.186	0.571	NA	0.027	NA	90	180
18	1	18	17.67	26.498	0	2	197.361	1.186	0.571	NA	0	NA	0	-90
19	1	19	17.724	26.525	0	2	175	1.247	0.544	NA	0.061	NA	26.565	26.565
20	1	20	17.724	26.525	0	2	191.75	1.247	0.544	NA	0	NA	0	-26.565
21	1	21	17.67	26.525	0	2	231.25	1.301	0.544	NA	0.054	NA	180	180
22	1	22	17.67	26.525	0	2	183.167	1.301	0.544	NA	0	NA	0	-180
23	1	23	17.67	26.525	0	2	238.917	1.301	0.544	NA	0	NA	0	0
24	1	24	17.67	26.525	0	2	238.333	1.301	0.544	NA	0	NA	0	0
25	1	25	17.642	26.525	0	2	212.5	1.328	0.546	NA	0.027	NA	180	180
26	1	26	17.642	26.47	0	2	254.417	1.383	0.6	NA	0.054	NA	-90	90
27	1	27	17.588	26.335	0	2	238.333	1.529	0.741	NA	0.146	NA	-111.801	-21.801
28	1	28	17.588	26.335	0	2	238.333	1.529	0.741	NA	0	NA	0	111.801
29	1	29	17.561	26.498	0	2	217.083	1.694	0.586	NA	0.165	NA	99.462	99.462
30	1	30	17.561	26.498	0	2	254.417	1.694	0.586	NA	0	NA	0	-99.462
31	1	31	17.534	26.416	0	2	249.444	1.78	0.672	NA	0.086	NA	-108.435	-108.435
32	1	32	17.534	26.416	0	2	254.333	1.78	0.672	NA	0	NA	0	108.435
33	1	33	17.534	26.443	0	2	237.75	1.807	0.646	NA	0.027	NA	90	90
34	1	34	17.507	26.335	0	2	255	1.919	0.758	NA	0.112	NA	-104.036	165.964
35	1	35	17.452	26.226	0	2	255	2.041	0.877	NA	0.121	NA	-116.565	-12.529
36	1	36	17.507	26.307	0	2	255	2.138	0.784	NA	0.098	NA	56.31	172.875
37	1	37	17.507	26.389	0	2	191.528	2.22	0.705	NA	0.081	NA	90	33.69
38	1	38	17.507	26.389	0	2	255	2.22	0.705	NA	0	NA	0	-90
39	1	39	17.615	26.09	0	2	250.694	2.538	0.981	NA	0.318	NA	-70.017	-70.017
40	1	40	17.452	25.846	0	2	190.833	2.832	1.247	NA	0.294	NA	-123.69	-53.673
41	1	41	17.507	26.036	0	2	251.083	3.029	1.05	NA	0.198	NA	74.055	-162.255
42	1	42	17.697	26.253	0	2	247.417	3.318	0.815	NA	0.289	NA	48.814	-25.241
43	1	43	17.697	26.226	0	2	217.306	3.345	0.842	NA	0.027	NA	-90	-138.814
44	1	44	17.697	26.28	0	2	213.083	3.4	0.788	NA	0.054	NA	90	180
45	1	45	17.642	26.117	0	2	249	3.572	0.952	NA	0.172	NA	-108.435	161.565
46	1	46	17.642	26.28	0	2	255	3.734	0.79	NA	0.163	NA	90	-161.565
47	1	47	17.507	26.144	0	2	241.861	3.927	0.943	NA	0.192	NA	-135	135
48	1	48	17.615	25.764	0	2	246.806	4.322	1.306	NA	0.395	NA	-74.055	60.945
49	1	49	17.724	25.764	0	2	255	4.431	1.304	NA	0.109	NA	0	74.055
50	1	50	17.724	25.737	0	2	248.167	4.458	1.331	NA	0.027	NA	-90	-90
51	1	51	17.887	25.628	0	2	255	4.654	1.452	NA	0.196	NA	-33.69	56.31
52	1	52	18.05	25.384	0	2	222.5	4.948	1.721	NA	0.294	NA	-56.31	-22.62
53	1	53	18.023	25.221	0	2	208.167	5.113	1.876	NA	0.165	NA	-99.462	-43.152
54	1	54	17.996	25.221	0	2	253	5.14	1.871	NA	0.027	NA	180	-80.538
55	1	55	18.104	25.194	0	2	243.667	5.252	1.918	NA	0.112	NA	-14.036	165.964
56	1	56	18.158	25.004	0	2	250.139	5.45	2.115	NA	0.198	NA	-74.055	-60.018
57	1	57	18.213	24.841	0	2	248.75	5.621	2.286	NA	0.172	NA	-71.565	2.49
58	1	58	18.267	24.705	0	2	246.944	5.768	2.431	NA	0.146	NA	-68.199	3.366
59	1	59	18.43	24.569	0	2	169.333	5.98	2.604	NA	0.212	NA	-39.806	28.393
60	1	60	18.131	24.379	0	2	230.667	6.334	2.724	NA	0.354	NA	-147.529	-107.723
61	1	61	18.457	24.406	0	2	173.25	6.661	2.768	NA	0.327	NA	4.764	152.292
62	1	62	18.294	24.46	0	2	152.833	6.833	2.675	NA	0.172	NA	161.565	156.801
63	1	63	18.131	24.868	0	2	244.417	7.272	2.243	NA	0.439	NA	111.801	-49.764
64	1	64	18.131	25.031	0	2	204	7.435	2.083	NA	0.163	NA	90	-21.801
65	1	65	17.968	24.759	0	2	228.083	7.752	2.325	NA	0.317	NA	-120.964	149.036
66	1	66	17.996	24.786	0	2	240.278	7.79	2.301	NA	0.038	NA	45	165.964
67	1	67	18.05	24.895	0	2	239	7.911	2.202	NA	0.121	NA	63.435	18.435
68	1	68	18.05	24.976	0	2	253.25	7.993	2.121	NA	0.081	NA	90	26.565
69	1	69	17.996	25.357	0	2	231.667	8.377	1.737	NA	0.384	NA	98.13	8.13
70	1	70	17.996	25.085	0	2	251.667	8.649	2.005	NA	0.272	NA	-90	171.87
71	1	71	17.941	25.221	0	2	230.667	8.795	1.863	NA	0.146	NA	111.801	-158.199
72	1	72	17.914	25.302	0	2	255	8.881	1.779	NA	0.086	NA	108.435	-3.366
73	1	73	17.914	25.302	0	2	231.25	8.881	1.779	NA	0	NA	0	-108.435
74	1	74	17.86	25.248	0	2	246.111	8.958	1.827	NA	0.077	NA	-135	-135
75	1	75	17.86	25.248	0	2	255	8.958	1.827	NA	0	NA	0	135
76	1	76	17.833	25.248	0	2	253.361	8.985	1.825	NA	0.027	NA	180	180
77	1	77	17.778	25.248	0	2	238.333	9.039	1.822	NA	0.054	NA	180	0
78	1	78	17.751	25.248	0	2	254.806	9.066	1.821	NA	0.027	NA	180	0
79	1	79	17.968	25.112	0	2	244.583	9.323	1.975	NA	0.256	NA	-32.005	147.995
80	1	80	17.724	25.139	0	2	255	9.569	1.929	NA	0.246	NA	173.66	-154.335
81	1	81	17.914	25.275	0	2	254.333	9.802	1.806	NA	0.234	NA	35.538	-138.122
82	2	1	15.85	23.265	0	2	224.75	0	0	NA	NA	NA	NA	NA
83	2	2	15.85	23.102	0	2	255	0.163	0.163	NA	0.163	NA	-90	NA
84	2	3	15.687	22.939	0	2	255	0.393	0.364	NA	0.23	NA	-135	-45
85	2	4	15.714	22.396	0	2	255	0.937	0.88	NA	0.544	NA	-87.138	47.862
86	2	5	15.659	21.663	0	2	255	1.673	1.614	NA	0.735	NA	-94.236	-7.099
87	2	6	16.203	20.902	0	2	255	2.607	2.389	NA	0.935	NA	-54.462	39.774
88	2	7	16.203	20.902	0	2	255	2.607	2.389	NA	0	NA	0	54.462
89	2	8	16.203	20.902	0	2	255	2.607	2.389	NA	0	NA	0	0
90	2	9	16.665	20.386	0	2	255	3.3	2.992	NA	0.693	NA	-48.18	-48.18
91	2	10	16.909	20.114	0	2	255	3.665	3.324	NA	0.365	NA	-48.013	0.167
92	2	11	17.507	19.788	0	2	193.972	4.346	3.852	NA	0.681	NA	-28.61	19.402
93	2	12	17.588	19.489	0	2	248.556	4.656	4.157	NA	0.31	NA	-74.745	-46.134
94	2	13	17.615	19.951	0	2	188	5.118	3.755	NA	0.463	NA	86.634	161.378
95	2	14	17.398	19.788	0	2	241.667	5.39	3.806	NA	0.272	NA	-143.13	130.236
96	2	15	17.452	19.788	0	2	215.5	5.444	3.828	NA	0.054	NA	0	143.13
97	2	16	17.452	19.489	0	2	237.222	5.743	4.102	NA	0.299	NA	-90	-90
98	2	17	17.507	19.489	0	2	245	5.797	4.123	NA	0.054	NA	0	90
99	2	18	17.805	19.435	0	2	234.75	6.101	4.3	NA	0.304	NA	-10.305	-10.305
100	2	19	18.023	19.327	0	2	249.444	6.344	4.498	NA	0.243	NA	-26.565	-16.26
101	2	20	18.158	19.299	0	2	197.222	6.483	4.589	NA	0.139	NA	-11.31	15.255
102	2	21	18.104	19.055	0	2	190.694	6.733	4.776	NA	0.25	NA	-102.529	-91.219
103	2	22	18.186	19.028	0	2	156.417	6.819	4.839	NA	0.086	NA	-18.435	84.094
104	2	23	18.186	19.028	0	2	210.583	6.819	4.839	NA	0	NA	0	18.435
105	2	24	18.131	19.028	0	2	215	6.873	4.813	NA	0.054	NA	180	180
106	2	25	18.457	19.245	0	2	178.917	7.265	4.792	NA	0.392	NA	33.69	-146.31
107	2	26	18.321	18.946	0	2	233	7.593	4.976	NA	0.328	NA	-114.444	-148.134
108	2	27	18.321	18.946	0	2	254.417	7.593	4.976	NA	0	NA	0	114.444
109	2	28	18.186	18.892	0	2	244.722	7.74	4.958	NA	0.146	NA	-158.199	-158.199
110	2	29	18.457	18.892	0	2	229.25	8.011	5.092	NA	0.272	NA	0	158.199
111	2	30	18.457	18.838	0	2	202.583	8.065	5.138	NA	0.054	NA	-90	-90
112	2	31	18.376	19.055	0	2	221.25	8.298	4.91	NA	0.232	NA	110.556	-159.444
113	2	32	18.376	19.055	0	2	194.167	8.298	4.91	NA	0	NA	0	-110.556
114	2	33	18.376	19.055	0	2	245	8.298	4.91	NA	0	NA	0	0
115	2	34	18.349	19.055	0	2	255	8.325	4.896	NA	0.027	NA	180	180
116	2	35	18.349	19.055	0	2	253.833	8.325	4.896	NA	0	NA	0	-180
117	2	36	18.24	18.919	0	2	247.417	8.499	4.96	NA	0.174	NA	-128.66	-128.66
118	2	37	18.403	18.756	0	2	95.528	8.729	5.182	NA	0.23	NA	-45	83.66
119	2	38	18.647	18.539	0	2	169.083	9.056	5.492	NA	0.327	NA	-41.634	3.366
120	2	39	18.756	18.81	0	2	105.944	9.349	5.319	NA	0.293	NA	68.199	109.832
121	2	40	18.756	18.457	0	2	55	9.702	5.618	NA	0.353	NA	-90	-158.199
122	2	41	18.675	18.756	0	2	107.667	10.012	5.321	NA	0.31	NA	105.255	-164.745
123	2	42	18.675	18.729	0	2	126.389	10.039	5.344	NA	0.027	NA	-90	164.745
124	2	43	18.702	19.028	0	2	53.5	10.339	5.108	NA	0.3	NA	84.806	174.806
125	3	1	18.566	18.267	0	2	44.389	0	0	NA	NA	NA	NA	NA
126	3	2	17.642	19.68	0	2	136	1.688	1.688	NA	1.688	NA	123.179	NA
127	3	3	17.018	20.793	0	2	170.194	2.965	2.963	NA	1.277	NA	119.291	-3.887
128	3	4	16.284	21.364	0	2	130.611	3.894	3.846	NA	0.929	NA	142.125	22.834
129	3	5	16.366	21.364	0	2	235.889	3.975	3.799	NA	0.081	NA	0	-142.125
130	3	6	16.013	21.581	0	2	245	4.39	4.183	NA	0.415	NA	148.392	148.392
131	3	7	15.985	21.581	0	2	244.861	4.417	4.2	NA	0.027	NA	180	31.608
132	3	8	15.985	21.581	0	2	247.083	4.417	4.2	NA	0	NA	0	-180
133	3	9	15.768	22.233	0	2	255	5.104	4.853	NA	0.687	NA	108.435	108.435
134	3	10	15.741	22.314	0	2	255	5.19	4.936	NA	0.086	NA	108.435	0
135	3	11	15.551	22.559	0	2	254.806	5.5	5.245	NA	0.31	NA	127.875	19.44
136	3	12	15.524	23.184	0	2	255	6.125	5.782	NA	0.625	NA	92.49	-35.385
137	3	13	15.632	23.537	0	2	255	6.495	6.031	NA	0.369	NA	72.897	-19.592
138	3	14	15.632	23.537	0	2	227.222	6.495	6.031	NA	0	NA	0	-72.897
139	3	15	15.632	23.999	0	2	225.167	6.956	6.439	NA	0.462	NA	90	90
140	3	16	15.442	24.189	0	2	171.333	7.225	6.695	NA	0.269	NA	135	45
141	3	17	15.524	24.162	0	2	215	7.311	6.633	NA	0.086	NA	-18.435	-153.435
142	3	18	15.524	24.162	0	2	175.25	7.311	6.633	NA	0	NA	0	18.435
143	3	19	15.632	24.162	0	2	126.5	7.42	6.584	NA	0.109	NA	0	0
144	3	20	15.578	24.623	0	2	97.278	7.885	7.023	NA	0.465	NA	96.71	96.71
145	4	1	18.783	19.924	0	2	103	0	0	NA	NA	NA	NA	NA
146	4	2	18.783	19.978	0	2	92.083	0.054	0.054	NA	0.054	NA	90	NA
147	4	3	18.729	19.897	0	2	151.444	0.152	0.061	NA	0.098	NA	-123.69	146.31
148	4	4	18.484	19.788	0	2	91.639	0.42	0.328	NA	0.268	NA	-156.038	-32.347
149	4	5	18.484	19.788	0	2	69.667	0.42	0.328	NA	0	NA	0	156.038
150	4	6	18.484	19.815	0	2	109.639	0.447	0.318	NA	0.027	NA	90	90
151	4	7	18.593	19.707	0	2	99.917	0.601	0.289	NA	0.154	NA	-45	-135
152	4	8	18.593	19.707	0	2	88.444	0.601	0.289	NA	0	NA	0	45
153	4	9	18.593	19.707	0	2	108.278	0.601	0.289	NA	0	NA	0	0
154	4	10	18.675	19.571	0	2	58.583	0.759	0.369	NA	0.158	NA	-59.036	-59.036
155	4	11	18.675	19.571	0	2	63.639	0.759	0.369	NA	0	NA	0	59.036
156	4	12	18.783	19.489	0	2	46.5	0.895	0.435	NA	0.136	NA	-36.87	-36.87
157	4	13	18.702	19.652	0	2	69.917	1.077	0.284	NA	0.182	NA	116.565	153.435
158	4	14	18.593	19.299	0	2	92.5	1.446	0.653	NA	0.369	NA	-107.103	136.332
159	4	15	18.865	19.435	0	2	78	1.75	0.496	NA	0.304	NA	26.565	133.668
160	4	16	18.865	19.136	0	2	65.75	2.049	0.792	NA	0.299	NA	-90	-116.565
161	4	17	18.946	19.299	0	2	49.25	2.231	0.646	NA	0.182	NA	63.435	153.435
162	4	18	19.082	19.055	0	2	83	2.511	0.919	NA	0.28	NA	-60.945	-124.38
163	4	19	19.354	19.136	0	2	21.583	2.794	0.973	NA	0.284	NA	16.699	77.645
164	4	20	19.055	19.028	0	2	52.25	3.112	0.937	NA	0.318	NA	-160.017	-176.716
165	4	21	19.245	19.109	0	2	49	3.319	0.937	NA	0.207	NA	23.199	-176.785
166	4	22	18.946	19.327	0	2	100.083	3.689	0.619	NA	0.369	NA	143.973	120.774
167	4	23	19.164	19.408	0	2	76.056	3.921	0.641	NA	0.232	NA	20.556	-123.417
168	4	24	19.001	19.299	0	2	25.694	4.117	0.661	NA	0.196	NA	-146.31	-166.866
169	4	25	19.055	19.381	0	2	97.194	4.215	0.607	NA	0.098	NA	56.31	-157.38
170	5	1	16.637	17.479	0	2	76.583	0	0	NA	NA	NA	NA	NA
171	5	2	16.637	17.479	0	2	49.25	0	0	NA	0	NA	0	NA
172	5	3	16.637	17.479	0	2	34.083	0	0	NA	0	NA	0	0
173	5	4	17.697	18.321	0	2	88.306	1.353	1.353	NA	1.353	NA	38.48	38.48
174	5	5	17.697	18.349	0	2	17.333	1.38	1.37	NA	0.027	NA	90	51.52
175	5	6	18.077	18.484	0	2	92.056	1.784	1.756	NA	0.404	NA	19.654	-70.346
176	5	7	18.24	18.403	0	2	83.917	1.966	1.85	NA	0.182	NA	-26.565	-46.219
177	5	8	18.403	18.294	0	2	75.417	2.162	1.945	NA	0.196	NA	-33.69	-7.125
178	5	9	16.828	17.996	0	2	68.333	3.766	0.55	NA	1.604	NA	-169.261	-135.571
179	5	10	16.828	17.561	0	2	90.5	4.2	0.207	NA	0.435	NA	-90	79.261
180	5	11	16.855	17.534	0	2	77.972	4.239	0.224	NA	0.038	NA	-45	45
181	5	12	16.99	17.534	0	2	91.667	4.375	0.357	NA	0.136	NA	0	45
182	5	13	16.963	17.371	0	2	54.639	4.54	0.344	NA	0.165	NA	-99.462	-99.462
183	5	14	17.316	17.534	0	2	43.75	4.929	0.681	NA	0.389	NA	24.775	124.237
184	5	15	17.018	17.425	0	2	73.361	5.247	0.384	NA	0.318	NA	-160.017	175.208
185	5	16	16.963	17.615	0	2	100.75	5.445	0.353	NA	0.198	NA	105.945	-94.038
186	5	17	17.588	18.267	0	2	62.722	6.347	1.235	NA	0.903	NA	46.219	-59.727
187	5	18	18.593	18.539	0	2	32.583	7.389	2.224	NA	1.041	NA	15.124	-31.095
188	5	19	18.566	18.43	0	2	67.944	7.501	2.15	NA	0.112	NA	-104.036	-119.16
189	5	20	18.43	18.403	0	2	66.889	7.639	2.017	NA	0.139	NA	-168.69	-64.654
190	5	21	18.104	18.43	0	2	71.806	7.966	1.748	NA	0.327	NA	175.236	-16.074
191	6	1	11.802	17.778	0	2	14.25	0	0	NA	NA	NA	NA	NA
192	6	2	11.721	17.778	0	2	2.667	0.081	0.081	NA	0.081	NA	180	NA
193	6	3	11.341	17.833	0	2	56.417	0.466	0.465	NA	0.384	NA	171.87	-8.13
194	6	4	11.368	17.697	0	2	54.75	0.604	0.442	NA	0.139	NA	-78.69	109.44
195	6	5	11.368	17.67	0	2	42.583	0.631	0.448	NA	0.027	NA	-90	-11.31
196	6	6	11.395	17.67	0	2	47.639	0.658	0.422	NA	0.027	NA	0	90
197	6	7	11.558	17.914	0	2	18.25	0.952	0.28	NA	0.294	NA	56.31	56.31
198	6	8	11.612	18.05	0	2	36.75	1.099	0.332	NA	0.146	NA	68.199	11.889
199	6	9	11.558	17.887	0	2	20.583	1.27	0.268	NA	0.172	NA	-108.435	-176.634
200	6	10	11.422	17.833	0	2	18.833	1.417	0.384	NA	0.146	NA	-158.199	-49.764
201	6	11	11.721	17.968	0	2	31.417	1.745	0.207	NA	0.328	NA	24.444	-177.357
202	6	12	11.775	17.398	0	2	45.25	2.318	0.381	NA	0.573	NA	-84.56	-109.004
203	6	13	11.476	18.077	0	2	40.833	3.06	0.442	NA	0.742	NA	113.749	-161.691
204	6	14	11.476	18.376	0	2	9.333	3.359	0.681	NA	0.299	NA	90	-23.749
205	6	15	10.743	19.028	0	2	18.75	4.34	1.638	NA	0.981	NA	138.366	48.366
206	6	16	10.906	18.783	0	2	20.583	4.634	1.347	NA	0.294	NA	-56.31	165.324
207	6	17	11.123	18.539	0	2	28.5	4.961	1.02	NA	0.327	NA	-48.366	7.943
208	6	18	11.802	17.724	0	2	54.75	6.021	0.054	NA	1.061	NA	-50.194	-1.828
209	6	19	12.699	17.996	0	2	30.167	6.958	0.922	NA	0.937	NA	16.858	67.053
210	6	20	12.998	18.104	0	2	0	7.276	1.239	NA	0.318	NA	19.983	3.125
211	6	21	13.106	17.996	0	2	65.111	7.43	1.322	NA	0.154	NA	-45	-64.983
212	6	22	13.269	17.479	0	2	9.333	7.971	1.497	NA	0.541	NA	-72.474	-27.474
213	6	23	13.785	17.425	0	2	63.75	8.49	2.014	NA	0.519	NA	-6.009	66.465
214	6	24	13.758	17.398	0	2	20.417	8.528	1.992	NA	0.038	NA	-135	-128.991
215	6	25	13.704	17.316	0	2	75.333	8.626	1.957	NA	0.098	NA	-123.69	11.31
216	6	26	13.541	17.452	0	2	81.5	8.838	1.769	NA	0.212	NA	140.194	-96.116
217	6	27	13.568	17.072	0	2	12.25	9.22	1.902	NA	0.381	NA	-85.914	133.891
218	6	28	13.731	17.208	0	2	35.667	9.432	2.011	NA	0.212	NA	39.806	125.72
219	6	29	13.731	17.072	0	2	16.25	9.568	2.054	NA	0.136	NA	-90	-129.806
220	6	30	14.193	16.963	0	2	12.306	10.042	2.525	NA	0.474	NA	-13.241	76.759
221	6	31	13.921	17.099	0	2	30.167	10.346	2.225	NA	0.304	NA	153.435	166.675
222	8	1	18.267	19.327	0	2	92.056	0	0	NA	NA	NA	NA	NA
223	8	2	18.05	19.843	0	2	37	0.56	0.56	NA	0.56	NA	112.834	NA
224	8	3	16.121	21.934	0	2	129.972	3.405	3.377	NA	2.845	NA	132.678	19.845
225	8	4	15.768	24.107	0	2	82.25	5.607	5.394	NA	2.202	NA	99.23	-33.449
226	8	5	15.85	24.27	0	2	70.083	5.789	5.503	NA	0.182	NA	63.435	-35.795
227	8	6	15.741	24.325	0	2	110	5.91	5.6	NA	0.121	NA	153.435	90
228	8	7	15.768	24.27	0	2	45.333	5.971	5.539	NA	0.061	NA	-63.435	143.13
229	8	8	15.741	24.27	0	2	31.278	5.998	5.552	NA	0.027	NA	180	-116.565
230	8	9	15.822	23.836	0	2	87.75	6.44	5.129	NA	0.442	NA	-79.38	100.62
231	8	10	16.284	22.26	0	2	161.806	8.082	3.541	NA	1.642	NA	-73.664	5.716
232	8	11	16.99	20.522	0	2	60.25	9.958	1.749	NA	1.876	NA	-67.891	5.773
233	8	12	16.882	20.467	0	2	43.194	10.08	1.795	NA	0.121	NA	-153.435	-85.544
234	8	13	16.909	20.983	0	2	123.75	10.597	2.142	NA	0.517	NA	86.987	-119.578
235	8	14	16.583	21.798	0	2	191.75	11.474	2.991	NA	0.878	NA	111.801	24.814
236	8	15	16.773	20.712	0	2	44.556	12.577	2.037	NA	1.103	NA	-80.074	168.125
237	9	1	15.279	16.99	0	2	20.5	0	0	NA	NA	NA	NA	NA
238	9	2	15.089	17.561	0	2	49.417	0.601	0.601	NA	0.601	NA	108.435	NA
239	9	3	14.926	18.593	0	2	40.722	1.646	1.641	NA	1.045	NA	98.973	-9.462
240	9	4	15.035	20.277	0	2	45.167	3.334	3.296	NA	1.688	NA	86.309	-12.664
241	9	5	15.524	21.744	0	2	90.667	4.88	4.76	NA	1.546	NA	71.565	-14.744
242	9	6	15.497	22.287	0	2	96.167	5.424	5.301	NA	0.544	NA	92.862	21.297
243	9	7	15.551	22.803	0	2	91.306	5.943	5.819	NA	0.519	NA	83.991	-8.871
244	9	8	15.632	22.477	0	2	152.056	6.279	5.498	NA	0.336	NA	-75.964	-159.955
245	9	9	15.632	22.26	0	2	67.417	6.496	5.281	NA	0.217	NA	-90	-14.036
246	9	10	15.632	22.287	0	2	177.333	6.523	5.309	NA	0.027	NA	90	180
247	9	11	15.388	22.994	0	2	18.361	7.271	6.004	NA	0.747	NA	109.093	19.093
248	9	12	15.388	23.564	0	2	48.556	7.841	6.574	NA	0.57	NA	90	-19.093
249	9	13	15.388	24.053	0	2	34.472	8.33	7.063	NA	0.489	NA	90	0
250	10	1	15.768	20.359	0	2	35.5	0	0	NA	NA	NA	NA	NA
251	10	2	15.795	21.146	0	2	52	0.788	0.788	NA	0.788	NA	88.025	NA
252	10	3	15.741	20.603	0	2	66.5	1.334	0.246	NA	0.546	NA	-95.711	176.264
253	10	4	15.306	20.196	0	2	55.917	1.93	0.49	NA	0.596	NA	-136.848	-41.137
254	10	5	15.171	19.408	0	2	71.611	2.729	1.123	NA	0.799	NA	-99.782	37.065
255	10	6	14.763	18.838	0	2	160.5	3.43	1.823	NA	0.701	NA	-125.538	-25.755
256	10	7	14.763	19.136	0	2	127.194	3.729	1.582	NA	0.299	NA	90	-144.462
257	10	8	14.79	19.462	0	2	104.25	4.056	1.327	NA	0.327	NA	85.236	-4.764
258	10	9	15.008	19.218	0	2	108.139	4.383	1.371	NA	0.327	NA	-48.366	-133.603
259	10	10	15.008	18.267	0	2	46.333	5.334	2.226	NA	0.951	NA	-90	-41.634
260	10	11	14.682	17.289	0	2	47.694	6.365	3.256	NA	1.031	NA	-108.435	-18.435
261	10	12	15.143	18.104	0	2	19.111	7.301	2.339	NA	0.937	NA	60.461	168.896
262	10	13	14.872	16.909	0	2	45.25	8.527	3.564	NA	1.226	NA	-102.804	-163.265
263	10	14	15.035	16.637	0	2	42.417	8.844	3.793	NA	0.317	NA	-59.036	43.768
264	10	15	14.899	16.23	0	2	92.167	9.273	4.219	NA	0.429	NA	-108.435	-49.399
265	10	16	14.899	16.23	0	2	47.694	9.273	4.219	NA	0	NA	0	108.435
266	10	17	14.899	16.23	0	2	37.444	9.273	4.219	NA	0	NA	0	0
267	10	18	14.899	17.398	0	2	23.083	10.441	3.086	NA	1.168	NA	90	90
268	10	19	14.872	18.376	0	2	45	11.419	2.176	NA	0.978	NA	91.591	1.591
269	10	20	15.198	19.435	0	2	86.5	12.528	1.086	NA	1.108	NA	72.897	-18.694
270	10	21	15.334	19.734	0	2	58.139	12.856	0.761	NA	0.328	NA	65.556	-7.341
271	10	22	15.198	19.598	0	2	119.5	13.048	0.951	NA	0.192	NA	-135	159.444
272	10	23	15.198	19.598	0	2	90.5	13.048	0.951	NA	0	NA	0	135
273	11	1	15.524	21.88	0	2	70	0	0	NA	NA	NA	NA	NA
274	11	2	15.524	21.88	0	2	45	0	0	NA	0	NA	0	NA
275	11	3	14.926	21.853	0	2	49.472	0.598	0.598	NA	0.598	NA	-177.397	-177.397
276	11	4	14.845	21.961	0	2	4.083	0.734	0.684	NA	0.136	NA	126.87	-55.733
277	11	5	15.035	22.179	0	2	28.583	1.023	0.573	NA	0.289	NA	48.814	-78.056
278	11	6	15.035	22.233	0	2	8	1.077	0.603	NA	0.054	NA	90	41.186
279	11	7	15.035	22.179	0	2	47.667	1.131	0.573	NA	0.054	NA	-90	-180
280	11	8	15.035	22.342	0	2	24.5	1.294	0.673	NA	0.163	NA	90	180
281	11	9	15.252	22.179	0	2	29.306	1.566	0.404	NA	0.272	NA	-36.87	-126.87
282	11	10	15.252	22.179	0	2	10.083	1.566	0.404	NA	0	NA	0	36.87
283	11	11	15.225	22.043	0	2	31.583	1.705	0.34	NA	0.139	NA	-101.31	-101.31
284	11	12	14.872	22.314	0	2	60.25	2.15	0.784	NA	0.446	NA	142.431	-116.259
285	11	13	14.845	23.401	0	2	32.389	3.237	1.666	NA	1.087	NA	91.432	-50.999
286	11	14	14.926	23.917	0	2	21.75	3.759	2.123	NA	0.522	NA	81.027	-10.405
287	11	15	14.6	23.374	0	2	2.222	4.393	1.756	NA	0.634	NA	-120.964	158.009
288	11	16	14.6	23.292	0	2	31.944	4.474	1.688	NA	0.081	NA	-90	30.964
289	11	17	14.437	22.939	0	2	0	4.863	1.517	NA	0.389	NA	-114.775	-24.775
290	11	18	14.654	23.265	0	2	37.083	5.255	1.635	NA	0.392	NA	56.31	171.085
291	11	19	14.682	23.292	0	2	27.361	5.294	1.644	NA	0.038	NA	45	-11.31
292	11	20	14.709	23.184	0	2	37	5.406	1.538	NA	0.112	NA	-75.964	-120.964
293	11	21	14.709	23.021	0	2	4	5.568	1.402	NA	0.163	NA	-90	-14.036
294	11	22	14.573	22.695	0	2	1.333	5.922	1.252	NA	0.353	NA	-112.62	-22.62
295	11	23	14.709	22.206	0	2	12.25	6.429	0.878	NA	0.507	NA	-74.476	38.144
296	11	24	14.519	22.532	0	2	31.583	6.806	1.198	NA	0.377	NA	120.256	-165.268
297	11	25	14.573	22.369	0	2	16.5	6.978	1.069	NA	0.172	NA	-71.565	168.179
298	11	26	15.035	22.477	0	2	54.583	7.453	0.772	NA	0.474	NA	13.241	84.806
299	11	27	15.089	21.744	0	2	6.278	8.188	0.455	NA	0.735	NA	-85.764	-99.004
300	11	28	15.143	21.663	0	2	31.556	8.286	0.438	NA	0.098	NA	-56.31	29.454
301	11	29	15.225	21.635	0	2	61.417	8.372	0.386	NA	0.086	NA	-18.435	37.875
302	11	30	15.469	21.119	0	2	52.556	8.943	0.763	NA	0.571	NA	-64.654	-46.219
303	11	31	15.171	21.282	0	2	32.861	9.283	0.694	NA	0.34	NA	151.39	-143.957
304	11	32	15.143	21.119	0	2	85.167	9.448	0.85	NA	0.165	NA	-99.462	109.148
305	11	33	15.143	20.929	0	2	39.333	9.639	1.024	NA	0.19	NA	-90	9.462
306	11	34	14.98	20.983	0	2	35.5	9.81	1.048	NA	0.172	NA	161.565	-108.435
307	11	35	15.415	20.956	0	2	32.528	10.246	0.93	NA	0.435	NA	-3.576	-165.141
308	11	36	15.415	20.956	0	2	10.083	10.246	0.93	NA	0	NA	0	3.576
309	11	37	15.334	21.364	0	2	30.639	10.661	0.55	NA	0.416	NA	101.31	101.31
310	11	38	15.388	21.146	0	2	27.25	10.885	0.746	NA	0.224	NA	-75.964	-177.274
311	12	1	10.2	18.539	0	2	13.75	0	0	NA	NA	NA	NA	NA
312	12	2	10.471	17.86	0	2	6.667	0.731	0.731	NA	0.731	NA	-68.199	NA
313	12	3	11.558	15.741	0	2	6.806	3.112	3.11	NA	2.381	NA	-62.85	5.348
314	12	4	12.563	14.654	0	2	20.722	4.593	4.547	NA	1.48	NA	-47.231	15.619
315	12	5	12.563	14.654	0	2	2.667	4.593	4.547	NA	0	NA	0	47.231
316	12	6	13.133	14.845	0	2	0	5.194	4.717	NA	0.601	NA	18.435	18.435
317	13	1	10.675	22.369	0	2	0	0	0	NA	NA	NA	NA	NA
318	13	2	11.694	20.983	0	2	12.25	1.719	1.719	NA	1.719	NA	-53.673	NA
319	13	3	12.142	19.557	0	2	49	3.214	3.171	NA	1.495	NA	-72.553	-18.88
320	14	1	14.709	17.153	0	2	16.25	0	0	NA	NA	NA	NA	NA
321	14	2	14.75	17.357	0	2	16	0.208	0.208	NA	0.208	NA	78.69	NA
322	14	3	12.794	19.394	0	2	0	3.032	2.948	NA	2.824	NA	133.831	55.141
323	14	4	11.734	21.065	0	2	16.5	5.01	4.914	NA	1.978	NA	122.381	-11.45
324	15	1	13.364	16.176	0	2	41	0	0	NA	NA	NA	NA	NA
325	15	2	12.916	16.502	0	2	28.75	0.554	0.554	NA	0.554	NA	143.973	NA
326	15	3	12.712	16.339	0	2	65.5	0.815	0.672	NA	0.261	NA	-141.34	74.687
327	15	4	12.835	16.298	0	2	16.5	0.944	0.544	NA	0.129	NA	-18.435	122.905
328	15	5	12.875	16.176	0	2	57.5	1.073	0.489	NA	0.129	NA	-71.565	-53.13
329	15	6	13.405	16.379	0	2	0	1.64	0.208	NA	0.568	NA	21.038	92.603
330	15	7	13.242	16.542	0	2	24.5	1.871	0.387	NA	0.23	NA	135	113.962
331	15	8	13.16	16.95	0	2	49.5	2.286	0.801	NA	0.416	NA	101.31	-33.69
332	15	9	13.242	17.113	0	2	33	2.468	0.945	NA	0.182	NA	63.435	-37.875
333	15	10	13.12	17.031	0	2	66	2.615	0.89	NA	0.147	NA	-146.31	150.255
334	15	11	13.405	17.194	0	2	57.5	2.944	1.019	NA	0.328	NA	29.745	176.055
335	15	12	13.283	17.642	0	2	0	3.408	1.469	NA	0.465	NA	105.255	75.51
336	15	13	12.998	16.99	0	2	24.5	4.12	0.894	NA	0.712	NA	-113.629	141.116
337	15	14	13.12	17.52	0	2	82	4.664	1.367	NA	0.544	NA	77.005	-169.365
338	15	15	13.405	17.316	0	2	49.5	5.014	1.142	NA	0.35	NA	-35.538	-112.543
339	15	16	13.69	17.602	0	2	82	5.417	1.463	NA	0.403	NA	45	80.538
340	15	17	13.649	17.072	0	2	69.75	5.949	0.941	NA	0.531	NA	-94.399	-139.399
341	15	18	13.894	17.316	0	2	24.5	6.294	1.258	NA	0.346	NA	45	139.399
342	15	19	14.057	17.031	0	2	66	6.623	1.101	NA	0.328	NA	-60.255	-105.255
343	15	20	14.179	17.398	0	2	57.5	7.009	1.469	NA	0.387	NA	71.565	131.82
344	15	21	14.342	17.357	0	2	33	7.177	1.534	NA	0.168	NA	-14.036	-85.601
345	15	22	14.22	17.479	0	2	49.25	7.35	1.56	NA	0.173	NA	135	149.036
346	15	23	14.138	16.787	0	2	24.5	8.048	0.986	NA	0.697	NA	-96.71	128.29
347	15	24	13.446	16.787	0	2	33	8.74	0.617	NA	0.693	NA	180	-83.29
348	15	25	13.69	17.031	0	2	16	9.086	0.916	NA	0.346	NA	45	-135
349	15	26	14.016	16.339	0	2	24.5	9.852	0.672	NA	0.766	NA	-64.799	-109.799
350	16	1	14.75	17.072	0	2	33	0	0	NA	NA	NA	NA	NA
351	16	2	14.627	17.316	0	2	28.5	0.273	0.273	NA	0.273	NA	116.565	NA
352	16	3	14.831	17.52	0	2	0	0.561	0.456	NA	0.288	NA	45	-71.565
353	16	4	14.546	17.194	0	2	41	0.995	0.238	NA	0.433	NA	-131.186	-176.186
354	16	5	14.709	17.52	0	2	41	1.359	0.45	NA	0.364	NA	63.435	-165.379
355	16	6	14.709	17.235	0	2	12.25	1.644	0.168	NA	0.285	NA	-90	-153.435
356	16	7	14.79	17.398	0	2	12	1.826	0.328	NA	0.182	NA	63.435	153.435
357	16	8	14.627	17.968	0	2	8	2.42	0.905	NA	0.593	NA	105.945	42.51
358	16	9	13.609	18.946	0	2	8	3.832	2.194	NA	1.412	NA	136.169	30.224
359	16	10	12.59	19.883	0	2	32.5	5.216	3.545	NA	1.384	NA	137.386	1.217
360	16	11	11.938	20.576	0	2	20.25	6.167	4.492	NA	0.951	NA	133.264	-4.122
361	16	12	11.164	21.676	0	2	0	7.512	5.836	NA	1.345	NA	125.134	-8.13
362	17	1	14.057	14.627	0	2	8	0	0	NA	NA	NA	NA	NA
363	17	2	12.549	15.442	0	2	8	1.714	1.714	NA	1.714	NA	151.607	NA
364	17	3	11.571	16.746	0	2	24.5	3.343	3.266	NA	1.63	NA	126.87	-24.737
365	17	4	10.797	18.62	0	2	4	5.371	5.154	NA	2.028	NA	112.443	-14.427
366	18	1	20.332	20.657	0	2	12	0	0	NA	NA	NA	NA	NA
367	18	2	20.128	21.146	0	2	24.5	0.53	0.53	NA	0.53	NA	112.62	NA
368	18	3	19.72	21.269	0	2	49	0.955	0.864	NA	0.425	NA	163.301	50.681
369	18	4	19.394	21.717	0	2	57.5	1.509	1.414	NA	0.554	NA	126.027	-37.273
370	18	5	19.15	22.369	0	2	57.5	2.205	2.08	NA	0.696	NA	110.556	-15.471
371	18	6	18.824	23.673	0	2	49	3.549	3.371	NA	1.344	NA	104.036	-6.52
372	18	7	18.131	24.325	0	2	152.75	4.501	4.276	NA	0.951	NA	136.736	32.699
373	19	1	18.865	16.461	0	2	16.5	0	0	NA	NA	NA	NA	NA
374	19	2	18.824	16.624	0	2	82	0.168	0.168	NA	0.168	NA	104.036	NA
375	19	3	18.824	16.542	0	2	0	0.249	0.091	NA	0.081	NA	-90	165.964
376	19	4	18.865	16.542	0	2	57.5	0.29	0.081	NA	0.041	NA	0	90
377	19	5	18.865	16.624	0	2	33	0.372	0.163	NA	0.081	NA	90	90
378	19	6	18.905	16.094	0	2	0	0.903	0.369	NA	0.531	NA	-85.601	-175.601
379	19	7	18.905	16.624	0	2	16	1.433	0.168	NA	0.53	NA	90	175.601
380	19	9	18.905	16.583	0	2	41	1.473	0.129	NA	0.041	NA	-90	-180
381	19	10	18.946	16.665	0	2	45	1.564	0.219	NA	0.091	NA	63.435	153.435
382	19	11	19.191	16.624	0	2	57.5	1.812	0.364	NA	0.248	NA	-9.462	-72.897
383	19	12	19.191	16.379	0	2	24.5	2.057	0.336	NA	0.244	NA	-90	-80.538
384	19	13	18.62	16.257	0	2	4	2.64	0.318	NA	0.583	NA	-167.905	-77.905
385	19	14	18.987	16.42	0	2	24.5	3.041	0.129	NA	0.401	NA	23.962	-168.132
386	19	15	18.62	16.542	0	2	16.5	3.428	0.258	NA	0.387	NA	161.565	137.603
387	19	16	18.783	16.339	0	2	28.75	3.689	0.147	NA	0.261	NA	-51.34	147.095
388	19	17	18.58	16.216	0	2	33	3.926	0.376	NA	0.238	NA	-149.036	-97.696
389	19	18	19.028	16.665	0	2	41	4.56	0.261	NA	0.634	NA	45	-165.964
390	19	19	18.865	16.868	0	2	49.5	4.821	0.407	NA	0.261	NA	128.66	83.66
391	19	20	19.028	16.95	0	2	49.5	5.003	0.515	NA	0.182	NA	26.565	-102.095
392	19	21	19.068	16.542	0	2	0	5.413	0.219	NA	0.409	NA	-84.289	-110.854
393	19	22	18.987	17.113	0	2	66	5.989	0.663	NA	0.576	NA	98.13	-177.58
394	19	23	19.15	17.072	0	2	24.5	6.157	0.674	NA	0.168	NA	-14.036	-112.166
395	19	24	18.742	17.276	0	2	33	6.613	0.824	NA	0.456	NA	153.435	167.471
396	19	25	18.946	17.072	0	2	16.25	6.901	0.617	NA	0.288	NA	-45	161.565
397	19	26	18.702	17.194	0	2	57.5	7.174	0.751	NA	0.273	NA	153.435	-161.565
398	19	27	19.028	16.909	0	2	12.25	7.607	0.477	NA	0.433	NA	-41.186	165.379
399	19	28	17.887	17.805	0	2	37	9.058	1.663	NA	1.451	NA	141.843	-176.971
400	19	29	18.376	17.357	0	2	8	9.721	1.021	NA	0.663	NA	-42.51	175.647
401	20	1	18.865	25.343	0	2	16	0	0	NA	NA	NA	NA	NA
402	20	2	19.109	25.343	0	2	16	0.244	0.244	NA	0.244	NA	0	NA
403	20	3	19.028	25.221	0	2	37	0.391	0.204	NA	0.147	NA	-123.69	-123.69
404	20	4	19.15	25.058	0	2	24.5	0.595	0.403	NA	0.204	NA	-53.13	70.56
405	20	5	19.109	24.528	0	2	41	1.126	0.851	NA	0.531	NA	-94.399	-41.269
406	20	6	18.987	24.487	0	2	49	1.255	0.864	NA	0.129	NA	-161.565	-67.166
407	20	7	19.15	24.487	0	2	65.5	1.418	0.902	NA	0.163	NA	0	161.565
408	20	8	19.028	24.365	0	2	16.5	1.591	0.991	NA	0.173	NA	-135	-135
409	20	9	19.15	24.162	0	2	41	1.829	1.216	NA	0.238	NA	-59.036	75.964
410	20	10	19.15	24.162	0	2	49	1.829	1.216	NA	0	NA	0	59.036
411	20	11	19.272	24.162	0	2	70	1.951	1.25	NA	0.122	NA	0	0
412	20	12	19.272	24.202	0	2	82	1.992	1.211	NA	0.041	NA	90	90
413	20	13	19.15	23.958	0	2	82	2.265	1.414	NA	0.273	NA	-116.565	153.435
414	20	14	19.191	23.958	0	2	82.5	2.306	1.423	NA	0.041	NA	0	116.565
415	20	15	19.191	23.958	0	2	57.5	2.306	1.423	NA	0	NA	0	0
416	20	16	19.15	24.039	0	2	33	2.397	1.335	NA	0.091	NA	116.565	116.565
417	20	17	19.272	23.917	0	2	49	2.57	1.483	NA	0.173	NA	-45	-161.565
418	20	18	19.231	23.917	0	2	41	2.61	1.472	NA	0.041	NA	180	-135
419	20	19	19.191	23.591	0	2	45	2.939	1.782	NA	0.328	NA	-97.125	82.875
420	20	20	19.231	23.469	0	2	33	3.068	1.91	NA	0.129	NA	-71.565	25.56
421	20	21	19.231	23.673	0	2	65.5	3.271	1.71	NA	0.204	NA	90	161.565
422	20	22	19.272	23.754	0	2	65.75	3.363	1.64	NA	0.091	NA	63.435	-26.565
423	20	23	19.15	23.55	0	2	82	3.6	1.815	NA	0.238	NA	-120.964	175.601
424	20	24	19.231	23.713	0	2	16	3.782	1.671	NA	0.182	NA	63.435	-175.601
425	20	25	19.394	23.632	0	2	49	3.965	1.791	NA	0.182	NA	-26.565	-90
426	20	26	19.231	23.713	0	2	82	4.147	1.671	NA	0.182	NA	153.435	180
427	20	27	19.231	23.713	0	2	16	4.147	1.671	NA	0	NA	0	-153.435
428	20	28	19.394	23.387	0	2	0	4.511	2.026	NA	0.364	NA	-63.435	-63.435
429	20	29	19.517	23.306	0	2	74	4.658	2.139	NA	0.147	NA	-33.69	29.745
430	20	30	19.68	23.143	0	2	41	4.889	2.346	NA	0.23	NA	-45	-11.31
431	20	31	19.761	22.898	0	2	32.5	5.146	2.604	NA	0.258	NA	-71.565	-26.565
432	20	32	19.435	23.428	0	2	8	5.768	1.998	NA	0.622	NA	121.608	-166.827
433	20	33	19.761	23.224	0	2	24.5	6.153	2.301	NA	0.384	NA	-32.005	-153.613
434	21	1	19.15	22.817	0	2	33	0	0	NA	NA	NA	NA	NA
435	21	2	18.987	23.387	0	2	33	0.593	0.593	NA	0.593	NA	105.945	NA
436	21	3	19.068	23.102	0	2	8	0.89	0.297	NA	0.297	NA	-74.055	-180
437	21	4	18.905	23.102	0	2	24.5	1.053	0.376	NA	0.163	NA	180	-105.945
438	21	5	19.028	23.306	0	2	24.5	1.29	0.504	NA	0.238	NA	59.036	-120.964
439	21	6	19.109	23.306	0	2	16.5	1.372	0.491	NA	0.081	NA	0	-59.036
440	21	7	19.517	22.613	0	2	16.25	2.176	0.419	NA	0.804	NA	-59.534	-59.534
441	21	8	19.313	23.021	0	2	32.5	2.631	0.261	NA	0.456	NA	116.565	176.1
442	22	1	19.965	20.576	0	2	24.5	0	0	NA	NA	NA	NA	NA
443	22	2	19.598	21.961	0	2	49	1.433	1.433	NA	1.433	NA	104.826	NA
444	22	3	19.598	21.961	0	2	37	1.433	1.433	NA	0	NA	0	-104.826
445	22	4	19.843	21.717	0	2	69.75	1.779	1.147	NA	0.346	NA	-45	-45
446	22	5	19.476	21.717	0	2	33	2.145	1.241	NA	0.367	NA	180	-135
447	22	6	19.557	21.717	0	2	24.5	2.227	1.211	NA	0.081	NA	0	-180
448	22	7	19.557	21.717	0	2	24.5	2.227	1.211	NA	0	NA	0	0
449	22	8	19.965	22.043	0	2	49.5	2.749	1.467	NA	0.522	NA	38.66	38.66
450	22	9	19.924	21.88	0	2	41	2.917	1.304	NA	0.168	NA	-104.036	-142.696
451	22	10	19.761	21.635	0	2	16.5	3.211	1.079	NA	0.294	NA	-123.69	-19.654
452	22	11	20.006	21.676	0	2	49.5	3.458	1.101	NA	0.248	NA	9.462	133.152
453	22	12	19.843	21.676	0	2	8	3.621	1.107	NA	0.163	NA	180	170.538
454	22	13	19.843	21.676	0	2	57.5	3.621	1.107	NA	0	NA	0	-180
455	22	14	19.843	21.676	0	2	57.5	3.621	1.107	NA	0	NA	0	0
456	22	15	19.557	22.735	0	2	16	4.718	2.198	NA	1.097	NA	105.068	105.068
457	22	16	19.965	22.572	0	2	49	5.157	1.996	NA	0.439	NA	-21.801	-126.87
458	22	17	19.598	22.939	0	2	69.75	5.676	2.391	NA	0.519	NA	135	156.801
459	22	18	19.802	22.695	0	2	16	5.994	2.125	NA	0.318	NA	-50.194	174.806
460	22	19	19.802	22.532	0	2	24.5	6.157	1.963	NA	0.163	NA	-90	-39.806
461	22	20	19.802	22.532	0	2	49.5	6.157	1.963	NA	0	NA	0	90
462	22	21	19.802	22.532	0	2	16	6.157	1.963	NA	0	NA	0	0
463	22	22	19.924	22.776	0	2	12	6.43	2.201	NA	0.273	NA	63.435	63.435
464	22	23	19.924	22.776	0	2	24.5	6.43	2.201	NA	0	NA	0	-63.435
465	22	24	19.965	22.532	0	2	41	6.678	1.956	NA	0.248	NA	-80.538	-80.538
466	22	25	19.965	22.532	0	2	16	6.678	1.956	NA	0	NA	0	80.538
467	22	26	19.965	22.41	0	2	16	6.8	1.834	NA	0.122	NA	-90	-90
468	22	27	19.965	22.369	0	2	24.5	6.841	1.793	NA	0.041	NA	-90	0
469	22	28	19.843	22.084	0	2	8	7.152	1.512	NA	0.31	NA	-113.199	-23.199
470	22	29	20.291	22.613	0	2	8	7.845	2.063	NA	0.694	NA	49.764	162.962
471	22	30	20.006	22.247	0	2	41	8.31	1.671	NA	0.465	NA	-127.875	-177.639
472	22	31	20.209	23.021	0	2	0	9.11	2.457	NA	0.801	NA	75.256	-156.869
473	23	1	19.557	20.82	0	2	0	0	0	NA	NA	NA	NA	NA
474	23	2	18.824	22.247	0	2	33	1.604	1.604	NA	1.604	NA	117.216	NA
475	23	3	18.091	24.406	0	2	24.5	3.884	3.874	NA	2.281	NA	108.759	-8.457
476	23	4	17.724	25.628	0	2	200	5.16	5.146	NA	1.276	NA	106.699	-2.059
