Nr	TID	PID	x [micron]	y [micron]	t [sec]	c [idx]	I [val]	Len [micron]	D2S [micron]	D2R [micron]	D2P [micron]	v [micron/sec]	? [deg]	?? [deg]
1	1	1	28.004	39.652	0	2	167	0	0	NA	NA	NA	NA	NA
2	1	2	26.964	38.3	0	2	255	1.706	1.706	NA	1.706	NA	-127.569	NA
3	1	3	25.819	37.26	0	2	121	3.252	3.239	NA	1.546	NA	-137.726	-10.158
4	1	4	25.923	37.052	0	2	65	3.485	3.33	NA	0.233	NA	-63.435	74.291
5	1	5	25.715	37.572	0	2	255	4.045	3.092	NA	0.56	NA	111.801	175.236
6	1	6	25.611	36.844	0	2	255	4.78	3.689	NA	0.735	NA	-98.13	150.068
7	1	7	25.507	36.844	0	2	255	4.884	3.757	NA	0.104	NA	180	-81.87
8	1	8	26.235	37.156	0	2	242	5.676	3.059	NA	0.792	NA	23.199	-156.801
9	1	9	26.027	37.26	0	2	255	5.909	3.103	NA	0.233	NA	153.435	130.236
10	1	10	26.339	37.572	0	2	255	6.35	2.664	NA	0.441	NA	45	-108.435
11	1	11	26.339	37.676	0	2	149	6.454	2.583	NA	0.104	NA	90	45
12	1	12	26.235	37.78	0	2	255	6.601	2.575	NA	0.147	NA	135	45
13	1	13	26.235	37.78	0	2	186	6.601	2.575	NA	0	NA	0	-135
14	1	14	25.715	37.676	0	2	177	7.131	3.023	NA	0.53	NA	-168.69	-168.69
15	1	15	25.923	37.676	0	2	255	7.339	2.869	NA	0.208	NA	0	168.69
16	1	16	26.027	37.676	0	2	139	7.443	2.795	NA	0.104	NA	0	0
17	1	17	26.027	37.676	0	2	255	7.443	2.795	NA	0	NA	0	0
18	1	18	26.027	37.676	0	2	46	7.443	2.795	NA	0	NA	0	0
19	1	19	26.027	37.676	0	2	255	7.443	2.795	NA	0	NA	0	0
20	1	20	26.027	37.676	0	2	55	7.443	2.795	NA	0	NA	0	0
21	1	21	25.819	37.676	0	2	65	7.651	2.945	NA	0.208	NA	180	180
22	1	22	25.819	37.676	0	2	149	7.651	2.945	NA	0	NA	0	-180
23	1	23	25.819	37.572	0	2	255	7.755	3.016	NA	0.104	NA	-90	-90
24	1	24	25.819	37.572	0	2	167	7.755	3.016	NA	0	NA	0	90
25	1	25	25.923	37.572	0	2	255	7.859	2.942	NA	0.104	NA	0	0
26	1	26	25.923	37.572	0	2	255	7.859	2.942	NA	0	NA	0	0
27	1	27	25.923	37.364	0	2	186	8.067	3.092	NA	0.208	NA	-90	-90
28	1	28	25.923	37.364	0	2	255	8.067	3.092	NA	0	NA	0	90
29	1	29	25.923	37.364	0	2	255	8.067	3.092	NA	0	NA	0	0
30	1	30	26.235	37.364	0	2	130	8.379	2.892	NA	0.312	NA	0	0
31	1	31	26.235	37.364	0	2	167	8.379	2.892	NA	0	NA	0	0
32	1	32	25.923	37.364	0	2	205	8.691	3.092	NA	0.312	NA	180	180
33	1	33	25.923	37.364	0	2	186	8.691	3.092	NA	0	NA	0	-180
34	1	34	26.235	37.364	0	2	167	9.004	2.892	NA	0.312	NA	0	0
35	1	35	26.964	36.428	0	2	255	10.189	3.388	NA	1.186	NA	-52.125	-52.125
36	1	36	26.339	36.012	0	2	121	10.939	4.003	NA	0.75	NA	-146.31	-94.185
37	1	37	26.443	36.22	0	2	255	11.172	3.77	NA	0.233	NA	63.435	-150.255
38	1	38	26.443	36.22	0	2	255	11.172	3.77	NA	0	NA	0	-63.435
39	1	39	27.172	36.428	0	2	255	11.929	3.33	NA	0.757	NA	15.945	15.945
40	1	40	27.484	36.636	0	2	255	12.304	3.061	NA	0.375	NA	33.69	17.745
41	1	41	27.588	36.636	0	2	255	12.408	3.045	NA	0.104	NA	0	-33.69
42	1	42	27.588	36.636	0	2	255	12.408	3.045	NA	0	NA	0	0
43	1	43	27.588	36.636	0	2	251	12.408	3.045	NA	0	NA	0	0
44	1	44	27.9	36.74	0	2	139	12.737	2.914	NA	0.329	NA	18.435	18.435
45	1	45	27.484	36.532	0	2	139	13.202	3.163	NA	0.465	NA	-153.435	-171.87
46	1	46	27.484	36.532	0	2	37	13.202	3.163	NA	0	NA	0	153.435
47	1	47	27.9	36.844	0	2	74	13.722	2.81	NA	0.52	NA	36.87	36.87
48	1	48	28.42	37.156	0	2	177	14.329	2.531	NA	0.606	NA	30.964	-5.906
49	1	49	27.796	36.74	0	2	130	15.079	2.92	NA	0.75	NA	-146.31	-177.274
50	1	50	28.004	36.74	0	2	121	15.287	2.912	NA	0.208	NA	0	146.31
51	2	1	24.961	30.5	0	2	242	0	0	NA	NA	NA	NA	NA
52	2	2	24.961	30.5	0	2	121	0	0	NA	0	NA	0	NA
53	2	3	25.117	30.11	0	2	255	0.42	0.42	NA	0.42	NA	-68.199	-68.199
54	2	4	25.117	30.422	0	2	255	0.732	0.174	NA	0.312	NA	90	158.199
55	2	5	25.429	30.5	0	2	255	1.054	0.468	NA	0.322	NA	14.036	-75.964
56	2	6	25.273	30.656	0	2	223	1.274	0.349	NA	0.221	NA	135	120.964
57	2	7	25.039	30.89	0	2	205	1.605	0.398	NA	0.331	NA	135	0
58	2	8	25.273	30.89	0	2	121	1.839	0.499	NA	0.234	NA	0	-135
59	2	9	25.351	30.812	0	2	139	1.95	0.499	NA	0.11	NA	-45	-45
60	2	10	25.273	30.812	0	2	251	2.028	0.441	NA	0.078	NA	180	-135
61	2	11	25.273	30.812	0	2	158	2.028	0.441	NA	0	NA	0	-180
62	2	12	24.961	30.734	0	2	223	2.349	0.234	NA	0.322	NA	-165.964	-165.964
63	2	13	24.961	30.734	0	2	251	2.349	0.234	NA	0	NA	0	165.964
64	2	14	24.961	30.734	0	2	242	2.349	0.234	NA	0	NA	0	0
65	2	15	25.039	30.734	0	2	111	2.427	0.247	NA	0.078	NA	0	0
66	2	16	24.961	30.812	0	2	223	2.538	0.312	NA	0.11	NA	135	135
67	2	17	24.961	30.812	0	2	255	2.538	0.312	NA	0	NA	0	-135
68	2	18	25.117	30.656	0	2	242	2.758	0.221	NA	0.221	NA	-45	-45
69	2	19	25.351	30.5	0	2	255	3.039	0.39	NA	0.281	NA	-33.69	11.31
70	2	20	25.585	30.578	0	2	255	3.286	0.629	NA	0.247	NA	18.435	52.125
71	2	21	25.585	30.578	0	2	255	3.286	0.629	NA	0	NA	0	-18.435
72	2	22	25.663	30.656	0	2	102	3.396	0.719	NA	0.11	NA	45	45
73	2	23	25.507	30.578	0	2	195	3.571	0.552	NA	0.174	NA	-153.435	161.565
74	2	24	25.273	30.344	0	2	214	3.902	0.349	NA	0.331	NA	-135	18.435
75	2	25	25.195	30.344	0	2	74	3.98	0.281	NA	0.078	NA	180	-45
76	2	26	25.195	30.188	0	2	255	4.136	0.39	NA	0.156	NA	-90	90
77	2	27	25.351	30.266	0	2	111	4.31	0.455	NA	0.174	NA	26.565	116.565
78	2	28	25.195	30.344	0	2	233	4.485	0.281	NA	0.174	NA	153.435	126.87
79	2	29	25.039	30.344	0	2	205	4.641	0.174	NA	0.156	NA	180	26.565
80	2	30	25.039	30.344	0	2	111	4.641	0.174	NA	0	NA	0	-180
81	2	31	24.649	30.11	0	2	177	5.095	0.499	NA	0.455	NA	-149.036	-149.036
82	2	32	24.649	30.032	0	2	255	5.173	0.562	NA	0.078	NA	-90	59.036
83	2	33	24.727	29.954	0	2	167	5.284	0.594	NA	0.11	NA	-45	45
84	2	34	24.883	29.798	0	2	255	5.504	0.706	NA	0.221	NA	-45	0
85	2	35	25.117	29.798	0	2	233	5.738	0.719	NA	0.234	NA	0	45
86	2	36	24.961	29.876	0	2	233	5.913	0.624	NA	0.174	NA	153.435	153.435
87	2	37	24.961	29.876	0	2	195	5.913	0.624	NA	0	NA	0	-153.435
88	2	38	24.883	29.876	0	2	111	5.991	0.629	NA	0.078	NA	180	180
89	2	39	24.493	29.954	0	2	233	6.389	0.719	NA	0.398	NA	168.69	-11.31
90	2	40	24.415	29.954	0	2	205	6.467	0.772	NA	0.078	NA	180	11.31
91	2	41	24.649	29.876	0	2	111	6.713	0.698	NA	0.247	NA	-18.435	161.565
92	2	42	24.727	29.642	0	2	255	6.96	0.889	NA	0.247	NA	-71.565	-53.13
93	2	43	24.727	29.642	0	2	177	6.96	0.889	NA	0	NA	0	71.565
94	2	44	24.883	29.564	0	2	251	7.134	0.939	NA	0.174	NA	-26.565	-26.565
95	2	45	25.039	29.564	0	2	255	7.29	0.939	NA	0.156	NA	0	26.565
96	2	46	25.039	29.564	0	2	205	7.29	0.939	NA	0	NA	0	0
97	2	47	24.883	29.564	0	2	255	7.446	0.939	NA	0.156	NA	180	180
98	2	48	24.883	29.564	0	2	255	7.446	0.939	NA	0	NA	0	-180
99	2	49	24.961	29.642	0	2	255	7.557	0.858	NA	0.11	NA	45	45
100	2	50	25.351	29.642	0	2	255	7.947	0.943	NA	0.39	NA	0	-45
101	3	1	32.918	42.668	0	2	214	0	0	NA	NA	NA	NA	NA
102	3	2	32.996	42.746	0	2	46	0.11	0.11	NA	0.11	NA	45	NA
103	3	3	32.84	42.746	0	2	65	0.266	0.11	NA	0.156	NA	180	135
104	3	4	32.606	42.902	0	2	205	0.548	0.39	NA	0.281	NA	146.31	-33.69
105	3	5	32.606	42.98	0	2	111	0.626	0.441	NA	0.078	NA	90	-56.31
106	3	6	32.762	42.902	0	2	111	0.8	0.281	NA	0.174	NA	-26.565	-116.565
107	3	7	32.606	42.902	0	2	65	0.956	0.39	NA	0.156	NA	180	-153.435
108	3	8	32.762	42.902	0	2	102	1.112	0.281	NA	0.156	NA	0	-180
109	3	9	32.294	43.214	0	2	111	1.675	0.829	NA	0.562	NA	146.31	146.31
110	3	10	32.294	43.214	0	2	37	1.675	0.829	NA	0	NA	0	-146.31
111	3	11	32.294	43.214	0	2	37	1.675	0.829	NA	0	NA	0	0
112	3	12	32.294	43.214	0	2	93	1.675	0.829	NA	0	NA	0	0
113	3	13	32.606	43.058	0	2	93	2.023	0.499	NA	0.349	NA	-26.565	-26.565
114	3	14	32.528	43.058	0	2	65	2.101	0.552	NA	0.078	NA	180	-153.435
115	3	15	32.216	43.058	0	2	93	2.413	0.803	NA	0.312	NA	180	0
116	3	16	32.294	43.214	0	2	55	2.588	0.829	NA	0.174	NA	63.435	-116.565
117	3	17	32.294	42.902	0	2	83	2.9	0.666	NA	0.312	NA	-90	-153.435
118	3	18	31.982	42.98	0	2	130	3.221	0.987	NA	0.322	NA	165.964	-104.036
119	3	19	32.45	42.902	0	2	139	3.696	0.523	NA	0.474	NA	-9.462	-175.426
120	3	20	32.138	42.746	0	2	65	4.045	0.784	NA	0.349	NA	-153.435	-143.973
121	3	21	32.684	42.746	0	2	83	4.591	0.247	NA	0.546	NA	0	153.435
122	3	22	32.684	42.98	0	2	46	4.825	0.39	NA	0.234	NA	90	90
123	3	23	32.372	43.058	0	2	65	5.146	0.671	NA	0.322	NA	165.964	75.964
124	3	24	32.294	42.98	0	2	74	5.257	0.698	NA	0.11	NA	-135	59.036
125	3	25	32.138	42.98	0	2	27	5.413	0.84	NA	0.156	NA	180	-45
126	3	26	31.67	42.902	0	2	37	5.887	1.27	NA	0.474	NA	-170.538	9.462
127	3	27	31.124	42.668	0	2	111	6.481	1.794	NA	0.594	NA	-156.801	13.736
128	3	28	31.202	42.434	0	2	65	6.728	1.732	NA	0.247	NA	-71.565	85.236
129	3	29	31.202	42.356	0	2	74	6.806	1.744	NA	0.078	NA	-90	-18.435
130	3	30	31.202	42.278	0	2	55	6.884	1.76	NA	0.078	NA	-90	0
131	4	1	35.258	41.264	0	2	46	0	0	NA	NA	NA	NA	NA
132	4	2	34.166	42.668	0	2	83	1.779	1.779	NA	1.779	NA	127.875	NA
133	4	3	34.322	42.668	0	2	102	1.935	1.687	NA	0.156	NA	0	-127.875
134	4	4	34.166	42.668	0	2	55	2.091	1.779	NA	0.156	NA	180	180
135	4	5	34.01	42.902	0	2	55	2.372	2.059	NA	0.281	NA	123.69	-56.31
136	4	6	34.01	42.902	0	2	74	2.372	2.059	NA	0	NA	0	-123.69
137	4	7	33.854	42.902	0	2	111	2.528	2.157	NA	0.156	NA	180	180
138	4	8	34.01	42.746	0	2	74	2.749	1.938	NA	0.221	NA	-45	135
139	4	9	33.698	42.746	0	2	27	3.061	2.152	NA	0.312	NA	180	-135
140	4	10	33.074	42.824	0	2	130	3.69	2.684	NA	0.629	NA	172.875	-7.125
141	4	11	32.84	42.434	0	2	102	4.144	2.686	NA	0.455	NA	-120.964	66.161
142	4	12	33.23	42.434	0	2	55	4.534	2.341	NA	0.39	NA	0	120.964
143	4	13	33.074	42.59	0	2	93	4.755	2.555	NA	0.221	NA	135	135
144	4	14	32.996	42.668	0	2	0	4.865	2.662	NA	0.11	NA	135	0
145	4	15	32.996	42.59	0	2	0	4.943	2.622	NA	0.078	NA	-90	135
146	4	16	33.152	42.2	0	2	46	5.363	2.305	NA	0.42	NA	-68.199	21.801
147	5	1	33.854	39.548	0	2	74	0	0	NA	NA	NA	NA	NA
148	5	2	33.776	39.548	0	2	18	0.078	0.078	NA	0.078	NA	180	NA
149	5	3	33.776	39.548	0	2	46	0.078	0.078	NA	0	NA	0	-180
150	5	4	34.712	40.484	0	2	111	1.402	1.27	NA	1.324	NA	45	45
151	6	1	35.024	36.506	0	2	167	0	0	NA	NA	NA	NA	NA
152	6	2	35.024	36.506	0	2	102	0	0	NA	0	NA	0	NA
153	6	3	34.556	36.584	0	2	93	0.474	0.474	NA	0.474	NA	170.538	170.538
154	6	4	34.556	36.584	0	2	102	0.474	0.474	NA	0	NA	0	-170.538
155	6	5	34.712	36.038	0	2	255	1.042	0.562	NA	0.568	NA	-74.055	-74.055
156	6	6	34.946	36.038	0	2	223	1.276	0.474	NA	0.234	NA	0	74.055
157	6	7	34.79	36.038	0	2	74	1.432	0.523	NA	0.156	NA	180	180
158	6	8	34.244	36.038	0	2	255	1.978	0.91	NA	0.546	NA	180	0
159	6	9	34.322	36.038	0	2	255	2.056	0.844	NA	0.078	NA	0	-180
160	6	10	34.4	36.038	0	2	255	2.134	0.78	NA	0.078	NA	0	0
161	6	11	34.322	36.038	0	2	251	2.212	0.844	NA	0.078	NA	180	180
162	6	12	34.322	36.038	0	2	223	2.212	0.844	NA	0	NA	0	-180
163	6	13	34.322	36.038	0	2	149	2.212	0.844	NA	0	NA	0	0
164	6	14	34.322	36.038	0	2	102	2.212	0.844	NA	0	NA	0	0
165	6	15	34.322	36.038	0	2	255	2.212	0.844	NA	0	NA	0	0
166	6	16	34.712	36.038	0	2	158	2.602	0.562	NA	0.39	NA	0	0
167	6	17	34.556	36.038	0	2	177	2.758	0.662	NA	0.156	NA	180	180
168	6	18	34.556	36.116	0	2	223	2.836	0.609	NA	0.078	NA	90	-90
169	6	19	34.556	36.194	0	2	255	2.914	0.562	NA	0.078	NA	90	0
170	6	20	34.556	36.194	0	2	255	2.914	0.562	NA	0	NA	0	-90
171	6	21	34.556	36.194	0	2	255	2.914	0.562	NA	0	NA	0	0
172	6	22	34.556	36.272	0	2	214	2.992	0.523	NA	0.078	NA	90	90
173	6	23	34.634	36.272	0	2	158	3.07	0.455	NA	0.078	NA	0	-90
174	6	24	34.79	35.96	0	2	205	3.419	0.594	NA	0.349	NA	-63.435	-63.435
175	6	25	35.024	35.882	0	2	65	3.666	0.624	NA	0.247	NA	-18.435	45
176	6	26	34.868	36.038	0	2	251	3.887	0.493	NA	0.221	NA	135	153.435
177	6	27	34.79	36.038	0	2	255	3.965	0.523	NA	0.078	NA	180	45
178	6	28	34.322	36.272	0	2	65	4.488	0.74	NA	0.523	NA	153.435	-26.565
179	6	29	34.556	36.194	0	2	186	4.735	0.562	NA	0.247	NA	-18.435	-171.87
180	6	30	35.102	36.194	0	2	158	5.281	0.322	NA	0.546	NA	0	18.435
181	6	31	34.79	36.194	0	2	111	5.593	0.39	NA	0.312	NA	180	180
182	6	32	34.79	36.194	0	2	111	5.593	0.39	NA	0	NA	0	-180
183	6	33	34.712	36.194	0	2	186	5.671	0.441	NA	0.078	NA	180	180
184	6	34	34.712	36.194	0	2	111	5.671	0.441	NA	0	NA	0	-180
185	6	35	34.478	35.96	0	2	195	6.002	0.772	NA	0.331	NA	-135	-135
186	7	1	34.634	37.598	0	2	195	0	0	NA	NA	NA	NA	NA
187	7	2	34.634	37.598	0	2	195	0	0	NA	0	NA	0	NA
188	7	3	34.634	37.52	0	2	121	0.078	0.078	NA	0.078	NA	-90	-90
189	7	4	34.634	37.52	0	2	93	0.078	0.078	NA	0	NA	0	90
190	7	5	34.634	37.442	0	2	255	0.156	0.156	NA	0.078	NA	-90	-90
191	7	6	34.634	37.442	0	2	255	0.156	0.156	NA	0	NA	0	90
192	7	7	34.868	37.286	0	2	139	0.437	0.39	NA	0.281	NA	-33.69	-33.69
193	7	8	34.712	37.286	0	2	214	0.593	0.322	NA	0.156	NA	180	-146.31
194	7	9	34.712	37.286	0	2	223	0.593	0.322	NA	0	NA	0	-180
195	7	10	34.634	37.286	0	2	214	0.671	0.312	NA	0.078	NA	180	180
196	7	11	34.556	37.286	0	2	255	0.749	0.322	NA	0.078	NA	180	0
197	7	12	34.556	37.286	0	2	255	0.749	0.322	NA	0	NA	0	-180
198	7	13	34.478	37.286	0	2	255	0.827	0.349	NA	0.078	NA	180	180
199	7	14	34.4	37.286	0	2	255	0.905	0.39	NA	0.078	NA	180	0
200	7	15	35.18	37.52	0	2	255	1.72	0.552	NA	0.814	NA	16.699	-163.301
201	7	16	35.258	37.598	0	2	255	1.83	0.624	NA	0.11	NA	45	28.301
202	7	17	35.102	37.364	0	2	255	2.111	0.523	NA	0.281	NA	-123.69	-168.69
203	7	18	35.102	37.364	0	2	233	2.111	0.523	NA	0	NA	0	123.69
204	7	19	35.024	37.208	0	2	233	2.286	0.552	NA	0.174	NA	-116.565	-116.565
205	7	20	35.024	37.208	0	2	149	2.286	0.552	NA	0	NA	0	116.565
206	7	21	35.024	37.13	0	2	83	2.364	0.609	NA	0.078	NA	-90	-90
207	7	22	34.868	37.13	0	2	214	2.52	0.523	NA	0.156	NA	180	-90
208	7	23	34.79	37.13	0	2	233	2.598	0.493	NA	0.078	NA	180	0
209	7	24	34.478	37.052	0	2	255	2.919	0.568	NA	0.322	NA	-165.964	14.036
210	7	25	34.712	37.052	0	2	186	3.153	0.552	NA	0.234	NA	0	165.964
211	7	26	34.79	37.052	0	2	158	3.231	0.568	NA	0.078	NA	0	0
212	7	27	34.712	37.13	0	2	195	3.342	0.474	NA	0.11	NA	135	135
213	7	28	34.712	37.208	0	2	149	3.42	0.398	NA	0.078	NA	90	-45
214	7	29	34.712	36.818	0	2	111	3.81	0.784	NA	0.39	NA	-90	-180
215	7	30	34.946	36.818	0	2	121	4.044	0.84	NA	0.234	NA	0	90
216	7	31	34.868	36.974	0	2	205	4.218	0.666	NA	0.174	NA	116.565	116.565
217	7	32	34.712	37.208	0	2	255	4.499	0.398	NA	0.281	NA	123.69	7.125
218	7	33	34.712	37.208	0	2	205	4.499	0.398	NA	0	NA	0	-123.69
219	7	34	34.712	37.052	0	2	93	4.655	0.552	NA	0.156	NA	-90	-90
220	7	35	34.79	36.974	0	2	158	4.766	0.643	NA	0.11	NA	-45	45
221	7	36	35.57	37.832	0	2	223	5.925	0.965	NA	1.16	NA	47.726	92.726
222	7	37	35.648	37.832	0	2	55	6.003	1.041	NA	0.078	NA	0	-47.726
223	7	38	35.804	37.676	0	2	223	6.224	1.173	NA	0.221	NA	-45	-45
224	7	39	36.74	37.676	0	2	205	7.16	2.108	NA	0.936	NA	0	45
225	7	40	36.272	36.74	0	2	255	8.207	1.849	NA	1.047	NA	-116.565	-116.565
226	7	41	36.428	36.74	0	2	255	8.363	1.989	NA	0.156	NA	0	116.565
227	7	42	36.428	36.896	0	2	205	8.519	1.927	NA	0.156	NA	90	90
228	7	43	36.662	37.052	0	2	242	8.8	2.1	NA	0.281	NA	33.69	-56.31
229	7	44	37.13	37.364	0	2	111	9.362	2.507	NA	0.562	NA	33.69	0
230	7	45	37.052	37.598	0	2	121	9.609	2.418	NA	0.247	NA	108.435	74.745
231	7	46	37.052	37.754	0	2	255	9.765	2.423	NA	0.156	NA	90	-18.435
232	7	47	37.052	37.754	0	2	167	9.765	2.423	NA	0	NA	0	-90
233	7	48	36.974	37.754	0	2	205	9.843	2.345	NA	0.078	NA	180	180
234	7	49	36.74	37.754	0	2	255	10.077	2.112	NA	0.234	NA	180	0
235	7	50	37.13	37.91	0	2	255	10.497	2.516	NA	0.42	NA	21.801	-158.199
236	9	1	33.542	36.038	0	2	65	0	0	NA	NA	NA	NA	NA
237	9	2	33.464	35.57	0	2	121	0.474	0.474	NA	0.474	NA	-99.462	NA
238	9	3	33.464	35.414	0	2	83	0.63	0.629	NA	0.156	NA	-90	9.462
239	9	4	33.308	35.414	0	2	55	0.786	0.666	NA	0.156	NA	180	-90
240	9	5	32.84	35.804	0	2	0	1.396	0.74	NA	0.609	NA	140.194	-39.806
241	9	6	32.918	36.116	0	2	37	1.717	0.629	NA	0.322	NA	75.964	-64.231
242	9	7	31.904	35.804	0	2	130	2.778	1.655	NA	1.061	NA	-162.897	121.139
243	9	8	31.358	35.726	0	2	102	3.33	2.206	NA	0.552	NA	-171.87	-8.973
244	10	1	30.344	36.194	0	2	102	0	0	NA	NA	NA	NA	NA
245	10	2	30.266	36.272	0	2	83	0.11	0.11	NA	0.11	NA	135	NA
246	10	3	29.72	36.662	0	2	158	0.781	0.78	NA	0.671	NA	144.462	9.462
247	10	4	29.408	36.662	0	2	65	1.093	1.047	NA	0.312	NA	180	35.538
248	10	5	29.486	36.506	0	2	111	1.268	0.913	NA	0.174	NA	-63.435	116.565
249	10	6	27.77	35.96	0	2	27	3.069	2.585	NA	1.801	NA	-162.35	-98.915
250	10	7	27.224	35.336	0	2	130	3.898	3.236	NA	0.829	NA	-131.186	31.164
251	10	8	26.912	34.946	0	2	27	4.397	3.652	NA	0.499	NA	-128.66	2.526
252	11	1	30.812	31.28	0	2	37	0	0	NA	NA	NA	NA	NA
253	11	2	30.5	32.138	0	2	93	0.913	0.913	NA	0.913	NA	109.983	NA
254	11	3	28.628	30.734	0	2	37	3.253	2.251	NA	2.34	NA	-143.13	106.887
255	11	4	28.706	31.046	0	2	83	3.575	2.119	NA	0.322	NA	75.964	-140.906
256	11	5	30.422	32.216	0	2	65	5.652	1.014	NA	2.077	NA	34.287	-41.677
257	11	6	31.436	33.074	0	2	46	6.98	1.9	NA	1.328	NA	40.236	5.949
258	11	7	31.436	32.84	0	2	83	7.214	1.68	NA	0.234	NA	-90	-130.236
259	11	8	31.592	33.464	0	2	121	7.857	2.319	NA	0.643	NA	75.964	165.964
260	11	9	31.436	33.62	0	2	65	8.078	2.422	NA	0.221	NA	135	59.036
261	11	10	31.358	32.996	0	2	186	8.707	1.801	NA	0.629	NA	-97.125	127.875
262	11	11	31.514	32.996	0	2	83	8.863	1.854	NA	0.156	NA	0	97.125
263	11	12	31.358	33.152	0	2	93	9.084	1.95	NA	0.221	NA	135	135
264	11	13	31.514	33.074	0	2	177	9.258	1.927	NA	0.174	NA	-26.565	-161.565
265	11	14	31.748	32.996	0	2	195	9.505	1.955	NA	0.247	NA	-18.435	8.13
266	11	15	31.67	32.762	0	2	251	9.751	1.713	NA	0.247	NA	-108.435	-90
267	11	16	31.67	32.996	0	2	111	9.985	1.919	NA	0.234	NA	90	-161.565
268	11	17	31.826	32.996	0	2	167	10.141	1.993	NA	0.156	NA	0	-90
269	11	18	31.904	33.386	0	2	65	10.539	2.372	NA	0.398	NA	78.69	78.69
270	11	19	32.294	33.464	0	2	93	10.937	2.64	NA	0.398	NA	11.31	-67.38
271	11	20	32.216	33.854	0	2	27	11.335	2.932	NA	0.398	NA	101.31	90
272	11	21	31.826	34.4	0	2	74	12.006	3.281	NA	0.671	NA	125.538	24.228
273	11	22	32.294	34.244	0	2	121	12.499	3.314	NA	0.493	NA	-18.435	-143.973
274	11	23	32.216	34.244	0	2	9	12.577	3.28	NA	0.078	NA	180	-161.565
275	11	24	32.06	33.386	0	2	9	13.449	2.448	NA	0.872	NA	-100.305	79.695
276	11	25	32.216	32.84	0	2	55	14.017	2.099	NA	0.568	NA	-74.055	26.25
277	11	26	31.904	32.45	0	2	27	14.516	1.601	NA	0.499	NA	-128.66	-54.605
278	11	27	32.216	32.216	0	2	37	14.906	1.687	NA	0.39	NA	-36.87	91.79
279	12	1	32.528	36.35	0	2	139	0	0	NA	NA	NA	NA	NA
280	12	2	31.28	37.13	0	2	111	1.472	1.472	NA	1.472	NA	147.995	NA
281	12	3	31.982	37.442	0	2	83	2.24	1.221	NA	0.768	NA	23.962	-124.032
282	12	4	31.748	37.208	0	2	83	2.571	1.16	NA	0.331	NA	-135	-158.962
283	12	5	31.124	36.974	0	2	149	3.237	1.537	NA	0.666	NA	-159.444	-24.444
284	12	6	30.656	36.896	0	2	177	3.712	1.95	NA	0.474	NA	-170.538	-11.094
285	12	7	30.344	37.13	0	2	149	4.102	2.319	NA	0.39	NA	143.13	-46.332
286	12	8	29.954	37.52	0	2	111	4.654	2.828	NA	0.552	NA	135	-8.13
287	12	9	30.266	37.286	0	2	130	5.044	2.448	NA	0.39	NA	-36.87	-171.87
288	12	10	30.578	37.13	0	2	177	5.392	2.1	NA	0.349	NA	-26.565	10.305
289	12	11	30.968	37.052	0	2	102	5.79	1.711	NA	0.398	NA	-11.31	15.255
290	12	12	31.28	36.662	0	2	65	6.29	1.286	NA	0.499	NA	-51.34	-40.03
291	12	13	31.67	36.818	0	2	177	6.71	0.977	NA	0.42	NA	21.801	73.142
292	12	14	31.748	37.052	0	2	149	6.956	1.049	NA	0.247	NA	71.565	49.764
293	12	15	32.138	37.13	0	2	139	7.354	0.872	NA	0.398	NA	11.31	-60.255
294	12	16	32.294	36.506	0	2	205	7.997	0.281	NA	0.643	NA	-75.964	-87.274
295	12	17	32.606	36.506	0	2	46	8.309	0.174	NA	0.312	NA	0	75.964
296	12	18	32.996	36.272	0	2	139	8.764	0.474	NA	0.455	NA	-30.964	-30.964
297	12	19	33.698	34.868	0	2	111	10.334	1.888	NA	1.57	NA	-63.435	-32.471
298	12	20	33.698	34.946	0	2	83	10.412	1.828	NA	0.078	NA	90	153.435
299	12	21	33.776	34.946	0	2	83	10.49	1.879	NA	0.078	NA	0	-90
300	12	22	33.932	34.946	0	2	37	10.646	1.986	NA	0.156	NA	0	0
301	12	23	33.776	35.102	0	2	65	10.867	1.765	NA	0.221	NA	135	135
302	13	1	39.704	33.854	0	2	149	0	0	NA	NA	NA	NA	NA
303	13	2	39.86	33.854	0	2	177	0.156	0.156	NA	0.156	NA	0	NA
304	13	3	39.938	34.01	0	2	195	0.33	0.281	NA	0.174	NA	63.435	63.435
305	13	4	39.704	34.01	0	2	111	0.564	0.156	NA	0.234	NA	180	116.565
306	13	5	39.626	34.01	0	2	186	0.642	0.174	NA	0.078	NA	180	0
307	13	6	39.626	34.01	0	2	214	0.642	0.174	NA	0	NA	0	-180
308	13	7	40.172	34.244	0	2	93	1.237	0.609	NA	0.594	NA	23.199	23.199
309	13	8	40.172	34.244	0	2	130	1.237	0.609	NA	0	NA	0	-23.199
310	13	9	40.172	34.244	0	2	111	1.237	0.609	NA	0	NA	0	0
311	13	10	40.64	34.322	0	2	158	1.711	1.047	NA	0.474	NA	9.462	9.462
312	13	11	40.796	34.322	0	2	242	1.867	1.188	NA	0.156	NA	0	-9.462
313	13	12	40.952	34.322	0	2	177	2.023	1.333	NA	0.156	NA	0	0
314	13	13	41.654	34.322	0	2	223	2.725	2.005	NA	0.702	NA	0	0
315	13	14	41.654	34.322	0	2	158	2.725	2.005	NA	0	NA	0	0
316	13	15	41.654	34.322	0	2	139	2.725	2.005	NA	0	NA	0	0
317	13	16	41.108	34.322	0	2	177	3.271	1.48	NA	0.546	NA	180	180
318	13	17	40.718	34.244	0	2	46	3.669	1.086	NA	0.398	NA	-168.69	11.31
319	13	18	40.328	34.166	0	2	121	4.067	0.698	NA	0.398	NA	-168.69	0
320	13	19	40.874	34.01	0	2	214	4.634	1.18	NA	0.568	NA	-15.945	152.745
321	13	20	40.64	33.932	0	2	74	4.881	0.939	NA	0.247	NA	-161.565	-145.62
322	13	21	40.952	33.932	0	2	205	5.193	1.251	NA	0.312	NA	0	161.565
323	13	22	41.264	33.932	0	2	223	5.505	1.562	NA	0.312	NA	0	0
324	13	23	41.03	33.932	0	2	130	5.739	1.328	NA	0.234	NA	180	180
325	13	24	40.874	33.854	0	2	177	5.914	1.17	NA	0.174	NA	-153.435	26.565
326	13	25	41.03	33.854	0	2	255	6.07	1.326	NA	0.156	NA	0	153.435
327	13	26	41.03	33.854	0	2	186	6.07	1.326	NA	0	NA	0	0
328	13	27	39.704	34.4	0	2	93	7.504	0.546	NA	1.434	NA	157.62	157.62
329	13	28	38.612	34.4	0	2	27	8.596	1.221	NA	1.092	NA	180	22.38
330	13	29	38.222	34.478	0	2	27	8.994	1.608	NA	0.398	NA	168.69	-11.31
331	13	30	38.924	34.01	0	2	111	9.837	0.795	NA	0.844	NA	-33.69	157.62
332	13	31	39.392	34.01	0	2	55	10.305	0.349	NA	0.468	NA	0	33.69
333	13	32	38.768	33.854	0	2	65	10.949	0.936	NA	0.643	NA	-165.964	-165.964
334	13	33	38.534	34.244	0	2	46	11.403	1.233	NA	0.455	NA	120.964	-73.072
335	13	34	37.598	34.946	0	2	55	12.573	2.372	NA	1.17	NA	143.13	22.166
336	13	35	36.116	36.194	0	2	83	14.511	4.284	NA	1.938	NA	139.899	-3.231
337	13	36	35.102	36.584	0	2	167	15.597	5.351	NA	1.086	NA	158.962	19.063
338	13	37	34.634	36.584	0	2	255	16.066	5.759	NA	0.468	NA	180	21.038
339	13	38	34.166	36.506	0	2	255	16.54	6.141	NA	0.474	NA	-170.538	9.462
340	13	39	34.4	36.506	0	2	242	16.774	5.93	NA	0.234	NA	0	170.538
341	13	40	34.4	36.506	0	2	111	16.774	5.93	NA	0	NA	0	0
342	13	41	34.4	36.35	0	2	149	16.93	5.862	NA	0.156	NA	-90	-90
343	13	42	34.01	36.272	0	2	255	17.328	6.186	NA	0.398	NA	-168.69	-78.69
344	13	43	33.854	36.272	0	2	255	17.484	6.33	NA	0.156	NA	180	-11.31
345	13	44	33.932	36.584	0	2	93	17.805	6.385	NA	0.322	NA	75.964	-104.036
346	13	45	34.4	36.35	0	2	255	18.329	5.862	NA	0.523	NA	-26.565	-102.529
347	13	46	34.4	36.35	0	2	255	18.329	5.862	NA	0	NA	0	26.565
348	13	47	34.4	36.272	0	2	255	18.407	5.829	NA	0.078	NA	-90	-90
349	13	48	34.4	36.272	0	2	255	18.407	5.829	NA	0	NA	0	90
350	13	49	34.166	36.272	0	2	255	18.641	6.043	NA	0.234	NA	180	180
351	13	50	34.088	36.272	0	2	255	18.719	6.115	NA	0.078	NA	180	0
352	14	1	42.356	33.854	0	2	158	0	0	NA	NA	NA	NA	NA
353	14	2	42.824	34.01	0	2	139	0.493	0.493	NA	0.493	NA	18.435	NA
354	14	3	43.136	34.01	0	2	65	0.805	0.795	NA	0.312	NA	0	-18.435
355	14	4	44.228	34.01	0	2	130	1.897	1.879	NA	1.092	NA	0	0
356	14	5	44.541	33.698	0	2	139	2.339	2.19	NA	0.441	NA	-45	-45
357	14	6	44.541	33.698	0	2	139	2.339	2.19	NA	0	NA	0	45
358	14	7	44.15	33.698	0	2	111	2.729	1.801	NA	0.39	NA	180	180
359	14	8	43.37	33.464	0	2	102	3.543	1.086	NA	0.814	NA	-163.301	16.699
360	14	9	42.824	33.62	0	2	186	4.111	0.523	NA	0.568	NA	164.055	-32.645
361	14	10	42.902	33.776	0	2	83	4.285	0.552	NA	0.174	NA	63.435	-100.62
362	14	11	42.512	34.088	0	2	65	4.785	0.281	NA	0.499	NA	141.34	77.905
363	14	12	42.044	34.088	0	2	46	5.253	0.39	NA	0.468	NA	180	38.66
364	14	13	41.342	33.776	0	2	130	6.021	1.017	NA	0.768	NA	-156.038	23.962
365	14	14	41.186	33.854	0	2	121	6.196	1.17	NA	0.174	NA	153.435	-50.528
366	14	15	41.186	33.932	0	2	55	6.274	1.173	NA	0.078	NA	90	-63.435
367	14	16	41.342	34.01	0	2	74	6.448	1.026	NA	0.174	NA	26.565	-63.435
368	14	17	41.108	34.01	0	2	46	6.682	1.258	NA	0.234	NA	180	153.435
369	14	18	40.64	34.01	0	2	55	7.15	1.723	NA	0.468	NA	180	0
370	14	19	40.25	33.932	0	2	46	7.548	2.108	NA	0.398	NA	-168.69	11.31
371	14	20	40.328	33.932	0	2	46	7.626	2.03	NA	0.078	NA	0	168.69
372	14	21	40.796	33.932	0	2	27	8.094	1.562	NA	0.468	NA	0	0
373	14	22	40.64	33.932	0	2	27	8.25	1.718	NA	0.156	NA	180	180
374	14	23	40.406	33.776	0	2	9	8.531	1.952	NA	0.281	NA	-146.31	33.69
375	14	24	39.47	34.322	0	2	37	9.615	2.924	NA	1.084	NA	149.744	-63.947
376	14	25	37.91	34.634	0	2	130	11.206	4.514	NA	1.591	NA	168.69	18.947
377	14	26	37.754	35.18	0	2	121	11.774	4.789	NA	0.568	NA	105.945	-62.745
378	14	27	37.754	35.258	0	2	74	11.852	4.812	NA	0.078	NA	90	-15.945
379	14	28	36.896	35.414	0	2	130	12.724	5.679	NA	0.872	NA	169.695	79.695
380	14	29	36.896	35.414	0	2	186	12.724	5.679	NA	0	NA	0	-169.695
381	14	30	36.428	35.96	0	2	139	13.443	6.291	NA	0.719	NA	130.601	130.601
382	14	31	36.662	35.57	0	2	139	13.898	5.947	NA	0.455	NA	-59.036	170.362
383	14	32	36.662	35.57	0	2	195	13.898	5.947	NA	0	NA	0	59.036
384	14	33	36.662	35.57	0	2	186	13.898	5.947	NA	0	NA	0	0
385	14	34	36.194	35.882	0	2	233	14.46	6.488	NA	0.562	NA	146.31	146.31
386	15	1	41.03	39.314	0	2	149	0	0	NA	NA	NA	NA	NA
387	15	2	41.108	39.314	0	2	74	0.078	0.078	NA	0.078	NA	0	NA
388	15	3	40.952	39.08	0	2	74	0.359	0.247	NA	0.281	NA	-123.69	-123.69
389	15	4	40.64	39.392	0	2	74	0.801	0.398	NA	0.441	NA	135	-101.31
390	15	5	40.64	39.392	0	2	102	0.801	0.398	NA	0	NA	0	-135
391	15	6	40.64	39.392	0	2	149	0.801	0.398	NA	0	NA	0	0
392	15	7	40.718	39.314	0	2	102	0.911	0.312	NA	0.11	NA	-45	-45
393	15	8	40.718	38.846	0	2	93	1.379	0.562	NA	0.468	NA	-90	-45
394	15	9	42.122	38.066	0	2	255	2.985	1.658	NA	1.606	NA	-29.055	60.945
395	15	10	42.59	38.222	0	2	83	3.478	1.904	NA	0.493	NA	18.435	47.49
396	16	1	36.74	37.598	0	2	121	0	0	NA	NA	NA	NA	NA
397	16	2	39.626	37.91	0	2	139	2.903	2.903	NA	2.903	NA	6.17	NA
398	16	3	42.044	36.74	0	2	102	5.589	5.373	NA	2.686	NA	-25.821	-31.991
399	16	4	43.526	36.272	0	2	214	7.144	6.915	NA	1.554	NA	-17.526	8.295
400	16	5	45.633	34.634	0	2	205	9.812	9.374	NA	2.668	NA	-37.875	-20.349
401	16	6	45.477	34.79	0	2	130	10.032	9.177	NA	0.221	NA	135	172.875
402	16	7	45.321	34.79	0	2	121	10.188	9.028	NA	0.156	NA	180	45
403	16	8	45.009	34.79	0	2	255	10.5	8.732	NA	0.312	NA	180	0
404	16	9	45.087	34.712	0	2	102	10.611	8.831	NA	0.11	NA	-45	135
405	16	10	45.711	34.01	0	2	130	11.55	9.662	NA	0.939	NA	-48.366	-3.366
406	16	11	45.321	34.4	0	2	65	12.102	9.157	NA	0.552	NA	135	-176.634
407	16	12	45.009	34.556	0	2	74	12.45	8.81	NA	0.349	NA	153.435	18.435
408	16	13	44.775	34.634	0	2	195	12.697	8.564	NA	0.247	NA	161.565	8.13
409	16	14	45.477	34.478	0	2	149	13.416	9.277	NA	0.719	NA	-12.529	-174.094
410	16	15	45.789	34.244	0	2	74	13.806	9.65	NA	0.39	NA	-36.87	-24.341
411	16	16	45.945	33.542	0	2	255	14.525	10.059	NA	0.719	NA	-77.471	-40.601
412	16	17	45.945	33.542	0	2	214	14.525	10.059	NA	0	NA	0	77.471
413	16	18	45.633	34.322	0	2	130	15.366	9.477	NA	0.84	NA	111.801	111.801
414	16	19	45.633	34.478	0	2	167	15.522	9.424	NA	0.156	NA	90	-21.801
415	16	20	45.633	34.556	0	2	255	15.6	9.398	NA	0.078	NA	90	0
416	16	21	45.945	34.634	0	2	255	15.921	9.67	NA	0.322	NA	14.036	-75.964
417	16	22	46.413	34.322	0	2	37	16.484	10.212	NA	0.562	NA	-33.69	-47.726
418	17	1	48.831	32.606	0	2	255	0	0	NA	NA	NA	NA	NA
419	17	2	48.831	32.606	0	2	149	0	0	NA	0	NA	0	NA
420	17	3	48.987	32.606	0	2	186	0.156	0.156	NA	0.156	NA	0	0
421	17	4	49.143	32.528	0	2	130	0.33	0.322	NA	0.174	NA	-26.565	-26.565
422	17	5	48.987	32.294	0	2	255	0.612	0.349	NA	0.281	NA	-123.69	-97.125
423	17	6	49.221	32.45	0	2	255	0.893	0.42	NA	0.281	NA	33.69	157.38
424	17	7	49.299	32.45	0	2	121	0.971	0.493	NA	0.078	NA	0	-33.69
425	17	8	49.767	31.904	0	2	121	1.69	1.17	NA	0.719	NA	-49.399	-49.399
426	17	9	50.157	31.67	0	2	205	2.145	1.623	NA	0.455	NA	-30.964	18.435
427	17	10	50.235	31.592	0	2	195	2.255	1.732	NA	0.11	NA	-45	-14.036
428	17	11	50.313	31.592	0	2	255	2.333	1.796	NA	0.078	NA	0	45
429	17	12	49.377	32.06	0	2	255	3.38	0.772	NA	1.047	NA	153.435	153.435
430	17	13	48.987	32.45	0	2	255	3.931	0.221	NA	0.552	NA	135	-18.435
431	17	14	48.831	32.84	0	2	233	4.351	0.234	NA	0.42	NA	111.801	-23.199
432	17	15	48.285	33.152	0	2	251	4.98	0.772	NA	0.629	NA	150.255	38.454
433	17	16	48.207	33.308	0	2	255	5.155	0.939	NA	0.174	NA	116.565	-33.69
434	17	17	47.193	33.62	0	2	158	6.216	1.927	NA	1.061	NA	162.897	46.332
435	17	18	47.583	33.386	0	2	255	6.671	1.472	NA	0.455	NA	-30.964	166.139
436	17	19	48.285	32.996	0	2	255	7.474	0.671	NA	0.803	NA	-29.055	1.909
437	17	20	48.285	32.996	0	2	255	7.474	0.671	NA	0	NA	0	29.055
438	17	21	48.285	32.918	0	2	102	7.552	0.629	NA	0.078	NA	-90	-90
439	17	22	48.753	32.45	0	2	255	8.214	0.174	NA	0.662	NA	-45	45
440	17	23	49.533	32.294	0	2	255	9.009	0.768	NA	0.795	NA	-11.31	33.69
441	17	24	49.611	31.982	0	2	186	9.331	0.999	NA	0.322	NA	-75.964	-64.654
442	17	25	49.533	31.982	0	2	255	9.409	0.939	NA	0.078	NA	180	-104.036
443	17	26	49.533	31.982	0	2	255	9.409	0.939	NA	0	NA	0	-180
444	17	27	49.611	31.982	0	2	111	9.487	0.999	NA	0.078	NA	0	0
445	17	28	49.923	31.982	0	2	255	9.799	1.258	NA	0.312	NA	0	0
446	17	29	49.845	31.904	0	2	83	9.909	1.233	NA	0.11	NA	-135	-135
447	17	30	49.767	31.904	0	2	121	9.987	1.17	NA	0.078	NA	180	-45
448	17	31	49.689	31.904	0	2	205	10.065	1.109	NA	0.078	NA	180	0
449	17	32	49.845	31.904	0	2	139	10.221	1.233	NA	0.156	NA	0	-180
450	17	33	49.923	31.514	0	2	255	10.619	1.544	NA	0.398	NA	-78.69	-78.69
451	17	34	49.923	31.514	0	2	255	10.619	1.544	NA	0	NA	0	78.69
452	17	35	49.767	31.592	0	2	223	10.793	1.38	NA	0.174	NA	153.435	153.435
453	17	36	49.221	32.216	0	2	205	11.622	0.552	NA	0.829	NA	131.186	-22.249
454	17	37	48.519	32.528	0	2	233	12.391	0.322	NA	0.768	NA	156.038	24.852
455	17	38	48.519	32.606	0	2	195	12.469	0.312	NA	0.078	NA	90	-66.038
456	17	39	48.129	32.684	0	2	242	12.866	0.706	NA	0.398	NA	168.69	78.69
457	17	40	48.051	32.84	0	2	130	13.041	0.814	NA	0.174	NA	116.565	-52.125
458	17	41	47.817	33.542	0	2	130	13.781	1.38	NA	0.74	NA	108.435	-8.13
459	17	42	47.817	33.542	0	2	102	13.781	1.38	NA	0	NA	0	-108.435
460	17	43	47.817	33.542	0	2	139	13.781	1.38	NA	0	NA	0	0
461	17	44	47.973	32.996	0	2	255	14.349	0.943	NA	0.568	NA	-74.055	-74.055
462	17	45	48.129	32.918	0	2	255	14.523	0.768	NA	0.174	NA	-26.565	47.49
463	17	46	48.129	32.918	0	2	255	14.523	0.768	NA	0	NA	0	26.565
464	17	47	48.363	32.762	0	2	255	14.804	0.493	NA	0.281	NA	-33.69	-33.69
465	17	48	48.363	32.684	0	2	255	14.882	0.474	NA	0.078	NA	-90	-56.31
466	17	49	48.129	32.762	0	2	255	15.129	0.719	NA	0.247	NA	161.565	-108.435
467	17	50	48.129	32.84	0	2	255	15.207	0.74	NA	0.078	NA	90	-71.565
468	18	1	51.327	30.734	0	2	83	0	0	NA	NA	NA	NA	NA
469	18	2	51.327	30.734	0	2	130	0	0	NA	0	NA	0	NA
470	18	3	51.327	30.734	0	2	74	0	0	NA	0	NA	0	0
471	18	4	50.625	31.124	0	2	46	0.803	0.803	NA	0.803	NA	150.945	150.945
472	18	5	50.001	31.67	0	2	139	1.632	1.623	NA	0.829	NA	138.814	-12.131
473	18	6	49.689	31.826	0	2	167	1.981	1.969	NA	0.349	NA	153.435	14.621
474	18	7	49.689	31.904	0	2	111	2.059	2.013	NA	0.078	NA	90	-63.435
475	18	8	49.689	31.904	0	2	102	2.059	2.013	NA	0	NA	0	-90
476	18	9	49.143	32.216	0	2	255	2.688	2.64	NA	0.629	NA	150.255	150.255
477	18	10	49.299	32.294	0	2	130	2.862	2.559	NA	0.174	NA	26.565	-123.69
478	18	11	49.299	32.294	0	2	195	2.862	2.559	NA	0	NA	0	-26.565
479	18	12	49.689	31.826	0	2	255	3.472	1.969	NA	0.609	NA	-50.194	-50.194
480	18	13	50.157	31.67	0	2	255	3.965	1.498	NA	0.493	NA	-18.435	31.759
481	18	14	50.781	31.202	0	2	130	4.745	0.719	NA	0.78	NA	-36.87	-18.435
482	18	15	51.093	30.968	0	2	74	5.135	0.331	NA	0.39	NA	-36.87	0
483	18	16	51.171	30.656	0	2	186	5.457	0.174	NA	0.322	NA	-75.964	-39.094
484	18	17	51.171	30.656	0	2	158	5.457	0.174	NA	0	NA	0	75.964
485	18	18	51.171	30.656	0	2	102	5.457	0.174	NA	0	NA	0	0
486	18	19	51.561	30.188	0	2	214	6.066	0.594	NA	0.609	NA	-50.194	-50.194
487	18	20	51.717	30.11	0	2	255	6.24	0.736	NA	0.174	NA	-26.565	23.629
488	18	21	52.107	29.72	0	2	177	6.792	1.279	NA	0.552	NA	-45	-18.435
489	18	22	52.263	29.486	0	2	233	7.073	1.56	NA	0.281	NA	-56.31	-11.31
490	18	23	52.263	29.408	0	2	214	7.151	1.623	NA	0.078	NA	-90	-33.69
491	18	24	52.263	29.408	0	2	233	7.151	1.623	NA	0	NA	0	90
492	18	25	51.951	29.876	0	2	158	7.714	1.061	NA	0.562	NA	123.69	123.69
493	18	26	52.029	29.486	0	2	111	8.111	1.432	NA	0.398	NA	-78.69	157.62
494	18	27	51.951	29.72	0	2	111	8.358	1.191	NA	0.247	NA	108.435	-172.875
495	18	28	51.795	29.876	0	2	74	8.579	0.977	NA	0.221	NA	135	26.565
496	18	29	51.639	30.032	0	2	121	8.799	0.768	NA	0.221	NA	135	0
497	18	30	51.483	30.188	0	2	195	9.02	0.568	NA	0.221	NA	135	0
498	18	31	51.873	29.408	0	2	167	9.892	1.434	NA	0.872	NA	-63.435	161.565
499	18	32	52.263	29.408	0	2	46	10.282	1.623	NA	0.39	NA	0	63.435
500	18	33	52.419	29.252	0	2	130	10.503	1.841	NA	0.221	NA	-45	-45
501	18	34	52.419	29.252	0	2	195	10.503	1.841	NA	0	NA	0	45
502	18	35	52.185	29.174	0	2	233	10.749	1.78	NA	0.247	NA	-161.565	-161.565
503	18	36	52.185	29.174	0	2	167	10.749	1.78	NA	0	NA	0	161.565
504	18	37	52.185	29.174	0	2	130	10.749	1.78	NA	0	NA	0	0
505	18	38	52.029	29.174	0	2	255	10.905	1.711	NA	0.156	NA	180	180
506	18	39	51.483	30.188	0	2	167	12.057	0.568	NA	1.152	NA	118.301	-61.699
507	18	40	50.469	30.734	0	2	255	13.209	0.858	NA	1.152	NA	151.699	33.398
508	18	41	49.611	31.67	0	2	255	14.479	1.955	NA	1.27	NA	132.51	-19.189
509	18	42	47.739	32.606	0	2	255	16.572	4.047	NA	2.093	NA	153.435	20.925
510	19	1	53.745	28.16	0	2	55	0	0	NA	NA	NA	NA	NA
511	19	2	53.901	28.784	0	2	18	0.643	0.643	NA	0.643	NA	75.964	NA
512	19	3	53.121	28.862	0	2	65	1.427	0.939	NA	0.784	NA	174.289	98.326
513	19	4	52.887	29.33	0	2	149	1.95	1.451	NA	0.523	NA	116.565	-57.724
514	19	5	53.043	28.706	0	2	0	2.594	0.889	NA	0.643	NA	-75.964	167.471
515	19	6	53.979	28.238	0	2	55	3.64	0.247	NA	1.047	NA	-26.565	49.399
516	19	7	53.355	28.628	0	2	177	4.376	0.609	NA	0.736	NA	147.995	174.56
517	19	8	52.731	29.642	0	2	27	5.567	1.796	NA	1.191	NA	121.608	-26.387
518	19	9	52.263	29.798	0	2	186	6.06	2.209	NA	0.493	NA	161.565	39.958
519	19	10	52.185	30.11	0	2	55	6.382	2.497	NA	0.322	NA	104.036	-57.529
520	19	11	52.185	29.72	0	2	205	6.772	2.206	NA	0.39	NA	-90	165.964
521	19	12	52.185	29.72	0	2	177	6.772	2.206	NA	0	NA	0	90
522	19	13	52.029	30.188	0	2	74	7.265	2.657	NA	0.493	NA	108.435	108.435
523	19	14	52.029	30.188	0	2	93	7.265	2.657	NA	0	NA	0	-108.435
524	19	15	52.029	30.188	0	2	65	7.265	2.657	NA	0	NA	0	0
525	19	16	51.873	29.954	0	2	233	7.546	2.593	NA	0.281	NA	-123.69	-123.69
526	19	17	51.951	29.876	0	2	255	7.657	2.483	NA	0.11	NA	-45	78.69
527	19	18	51.951	29.876	0	2	255	7.657	2.483	NA	0	NA	0	45
528	19	19	51.951	29.876	0	2	205	7.657	2.483	NA	0	NA	0	0
529	19	20	52.029	29.876	0	2	177	7.735	2.427	NA	0.078	NA	0	0
530	19	21	52.107	29.72	0	2	130	7.909	2.262	NA	0.174	NA	-63.435	-63.435
531	19	22	52.029	29.72	0	2	65	7.987	2.319	NA	0.078	NA	180	-116.565
532	19	23	52.263	29.72	0	2	158	8.221	2.152	NA	0.234	NA	0	-180
533	19	24	52.575	29.096	0	2	214	8.919	1.498	NA	0.698	NA	-63.435	-63.435
534	19	25	53.355	28.628	0	2	74	9.829	0.609	NA	0.91	NA	-30.964	32.471
535	20	1	44.775	35.648	0	2	102	0	0	NA	NA	NA	NA	NA
536	20	2	44.541	35.648	0	2	255	0.234	0.234	NA	0.234	NA	180	NA
537	20	3	44.775	35.804	0	2	27	0.515	0.156	NA	0.281	NA	33.69	-146.31
538	20	4	44.697	35.804	0	2	130	0.593	0.174	NA	0.078	NA	180	146.31
539	20	5	44.384	36.194	0	2	83	1.093	0.671	NA	0.499	NA	128.66	-51.34
540	20	6	44.306	36.272	0	2	93	1.203	0.78	NA	0.11	NA	135	6.34
541	20	7	44.306	36.428	0	2	93	1.359	0.91	NA	0.156	NA	90	-45
542	20	8	44.853	35.414	0	2	55	2.511	0.247	NA	1.152	NA	-61.699	-151.699
543	20	9	44.697	35.414	0	2	74	2.667	0.247	NA	0.156	NA	180	-118.301
544	20	10	44.619	35.414	0	2	205	2.745	0.281	NA	0.078	NA	180	0
545	20	11	45.243	35.336	0	2	102	3.374	0.562	NA	0.629	NA	-7.125	172.875
546	20	12	45.087	35.336	0	2	65	3.53	0.441	NA	0.156	NA	180	-172.875
547	20	13	45.321	35.258	0	2	186	3.776	0.671	NA	0.247	NA	-18.435	161.565
548	20	14	44.931	35.726	0	2	37	4.386	0.174	NA	0.609	NA	129.806	148.241
549	20	15	45.087	36.272	0	2	27	4.953	0.698	NA	0.568	NA	74.055	-55.751
550	20	16	44.541	35.648	0	2	121	5.783	0.234	NA	0.829	NA	-131.186	154.759
551	20	17	44.619	35.648	0	2	93	5.861	0.156	NA	0.078	NA	0	131.186
552	20	18	44.853	35.57	0	2	65	6.107	0.11	NA	0.247	NA	-18.435	-18.435
553	20	19	45.477	35.18	0	2	65	6.843	0.844	NA	0.736	NA	-32.005	-13.57
554	20	20	45.555	35.18	0	2	74	6.921	0.91	NA	0.078	NA	0	32.005
555	20	21	45.009	34.79	0	2	149	7.592	0.889	NA	0.671	NA	-144.462	-144.462
556	20	22	44.775	35.102	0	2	242	7.982	0.546	NA	0.39	NA	126.87	-88.668
557	20	23	44.775	35.18	0	2	37	8.06	0.468	NA	0.078	NA	90	-36.87
558	20	24	45.087	35.258	0	2	130	8.382	0.499	NA	0.322	NA	14.036	-75.964
559	20	25	44.931	35.258	0	2	55	8.538	0.42	NA	0.156	NA	180	165.964
560	20	26	45.399	34.946	0	2	37	9.1	0.939	NA	0.562	NA	-33.69	146.31
561	20	27	45.711	34.868	0	2	149	9.422	1.218	NA	0.322	NA	-14.036	19.654
562	21	1	43.214	34.556	0	2	93	0	0	NA	NA	NA	NA	NA
563	21	2	43.292	34.946	0	2	111	0.398	0.398	NA	0.398	NA	78.69	NA
564	21	3	43.292	34.478	0	2	74	0.866	0.11	NA	0.468	NA	-90	-168.69
565	21	4	42.98	34.868	0	2	83	1.365	0.39	NA	0.499	NA	128.66	-141.34
566	21	5	43.058	35.258	0	2	55	1.763	0.719	NA	0.398	NA	78.69	-49.97
567	21	6	43.058	35.258	0	2	46	1.763	0.719	NA	0	NA	0	-78.69
568	21	7	42.356	35.492	0	2	111	2.503	1.27	NA	0.74	NA	161.565	161.565
569	21	8	42.668	35.336	0	2	149	2.852	0.952	NA	0.349	NA	-26.565	171.87
570	21	9	42.746	35.336	0	2	46	2.93	0.91	NA	0.078	NA	0	26.565
571	21	10	43.292	35.18	0	2	102	3.498	0.629	NA	0.568	NA	-15.945	-15.945
572	21	11	43.37	35.024	0	2	121	3.672	0.493	NA	0.174	NA	-63.435	-47.49
573	21	12	43.916	35.492	0	2	18	4.391	1.17	NA	0.719	NA	40.601	104.036
574	21	13	43.916	35.492	0	2	83	4.391	1.17	NA	0	NA	0	-40.601
575	21	14	43.37	35.804	0	2	83	5.02	1.258	NA	0.629	NA	150.255	150.255
576	21	15	42.824	35.804	0	2	74	5.566	1.308	NA	0.546	NA	180	29.745
577	21	16	42.59	35.804	0	2	55	5.8	1.395	NA	0.234	NA	180	0
578	21	17	42.434	35.492	0	2	102	6.149	1.218	NA	0.349	NA	-116.565	63.435
579	21	18	42.746	35.024	0	2	177	6.712	0.662	NA	0.562	NA	-56.31	60.255
580	21	19	42.512	34.946	0	2	93	6.958	0.803	NA	0.247	NA	-161.565	-105.255
581	21	20	42.512	34.712	0	2	158	7.192	0.719	NA	0.234	NA	-90	71.565
582	21	21	42.824	34.556	0	2	102	7.541	0.39	NA	0.349	NA	-26.565	63.435
583	22	1	40.796	37.364	0	2	121	0	0	NA	NA	NA	NA	NA
584	22	2	40.796	37.364	0	2	27	0	0	NA	0	NA	0	NA
585	22	3	41.42	37.364	0	2	121	0.624	0.624	NA	0.624	NA	0	0
586	22	4	41.42	37.442	0	2	46	0.702	0.629	NA	0.078	NA	90	90
587	22	5	41.42	37.13	0	2	93	1.014	0.666	NA	0.312	NA	-90	-180
588	22	6	41.498	37.208	0	2	102	1.124	0.719	NA	0.11	NA	45	135
589	22	7	41.576	37.208	0	2	65	1.202	0.795	NA	0.078	NA	0	-45
590	22	8	41.654	36.896	0	2	158	1.524	0.977	NA	0.322	NA	-75.964	-75.964
591	22	9	42.044	37.13	0	2	74	1.979	1.27	NA	0.455	NA	30.964	106.928
592	22	10	42.434	37.052	0	2	74	2.377	1.668	NA	0.398	NA	-11.31	-42.274
593	22	11	42.434	36.974	0	2	55	2.455	1.684	NA	0.078	NA	-90	-78.69
594	22	12	42.434	36.896	0	2	111	2.533	1.704	NA	0.078	NA	-90	0
595	22	13	42.512	36.896	0	2	83	2.611	1.779	NA	0.078	NA	0	90
596	22	14	42.356	36.896	0	2	83	2.767	1.629	NA	0.156	NA	180	180
597	22	15	42.278	36.896	0	2	102	2.845	1.554	NA	0.078	NA	180	0
598	22	16	42.356	36.74	0	2	83	3.019	1.68	NA	0.174	NA	-63.435	116.565
599	22	17	42.356	36.818	0	2	121	3.097	1.653	NA	0.078	NA	90	153.435
600	22	18	42.59	36.818	0	2	111	3.331	1.875	NA	0.234	NA	0	-90
601	22	19	42.278	36.818	0	2	195	3.643	1.579	NA	0.312	NA	180	180
602	22	20	42.278	36.818	0	2	121	3.643	1.579	NA	0	NA	0	-180
603	22	21	42.356	36.896	0	2	83	3.753	1.629	NA	0.11	NA	45	45
604	22	22	42.356	37.052	0	2	74	3.909	1.591	NA	0.156	NA	90	45
