Nr	TID	PID	x [micron]	y [micron]	t [sec]	c [idx]	I [val]	Len [micron]	D2S [micron]	D2R [micron]	D2P [micron]	v [micron/sec]	? [deg]	?? [deg]
1	1	1	20.701	10.758	0	2	37	0	0	NA	NA	NA	NA	NA
2	1	2	20.218	10.839	0	2	0	0.49	0.49	NA	0.49	NA	170.538	NA
3	1	3	20.298	10.879	0	2	9	0.58	0.42	NA	0.09	NA	26.565	-143.973
4	1	4	20.621	10.879	0	2	37	0.902	0.145	NA	0.322	NA	0	-26.565
5	1	5	20.54	10.879	0	2	18	0.982	0.201	NA	0.081	NA	180	180
6	1	6	20.822	10.879	0	2	9	1.264	0.171	NA	0.282	NA	0	-180
7	1	7	20.017	10.919	0	2	27	2.07	0.703	NA	0.806	NA	177.138	177.138
8	1	8	19.292	11.724	0	2	18	3.153	1.708	NA	1.083	NA	131.987	-45.15
9	1	9	17.843	12.167	0	2	18	4.669	3.186	NA	1.515	NA	163.009	31.022
10	1	10	18.004	12.207	0	2	9	4.835	3.062	NA	0.166	NA	14.036	-148.973
11	1	11	18.044	12.127	0	2	9	4.925	2.989	NA	0.09	NA	-63.435	-77.471
12	1	12	17.078	12.771	0	2	37	6.086	4.144	NA	1.161	NA	146.31	-150.255
13	1	13	17.038	13.053	0	2	18	6.37	4.322	NA	0.285	NA	98.13	-48.18
14	1	14	16.756	13.375	0	2	0	6.798	4.734	NA	0.428	NA	131.186	33.056
15	1	15	16.474	13.536	0	2	18	7.123	5.058	NA	0.325	NA	150.255	19.069
16	1	16	17.4	13.495	0	2	9	8.05	4.288	NA	0.927	NA	-2.49	-152.745
17	1	17	17.4	13.093	0	2	0	8.452	4.043	NA	0.403	NA	-90	-87.51
18	1	18	18.205	13.053	0	2	27	9.258	3.39	NA	0.806	NA	-2.862	87.138
19	1	19	18.205	13.053	0	2	27	9.258	3.39	NA	0	NA	0	2.862
20	1	20	18.729	12.771	0	2	27	9.853	2.818	NA	0.594	NA	-28.301	-28.301
21	1	21	18.729	12.731	0	2	18	9.893	2.79	NA	0.04	NA	-90	-61.699
22	1	22	18.769	12.69	0	2	9	9.95	2.733	NA	0.057	NA	-45	45
23	1	23	18.97	12.409	0	2	0	10.296	2.392	NA	0.346	NA	-54.462	-9.462
24	1	24	19.051	12.489	0	2	9	10.41	2.392	NA	0.114	NA	45	99.462
25	1	25	19.815	12.046	0	2	0	11.294	1.563	NA	0.884	NA	-30.069	-75.069
26	1	26	20.419	11.845	0	2	0	11.93	1.123	NA	0.636	NA	-18.435	11.634
27	1	27	20.218	12.368	0	2	18	12.491	1.681	NA	0.561	NA	111.038	129.472
28	1	28	19.493	12.61	0	2	0	13.255	2.211	NA	0.764	NA	161.565	50.528
29	1	29	18.97	12.65	0	2	9	13.78	2.564	NA	0.525	NA	175.601	14.036
30	1	30	17.964	12.167	0	2	0	14.896	3.079	NA	1.116	NA	-154.359	30.04
31	2	1	19.332	11.764	0	2	0	0	0	NA	NA	NA	NA	NA
32	2	2	18.97	12.046	0	2	18	0.459	0.459	NA	0.459	NA	142.125	NA
33	2	3	18.97	12.046	0	2	27	0.459	0.459	NA	0	NA	0	-142.125
34	2	4	18.608	12.288	0	2	0	0.894	0.894	NA	0.435	NA	146.31	146.31
35	2	5	18.084	12.409	0	2	9	1.431	1.404	NA	0.537	NA	167.005	20.695
36	2	6	17.803	12.69	0	2	9	1.83	1.788	NA	0.399	NA	135	-32.005
37	2	7	17.803	12.69	0	2	18	1.83	1.788	NA	0	NA	0	-135
38	2	8	17.481	12.731	0	2	9	2.155	2.089	NA	0.325	NA	172.875	172.875
39	2	9	17.682	12.69	0	2	18	2.36	1.892	NA	0.205	NA	-11.31	175.815
40	2	10	17.843	12.65	0	2	0	2.526	1.733	NA	0.166	NA	-14.036	-2.726
41	2	11	17.964	12.892	0	2	46	2.796	1.773	NA	0.27	NA	63.435	77.471
42	2	12	18.568	12.57	0	2	37	3.48	1.11	NA	0.684	NA	-28.072	-91.507
43	2	13	18.487	12.449	0	2	27	3.625	1.088	NA	0.145	NA	-123.69	-95.618
44	2	14	18.487	12.409	0	2	27	3.666	1.063	NA	0.04	NA	-90	33.69
45	2	15	17.762	12.046	0	2	18	4.476	1.595	NA	0.81	NA	-153.435	-63.435
46	2	16	16.837	12.368	0	2	0	5.456	2.568	NA	0.98	NA	160.821	-45.744
47	2	17	16.796	12.368	0	2	0	5.496	2.607	NA	0.04	NA	180	19.179
48	2	18	16.837	12.368	0	2	0	5.536	2.568	NA	0.04	NA	0	-180
49	2	19	16.474	12.57	0	2	37	5.951	2.969	NA	0.414	NA	150.945	150.945
50	2	20	16.072	12.288	0	2	0	6.442	3.302	NA	0.491	NA	-145.008	64.047
51	2	21	15.991	12.65	0	2	18	6.813	3.457	NA	0.371	NA	102.529	-112.463
52	2	22	16.796	12.328	0	2	9	7.68	2.598	NA	0.867	NA	-21.801	-124.33
53	2	23	16.716	12.892	0	2	0	8.25	2.849	NA	0.569	NA	98.13	119.932
54	2	24	16.555	12.65	0	2	9	8.54	2.915	NA	0.29	NA	-123.69	138.18
55	3	1	14.542	16.152	0	2	9	0	0	NA	NA	NA	NA	NA
56	3	2	15.75	15.709	0	2	0	1.286	1.286	NA	1.286	NA	-20.136	NA
57	3	3	15.629	15.669	0	2	27	1.414	1.189	NA	0.127	NA	-161.565	-141.429
58	3	4	15.669	15.548	0	2	27	1.541	1.279	NA	0.127	NA	-71.565	90
59	3	5	15.508	15.669	0	2	37	1.742	1.08	NA	0.201	NA	143.13	-145.305
60	3	6	15.508	15.629	0	2	0	1.782	1.099	NA	0.04	NA	-90	126.87
61	3	7	15.307	16.152	0	2	0	2.343	0.765	NA	0.561	NA	111.038	-158.962
62	3	8	15.428	16.233	0	2	18	2.488	0.889	NA	0.145	NA	33.69	-77.347
63	3	9	15.79	16.112	0	2	37	2.87	1.249	NA	0.382	NA	-18.435	-52.125
64	3	10	15.669	15.991	0	2	9	3.041	1.139	NA	0.171	NA	-135	-116.565
65	3	11	15.589	15.709	0	2	18	3.334	1.136	NA	0.293	NA	-105.945	29.055
66	4	1	14.945	15.991	0	2	18	0	0	NA	NA	NA	NA	NA
67	4	2	15.911	15.87	0	2	18	0.974	0.974	NA	0.974	NA	-7.125	NA
68	4	3	16.394	15.508	0	2	9	1.577	1.528	NA	0.604	NA	-36.87	-29.745
69	4	4	16.434	15.307	0	2	9	1.783	1.639	NA	0.205	NA	-78.69	-41.82
70	4	5	16.394	15.307	0	2	9	1.823	1.603	NA	0.04	NA	180	-101.31
71	4	6	16.152	15.347	0	2	18	2.068	1.369	NA	0.245	NA	170.538	-9.462
72	4	7	16.031	15.347	0	2	27	2.189	1.263	NA	0.121	NA	180	9.462
73	4	8	16.031	15.468	0	2	37	2.309	1.206	NA	0.121	NA	90	-90
74	4	9	16.112	15.468	0	2	18	2.39	1.279	NA	0.081	NA	0	-90
75	4	10	16.233	15.468	0	2	9	2.511	1.39	NA	0.121	NA	0	0
76	4	11	15.991	15.226	0	2	0	2.852	1.296	NA	0.342	NA	-135	-135
77	4	12	15.951	15.307	0	2	0	2.942	1.217	NA	0.09	NA	116.565	-108.435
78	4	13	16.273	15.146	0	2	0	3.302	1.575	NA	0.36	NA	-26.565	-143.13
79	4	14	16.031	15.387	0	2	27	3.644	1.243	NA	0.342	NA	135	161.565
