Nr	TID	PID	x [micron]	y [micron]	t [sec]	c [idx]	I [val]	Len [micron]	D2S [micron]	D2R [micron]	D2P [micron]	v [micron/sec]	? [deg]	?? [deg]
1	1	1	5.387	11.566	0	2	194	0	0	NA	NA	NA	NA	NA
2	1	2	6.646	11.49	0	2	33	1.261	1.261	NA	1.261	NA	-3.468	NA
3	1	3	6.951	11.528	0	2	255	1.568	1.564	NA	0.308	NA	7.125	10.593
4	1	4	7.066	11.528	0	2	228	1.683	1.679	NA	0.114	NA	0	-7.125
5	1	5	6.646	11.681	0	2	120	2.129	1.264	NA	0.446	NA	160.017	160.017
6	1	6	6.112	11.681	0	2	127	2.663	0.734	NA	0.534	NA	180	19.983
7	1	7	6.15	11.07	0	2	53	3.275	0.91	NA	0.611	NA	-86.424	93.576
8	1	8	6.722	11.109	0	2	221	3.848	1.411	NA	0.573	NA	3.814	90.238
9	1	9	6.608	11.109	0	2	114	3.963	1.304	NA	0.114	NA	180	176.186
10	1	10	6.608	10.918	0	2	147	4.153	1.382	NA	0.191	NA	-90	90
11	1	11	6.684	10.956	0	2	214	4.239	1.433	NA	0.085	NA	26.565	116.565
12	1	12	6.417	11.299	0	2	73	4.673	1.064	NA	0.435	NA	127.875	101.31
13	1	13	5.426	11.986	0	2	26	5.88	0.421	NA	1.206	NA	145.305	17.43
14	1	14	4.663	11.948	0	2	134	6.643	0.819	NA	0.764	NA	-177.138	37.558
15	1	15	4.396	11.91	0	2	67	6.913	1.049	NA	0.27	NA	-171.87	5.268
16	1	16	4.396	11.681	0	2	114	7.142	0.998	NA	0.229	NA	-90	81.87
17	1	17	4.586	11.719	0	2	167	7.336	0.815	NA	0.194	NA	11.31	101.31
18	1	18	4.739	11.719	0	2	80	7.489	0.666	NA	0.153	NA	0	-11.31
19	1	19	4.663	11.566	0	2	53	7.66	0.725	NA	0.171	NA	-116.565	-116.565
20	1	20	4.51	11.566	0	2	80	7.812	0.877	NA	0.153	NA	180	-63.435
21	1	21	3.824	11.49	0	2	60	8.503	1.566	NA	0.691	NA	-173.66	6.34
22	1	22	4.091	11.337	0	2	73	8.81	1.317	NA	0.308	NA	-29.745	143.915
23	1	23	4.205	11.566	0	2	20	9.066	1.182	NA	0.256	NA	63.435	93.18
24	1	24	4.51	11.604	0	2	73	9.374	0.878	NA	0.308	NA	7.125	-56.31
25	1	25	4.663	11.528	0	2	67	9.544	0.726	NA	0.171	NA	-26.565	-33.69
26	1	26	5.311	11.528	0	2	201	10.193	0.085	NA	0.648	NA	0	26.565
27	1	27	5.426	11.986	0	2	167	10.664	0.421	NA	0.472	NA	75.964	75.964
28	1	28	5.464	11.719	0	2	181	10.934	0.171	NA	0.27	NA	-81.87	-157.834
29	1	29	5.311	11.643	0	2	201	11.105	0.108	NA	0.171	NA	-153.435	-71.565
30	1	30	4.701	11.528	0	2	73	11.726	0.688	NA	0.621	NA	-169.38	-15.945
31	1	31	4.777	11.528	0	2	140	11.802	0.611	NA	0.076	NA	0	169.38
32	1	32	4.892	11.91	0	2	127	12.2	0.603	NA	0.398	NA	73.301	73.301
33	1	33	4.739	12.024	0	2	114	12.391	0.794	NA	0.191	NA	143.13	69.829
34	1	34	4.663	12.024	0	2	93	12.467	0.857	NA	0.076	NA	180	36.87
35	1	35	5.197	12.329	0	2	160	13.082	0.786	NA	0.615	NA	29.745	-150.255
36	1	36	5.349	12.329	0	2	174	13.235	0.764	NA	0.153	NA	0	-29.745
37	1	37	5.273	12.329	0	2	194	13.311	0.771	NA	0.076	NA	180	180
38	1	38	5.502	12.253	0	2	174	13.552	0.696	NA	0.241	NA	-18.435	161.565
39	1	39	5.54	12.1	0	2	114	13.709	0.555	NA	0.157	NA	-75.964	-57.529
40	1	40	5.273	12.062	0	2	181	13.979	0.509	NA	0.27	NA	-171.87	-95.906
41	2	1	4.93	13.13	0	2	160	0	0	NA	NA	NA	NA	NA
42	2	2	4.853	13.321	0	2	174	0.205	0.205	NA	0.205	NA	111.801	NA
43	2	3	4.815	13.359	0	2	134	0.259	0.256	NA	0.054	NA	135	23.199
44	2	4	4.892	13.359	0	2	140	0.336	0.232	NA	0.076	NA	0	-135
45	2	5	5.006	13.245	0	2	154	0.497	0.138	NA	0.162	NA	-45	-45
46	2	6	5.12	13.245	0	2	107	0.612	0.222	NA	0.114	NA	0	45
47	2	7	4.777	13.245	0	2	201	0.955	0.191	NA	0.343	NA	180	180
48	2	8	4.892	13.245	0	2	154	1.07	0.121	NA	0.114	NA	0	-180
49	2	9	5.006	13.245	0	2	255	1.184	0.138	NA	0.114	NA	0	0
50	2	10	5.006	13.245	0	2	255	1.184	0.138	NA	0	NA	0	0
51	2	11	5.006	13.206	0	2	207	1.222	0.108	NA	0.038	NA	-90	-90
52	2	12	5.006	13.206	0	2	160	1.222	0.108	NA	0	NA	0	90
53	2	13	5.159	13.206	0	2	46	1.375	0.241	NA	0.153	NA	0	0
54	2	14	5.273	13.206	0	2	194	1.489	0.352	NA	0.114	NA	0	0
55	2	15	5.502	13.245	0	2	100	1.721	0.583	NA	0.232	NA	9.462	9.462
56	2	16	5.578	13.206	0	2	20	1.806	0.653	NA	0.085	NA	-26.565	-36.027
57	2	17	5.502	13.206	0	2	40	1.883	0.577	NA	0.076	NA	180	-153.435
58	2	18	5.311	13.321	0	2	93	2.105	0.426	NA	0.222	NA	149.036	-30.964
59	2	19	5.311	13.321	0	2	46	2.105	0.426	NA	0	NA	0	-149.036
60	2	20	5.273	13.321	0	2	40	2.143	0.393	NA	0.038	NA	180	180
61	2	21	5.426	12.901	0	2	53	2.59	0.546	NA	0.446	NA	-70.017	109.983
62	2	22	4.739	12.901	0	2	107	3.276	0.298	NA	0.687	NA	180	-109.983
63	2	23	4.777	13.13	0	2	93	3.508	0.153	NA	0.232	NA	80.538	-99.462
64	2	24	5.159	13.473	0	2	87	4.021	0.413	NA	0.513	NA	41.987	-38.55
65	2	25	6.036	13.206	0	2	80	4.938	1.109	NA	0.917	NA	-16.928	-58.915
66	2	26	5.54	13.245	0	2	80	5.436	0.621	NA	0.497	NA	175.601	-167.471
67	2	27	5.12	13.321	0	2	53	5.862	0.27	NA	0.426	NA	169.695	-5.906
68	2	28	3.938	13.168	0	2	120	7.054	0.992	NA	1.192	NA	-172.648	17.657
69	2	29	3.938	12.901	0	2	100	7.321	1.018	NA	0.267	NA	-90	82.648
70	2	30	4.51	13.054	0	2	181	7.913	0.426	NA	0.592	NA	14.931	104.931
71	2	31	5.159	13.206	0	2	127	8.579	0.241	NA	0.666	NA	13.241	-1.691
72	2	32	5.311	13.206	0	2	107	8.732	0.389	NA	0.153	NA	0	-13.241
73	2	33	4.93	13.245	0	2	46	9.115	0.114	NA	0.383	NA	174.289	174.289
74	2	34	4.739	13.168	0	2	93	9.321	0.194	NA	0.205	NA	-158.199	27.512
75	2	35	4.625	13.092	0	2	53	9.458	0.308	NA	0.138	NA	-146.31	11.889
76	2	36	5.311	13.359	0	2	33	10.195	0.445	NA	0.737	NA	21.251	167.56
77	2	37	5.273	13.13	0	2	20	10.427	0.343	NA	0.232	NA	-99.462	-120.713
78	2	38	5.845	12.787	0	2	100	11.094	0.978	NA	0.667	NA	-30.964	68.499
79	2	39	5.96	12.672	0	2	46	11.256	1.127	NA	0.162	NA	-45	-14.036
80	2	40	6.494	12.749	0	2	46	11.795	1.61	NA	0.539	NA	8.13	53.13
81	3	1	5.845	11.986	0	2	40	0	0	NA	NA	NA	NA	NA
82	3	2	6.417	11.871	0	2	46	0.583	0.583	NA	0.583	NA	-11.31	NA
83	3	3	8.324	12.482	0	2	60	2.586	2.528	NA	2.002	NA	17.745	29.055
84	3	4	9.087	12.672	0	2	73	3.372	3.314	NA	0.786	NA	14.036	-3.708
85	4	1	8.782	12.253	0	2	40	0	0	NA	NA	NA	NA	NA
86	4	2	8.896	12.177	0	2	20	0.138	0.138	NA	0.138	NA	-33.69	NA
87	4	3	9.011	12.329	0	2	0	0.328	0.241	NA	0.191	NA	53.13	86.82
88	4	4	9.011	12.329	0	2	40	0.328	0.241	NA	0	NA	0	-53.13
89	4	5	9.774	12.291	0	2	13	1.092	0.992	NA	0.764	NA	-2.862	-2.862
90	5	1	3.938	11.604	0	2	73	0	0	NA	NA	NA	NA	NA
91	5	2	4.968	10.842	0	2	80	1.282	1.282	NA	1.282	NA	-36.529	NA
92	5	3	6.417	10.727	0	2	154	2.735	2.63	NA	1.454	NA	-4.514	32.015
93	5	4	6.684	10.689	0	2	174	3.005	2.895	NA	0.27	NA	-8.13	-3.616
94	5	5	6.608	10.689	0	2	194	3.081	2.822	NA	0.076	NA	180	-171.87
95	5	6	6.799	10.498	0	2	67	3.351	3.067	NA	0.27	NA	-45	135
96	5	7	6.722	10.46	0	2	67	3.436	3.01	NA	0.085	NA	-153.435	-108.435
97	5	8	6.646	10.575	0	2	33	3.574	2.897	NA	0.138	NA	123.69	-82.875
98	5	9	5.96	10.041	0	2	40	4.444	2.556	NA	0.87	NA	-142.125	94.185
99	5	10	5.273	10.041	0	2	13	5.13	2.056	NA	0.687	NA	180	-37.875
100	5	11	5.197	10.575	0	2	13	5.67	1.626	NA	0.539	NA	98.13	-81.87
101	5	12	5.349	10.384	0	2	6	5.914	1.866	NA	0.244	NA	-51.34	-149.47
102	5	13	6.036	10.803	0	2	20	6.718	2.245	NA	0.805	NA	31.43	82.77
103	5	14	6.341	10.765	0	2	6	7.026	2.545	NA	0.308	NA	-7.125	-38.555
104	6	1	2.145	12.253	0	2	0	0	0	NA	NA	NA	NA	NA
105	6	2	2.794	12.596	0	2	13	0.734	0.734	NA	0.734	NA	27.897	NA
106	6	3	3.328	12.787	0	2	60	1.301	1.297	NA	0.567	NA	19.654	-8.243
107	6	4	3.404	12.825	0	2	134	1.386	1.383	NA	0.085	NA	26.565	6.911
108	6	5	3.862	12.787	0	2	33	1.845	1.797	NA	0.459	NA	-4.764	-31.329
109	6	6	3.786	12.863	0	2	120	1.953	1.75	NA	0.108	NA	135	139.764
110	6	7	3.633	12.672	0	2	127	2.197	1.546	NA	0.244	NA	-128.66	96.34
111	6	8	3.862	12.672	0	2	194	2.426	1.767	NA	0.229	NA	0	128.66
112	6	9	4.014	12.749	0	2	181	2.597	1.934	NA	0.171	NA	26.565	26.565
113	6	10	4.281	12.901	0	2	140	2.904	2.232	NA	0.308	NA	29.745	3.18
114	6	11	4.243	13.13	0	2	167	3.136	2.274	NA	0.232	NA	99.462	69.717
115	6	12	4.243	12.901	0	2	127	3.365	2.196	NA	0.229	NA	-90	170.538
116	6	13	3.786	12.863	0	2	140	3.824	1.75	NA	0.459	NA	-175.236	-85.236
117	6	14	3.9	12.749	0	2	160	3.986	1.823	NA	0.162	NA	-45	130.236
118	6	15	4.434	12.596	0	2	73	4.542	2.314	NA	0.555	NA	-15.945	29.055
119	6	16	5.387	12.558	0	2	214	5.496	3.256	NA	0.954	NA	-2.291	13.655
120	6	17	5.845	12.596	0	2	107	5.955	3.716	NA	0.459	NA	4.764	7.054
121	6	18	6.227	12.711	0	2	20	6.353	4.107	NA	0.398	NA	16.699	11.936
122	6	19	6.608	12.444	0	2	20	6.819	4.467	NA	0.466	NA	-34.992	-51.691
123	7	1	2.603	13.435	0	2	20	0	0	NA	NA	NA	NA	NA
124	7	2	2.87	13.397	0	2	26	0.27	0.27	NA	0.27	NA	-8.13	NA
125	7	3	3.328	13.55	0	2	53	0.752	0.734	NA	0.482	NA	18.435	26.565
126	7	4	4.472	13.779	0	2	26	1.919	1.9	NA	1.167	NA	11.31	-7.125
127	7	5	4.701	13.817	0	2	6	2.151	2.132	NA	0.232	NA	9.462	-1.848
128	7	6	5.387	13.512	0	2	40	2.902	2.785	NA	0.751	NA	-23.962	-33.425
129	7	7	5.845	13.588	0	2	20	3.366	3.246	NA	0.464	NA	9.462	33.425
130	7	8	5.769	13.473	0	2	20	3.504	3.166	NA	0.138	NA	-123.69	-133.152
131	7	9	5.502	13.512	0	2	46	3.774	2.9	NA	0.27	NA	171.87	-64.44
132	8	1	21.063	15.037	0	2	20	0	0	NA	NA	NA	NA	NA
133	8	2	20.949	15.037	0	2	20	0.114	0.114	NA	0.114	NA	180	NA
134	8	3	21.407	14.961	0	2	13	0.578	0.352	NA	0.464	NA	-9.462	170.538
135	8	4	20.987	14.885	0	2	20	1.005	0.171	NA	0.426	NA	-169.695	-160.233
136	8	5	22.093	14.961	0	2	20	2.114	1.033	NA	1.109	NA	3.945	173.64
137	8	6	21.826	15.113	0	2	20	2.421	0.767	NA	0.308	NA	150.255	146.31
138	8	7	21.788	15.304	0	2	33	2.616	0.772	NA	0.194	NA	101.31	-48.945
139	8	8	21.826	15.266	0	2	33	2.67	0.796	NA	0.054	NA	-45	-146.31
140	8	9	21.521	15.152	0	2	20	2.995	0.472	NA	0.326	NA	-159.444	-114.444
141	8	10	21.788	15.075	0	2	46	3.273	0.726	NA	0.278	NA	-15.945	143.499
142	8	11	21.712	15.152	0	2	46	3.381	0.658	NA	0.108	NA	135	150.945
143	8	12	22.093	15.113	0	2	20	3.764	1.033	NA	0.383	NA	-5.711	-140.711
144	8	13	21.864	15.266	0	2	40	4.039	0.833	NA	0.275	NA	146.31	152.021
145	8	14	22.246	15.38	0	2	100	4.438	1.231	NA	0.398	NA	16.699	-129.611
146	8	15	22.246	15.571	0	2	26	4.628	1.297	NA	0.191	NA	90	73.301
147	8	16	23.199	15.914	0	2	73	5.642	2.309	NA	1.013	NA	19.799	-70.201
148	8	17	23.123	15.914	0	2	46	5.718	2.239	NA	0.076	NA	180	160.201
149	8	18	22.742	15.8	0	2	67	6.116	1.843	NA	0.398	NA	-163.301	16.699
150	8	19	23.695	16.906	0	2	73	7.576	3.228	NA	1.46	NA	49.236	-147.463
151	8	20	22.208	19.271	0	2	20	10.37	4.386	NA	2.794	NA	122.171	72.935
152	8	21	23.047	19.385	0	2	13	11.217	4.779	NA	0.847	NA	7.765	-114.406
153	8	22	23.199	19.042	0	2	13	11.593	4.539	NA	0.376	NA	-66.038	-73.803
154	8	23	21.941	19.08	0	2	20	12.852	4.137	NA	1.259	NA	178.264	-115.698
155	8	24	20.263	19.271	0	2	6	14.541	4.309	NA	1.689	NA	173.517	-4.747
156	9	1	21.903	16.677	0	2	20	0	0	NA	NA	NA	NA	NA
157	9	2	22.055	16.715	0	2	13	0.157	0.157	NA	0.157	NA	14.036	NA
158	9	3	21.674	16.868	0	2	20	0.568	0.298	NA	0.411	NA	158.199	144.162
159	9	4	21.674	16.868	0	2	13	0.568	0.298	NA	0	NA	0	-158.199
160	9	5	21.369	17.021	0	2	46	0.909	0.635	NA	0.341	NA	153.435	153.435
161	9	6	21.636	17.364	0	2	20	1.344	0.737	NA	0.435	NA	52.125	-101.31
162	9	7	21.712	17.402	0	2	13	1.429	0.749	NA	0.085	NA	26.565	-25.56
163	9	8	21.712	17.44	0	2	20	1.468	0.786	NA	0.038	NA	90	63.435
164	9	9	22.131	17.364	0	2	6	1.894	0.724	NA	0.426	NA	-10.305	-100.305
165	9	10	22.131	17.364	0	2	20	1.894	0.724	NA	0	NA	0	10.305
166	9	11	22.627	17.402	0	2	13	2.391	1.025	NA	0.497	NA	4.399	4.399
167	9	12	23.39	17.326	0	2	6	3.158	1.623	NA	0.767	NA	-5.711	-10.109
168	9	13	23.123	17.021	0	2	26	3.563	1.268	NA	0.405	NA	-131.186	-125.475
169	9	14	23.505	16.906	0	2	0	3.962	1.618	NA	0.398	NA	-16.699	114.487
170	9	15	23.009	17.249	0	2	0	4.565	1.245	NA	0.603	NA	145.305	162.004
171	10	1	19.652	17.287	0	2	13	0	0	NA	NA	NA	NA	NA
172	10	2	19.767	17.287	0	2	26	0.114	0.114	NA	0.114	NA	0	NA
173	10	3	19.385	17.783	0	2	13	0.74	0.563	NA	0.626	NA	127.569	127.569
174	10	4	19.729	17.783	0	2	26	1.083	0.502	NA	0.343	NA	0	-127.569
175	11	1	21.597	18.279	0	2	26	0	0	NA	NA	NA	NA	NA
176	11	2	21.597	18.279	0	2	6	0	0	NA	0	NA	0	NA
177	11	3	21.292	17.745	0	2	33	0.615	0.615	NA	0.615	NA	-119.745	-119.745
178	11	4	21.216	17.326	0	2	33	1.041	1.027	NA	0.426	NA	-100.305	19.44
179	11	5	21.216	17.593	0	2	0	1.308	0.785	NA	0.267	NA	90	-169.695
180	11	6	21.216	18.088	0	2	6	1.804	0.426	NA	0.496	NA	90	0
181	11	7	21.292	17.86	0	2	13	2.045	0.519	NA	0.241	NA	-71.565	-161.565
182	11	8	21.483	17.936	0	2	0	2.251	0.362	NA	0.205	NA	21.801	93.366
183	11	9	21.788	17.44	0	2	20	2.833	0.861	NA	0.582	NA	-58.392	-80.194
184	11	10	21.941	17.554	0	2	26	3.024	0.802	NA	0.191	NA	36.87	95.262
185	11	11	22.131	17.516	0	2	6	3.218	0.931	NA	0.194	NA	-11.31	-48.18
186	11	12	21.979	17.478	0	2	20	3.376	0.887	NA	0.157	NA	-165.964	-154.654
187	11	13	22.017	17.44	0	2	13	3.429	0.938	NA	0.054	NA	-45	120.964
188	11	14	21.979	17.326	0	2	6	3.55	1.027	NA	0.121	NA	-108.435	-63.435
189	11	15	22.322	17.631	0	2	13	4.009	0.972	NA	0.459	NA	41.634	150.068
190	11	16	21.979	18.165	0	2	6	4.644	0.398	NA	0.635	NA	122.735	81.102
191	11	17	22.208	17.745	0	2	26	5.122	0.811	NA	0.478	NA	-61.39	175.875
192	11	18	22.437	17.44	0	2	20	5.503	1.187	NA	0.381	NA	-53.13	8.259
193	11	19	22.971	17.135	0	2	0	6.118	1.787	NA	0.615	NA	-29.745	23.385
194	11	20	22.971	17.097	0	2	26	6.157	1.812	NA	0.038	NA	-90	-60.255
195	11	21	23.276	16.868	0	2	13	6.538	2.193	NA	0.381	NA	-36.87	53.13
196	11	22	22.932	17.173	0	2	6	6.997	1.734	NA	0.459	NA	138.366	175.236
197	11	23	23.009	16.944	0	2	13	7.239	1.943	NA	0.241	NA	-71.565	150.068
198	12	1	23.657	17.44	0	2	26	0	0	NA	NA	NA	NA	NA
199	12	2	24	17.898	0	2	13	0.572	0.572	NA	0.572	NA	53.13	NA
200	12	3	23.771	18.012	0	2	0	0.828	0.583	NA	0.256	NA	153.435	100.305
201	12	4	23.81	18.012	0	2	0	0.866	0.592	NA	0.038	NA	0	-153.435
202	12	5	23.924	17.821	0	2	13	1.089	0.466	NA	0.222	NA	-59.036	-59.036
203	12	6	23.581	17.936	0	2	0	1.45	0.502	NA	0.362	NA	161.565	-139.399
204	12	7	23.161	17.783	0	2	0	1.897	0.603	NA	0.446	NA	-160.017	38.418
205	12	8	23.199	17.44	0	2	6	2.242	0.458	NA	0.345	NA	-83.66	76.357
206	12	9	23.199	17.287	0	2	0	2.395	0.482	NA	0.153	NA	-90	-6.34
207	12	10	23.238	17.173	0	2	6	2.515	0.497	NA	0.121	NA	-71.565	18.435
208	12	11	23.085	17.059	0	2	20	2.706	0.688	NA	0.191	NA	-143.13	-71.565
209	12	12	23.085	17.059	0	2	6	2.706	0.688	NA	0	NA	0	143.13
210	12	13	22.971	17.516	0	2	0	3.178	0.691	NA	0.472	NA	104.036	104.036
211	12	14	23.009	17.898	0	2	6	3.561	0.794	NA	0.383	NA	84.289	-19.747
212	12	15	22.742	18.355	0	2	6	4.091	1.295	NA	0.53	NA	120.256	35.967
213	12	16	23.123	18.203	0	2	0	4.502	0.931	NA	0.411	NA	-21.801	-142.058
214	12	17	22.971	18.355	0	2	13	4.718	1.144	NA	0.216	NA	135	156.801
