Nr	TID	PID	x [micron]	y [micron]	t [sec]	c [idx]	I [val]	Len [micron]	D2S [micron]	D2R [micron]	D2P [micron]	v [micron/sec]	? [deg]	?? [deg]
1	1	1	25.653	30.999	0	2	46	0	0	NA	NA	NA	NA	NA
2	1	2	25.48	31.229	0	2	55	0.287	0.287	NA	0.287	NA	126.87	NA
3	1	3	25.48	31.344	0	2	27	0.402	0.386	NA	0.115	NA	90	-36.87
4	1	4	25.193	31.344	0	2	37	0.69	0.575	NA	0.287	NA	180	90
5	1	5	25.595	31.401	0	2	83	1.096	0.406	NA	0.406	NA	8.13	-171.87
6	1	6	25.653	31.401	0	2	102	1.154	0.402	NA	0.057	NA	0	-8.13
7	1	7	25.825	31.401	0	2	74	1.326	0.438	NA	0.172	NA	0	0
8	1	8	25.825	31.401	0	2	83	1.326	0.438	NA	0	NA	0	0
9	1	9	25.883	31.459	0	2	18	1.408	0.514	NA	0.081	NA	45	45
10	1	10	26.228	32.034	0	2	83	2.078	1.184	NA	0.67	NA	59.036	14.036
11	1	11	26.17	31.746	0	2	46	2.371	0.909	NA	0.293	NA	-101.31	-160.346
12	1	12	26.17	31.746	0	2	65	2.371	0.909	NA	0	NA	0	101.31
13	1	13	25.94	31.631	0	2	93	2.628	0.695	NA	0.257	NA	-153.435	-153.435
14	1	14	26.285	31.574	0	2	46	2.978	0.855	NA	0.35	NA	-9.462	143.973
15	1	15	25.998	31.401	0	2	102	3.313	0.53	NA	0.335	NA	-149.036	-139.574
16	1	16	25.998	31.401	0	2	93	3.313	0.53	NA	0	NA	0	149.036
17	1	17	26.113	31.401	0	2	46	3.428	0.611	NA	0.115	NA	0	0
18	1	18	26.4	31.459	0	2	55	3.721	0.877	NA	0.293	NA	11.31	11.31
19	1	19	26.4	31.459	0	2	18	3.721	0.877	NA	0	NA	0	-11.31
20	1	20	25.998	31.459	0	2	55	4.123	0.575	NA	0.402	NA	180	180
21	1	21	25.94	31.574	0	2	130	4.252	0.643	NA	0.129	NA	116.565	-63.435
22	1	22	25.768	31.689	0	2	37	4.459	0.699	NA	0.207	NA	146.31	29.745
23	1	23	25.825	31.689	0	2	37	4.517	0.711	NA	0.057	NA	0	-146.31
24	1	24	25.94	31.689	0	2	0	4.632	0.747	NA	0.115	NA	0	0
25	1	25	25.825	31.631	0	2	46	4.76	0.655	NA	0.129	NA	-153.435	-153.435
26	1	26	26.055	31.631	0	2	46	4.99	0.75	NA	0.23	NA	0	153.435
27	1	27	26.055	31.631	0	2	65	4.99	0.75	NA	0	NA	0	0
28	1	28	26.055	31.631	0	2	83	4.99	0.75	NA	0	NA	0	0
29	1	29	26.17	31.574	0	2	37	5.119	0.773	NA	0.129	NA	-26.565	-26.565
30	1	30	26.228	31.574	0	2	9	5.176	0.813	NA	0.057	NA	0	26.565
31	1	31	26.343	31.229	0	2	27	5.54	0.727	NA	0.364	NA	-71.565	-71.565
32	1	32	26.228	31.229	0	2	55	5.655	0.619	NA	0.115	NA	180	-108.435
33	1	33	25.998	31.229	0	2	27	5.885	0.415	NA	0.23	NA	180	0
34	1	34	25.998	31.229	0	2	27	5.885	0.415	NA	0	NA	0	-180
35	1	35	25.998	31.229	0	2	37	5.885	0.415	NA	0	NA	0	0
36	1	36	25.998	31.229	0	2	27	5.885	0.415	NA	0	NA	0	0
37	1	37	25.825	31.114	0	2	37	6.092	0.207	NA	0.207	NA	-146.31	-146.31
38	1	38	25.71	31.114	0	2	37	6.207	0.129	NA	0.115	NA	180	-33.69
39	1	39	25.71	31.114	0	2	93	6.207	0.129	NA	0	NA	0	-180
40	1	40	25.71	31.114	0	2	27	6.207	0.129	NA	0	NA	0	0
41	1	41	25.538	30.826	0	2	83	6.542	0.207	NA	0.335	NA	-120.964	-120.964
42	1	42	25.423	30.826	0	2	37	6.657	0.287	NA	0.115	NA	180	-59.036
43	1	43	25.365	30.769	0	2	37	6.738	0.368	NA	0.081	NA	-135	45
44	1	44	25.25	30.711	0	2	55	6.867	0.495	NA	0.129	NA	-153.435	-18.435
45	1	45	25.25	30.654	0	2	55	6.924	0.53	NA	0.057	NA	-90	63.435
46	1	46	25.538	30.654	0	2	93	7.212	0.364	NA	0.287	NA	0	90
47	1	47	25.595	30.711	0	2	74	7.293	0.293	NA	0.081	NA	45	45
48	1	48	25.653	30.596	0	2	139	7.422	0.402	NA	0.129	NA	-63.435	-108.435
49	1	49	26.113	30.654	0	2	83	7.885	0.575	NA	0.463	NA	7.125	70.56
50	1	50	26.343	31.056	0	2	55	8.349	0.692	NA	0.463	NA	60.255	53.13
51	2	1	21.226	24.216	0	2	55	0	0	NA	NA	NA	NA	NA
52	2	2	21.341	24.273	0	2	37	0.129	0.129	NA	0.129	NA	26.565	NA
53	2	3	21.341	24.273	0	2	27	0.129	0.129	NA	0	NA	0	-26.565
54	2	4	21.571	24.273	0	2	37	0.358	0.35	NA	0.23	NA	0	0
55	2	5	21.111	24.273	0	2	18	0.818	0.129	NA	0.46	NA	180	180
56	2	6	21.341	24.273	0	2	27	1.048	0.129	NA	0.23	NA	0	-180
57	2	7	21.399	24.273	0	2	46	1.106	0.182	NA	0.057	NA	0	0
58	2	8	21.399	24.273	0	2	18	1.106	0.182	NA	0	NA	0	0
59	2	9	21.399	24.273	0	2	27	1.106	0.182	NA	0	NA	0	0
60	2	10	21.284	24.216	0	2	18	1.234	0.057	NA	0.129	NA	-153.435	-153.435
61	2	11	21.169	24.216	0	2	27	1.349	0.057	NA	0.115	NA	180	-26.565
62	2	12	21.169	24.216	0	2	27	1.349	0.057	NA	0	NA	0	-180
63	2	13	21.054	23.756	0	2	9	1.823	0.491	NA	0.474	NA	-104.036	-104.036
64	2	14	21.399	23.871	0	2	9	2.187	0.386	NA	0.364	NA	18.435	122.471
65	2	15	21.341	23.813	0	2	27	2.268	0.418	NA	0.081	NA	-135	-153.435
66	2	16	21.399	23.698	0	2	9	2.397	0.545	NA	0.129	NA	-63.435	71.565
67	2	17	21.226	23.583	0	2	46	2.604	0.632	NA	0.207	NA	-146.31	-82.875
68	2	18	21.456	23.756	0	2	18	2.891	0.514	NA	0.287	NA	36.87	-176.82
69	2	19	21.284	23.411	0	2	9	3.277	0.807	NA	0.386	NA	-116.565	-153.435
70	2	20	21.571	23.468	0	2	9	3.57	0.823	NA	0.293	NA	11.31	127.875
71	2	21	21.169	23.411	0	2	27	3.977	0.807	NA	0.406	NA	-171.87	176.82
72	2	22	21.284	23.353	0	2	0	4.105	0.864	NA	0.129	NA	-26.565	145.305
73	2	23	21.399	23.353	0	2	9	4.22	0.879	NA	0.115	NA	0	26.565
74	2	24	21.226	23.296	0	2	18	4.402	0.92	NA	0.182	NA	-161.565	-161.565
75	2	25	21.399	23.411	0	2	9	4.609	0.823	NA	0.207	NA	33.69	-164.745
76	2	26	20.652	23.066	0	2	18	5.432	1.285	NA	0.823	NA	-155.225	171.085
77	2	27	20.824	22.721	0	2	9	5.818	1.548	NA	0.386	NA	-63.435	91.79
78	3	1	28.872	29.792	0	2	18	0	0	NA	NA	NA	NA	NA
79	3	2	27.032	30.654	0	2	27	2.032	2.032	NA	2.032	NA	154.885	NA
80	3	3	27.147	31.171	0	2	18	2.562	2.209	NA	0.53	NA	77.471	-77.414
81	3	4	27.32	31.401	0	2	0	2.849	2.236	NA	0.287	NA	53.13	-24.341
82	3	5	27.435	31.401	0	2	0	2.964	2.158	NA	0.115	NA	0	-53.13
83	3	6	26.687	32.091	0	2	18	3.981	3.172	NA	1.017	NA	137.291	137.291
84	4	6	25.365	40.484	0	2	9	0	0	NA	NA	NA	NA	NA
85	4	7	25.308	40.369	0	2	37	0.129	0.129	NA	0.129	NA	-116.565	NA
86	4	3	25.423	40.426	0	2	0	0.257	0.081	NA	0.129	NA	26.565	143.13
87	4	4	25.308	40.254	0	2	0	0.464	0.237	NA	0.207	NA	-123.69	-150.255
88	4	5	25.423	40.426	0	2	0	0.672	0.081	NA	0.207	NA	56.31	180
89	4	8	25.135	40.139	0	2	0	1.078	0.415	NA	0.406	NA	-135	168.69
90	4	9	25.135	40.139	0	2	0	1.078	0.415	NA	0	NA	0	135
91	4	10	25.135	40.139	0	2	46	1.078	0.415	NA	0	NA	0	0
92	4	11	25.423	39.909	0	2	0	1.446	0.578	NA	0.368	NA	-38.66	-38.66
93	4	12	25.423	39.909	0	2	9	1.446	0.578	NA	0	NA	0	38.66
94	4	13	25.423	40.024	0	2	9	1.561	0.463	NA	0.115	NA	90	90
95	4	14	25.365	40.081	0	2	0	1.642	0.402	NA	0.081	NA	135	45
96	4	15	25.423	40.484	0	2	18	2.049	0.057	NA	0.406	NA	81.87	-53.13
97	4	16	24.56	40.484	0	2	0	2.911	0.805	NA	0.862	NA	180	98.13
98	4	17	25.193	40.311	0	2	27	3.567	0.244	NA	0.655	NA	-15.255	164.745
99	4	18	24.56	40.714	0	2	0	4.316	0.837	NA	0.75	NA	147.529	162.784
100	4	19	25.078	40.484	0	2	9	4.882	0.287	NA	0.566	NA	-23.962	-171.491
101	4	20	25.94	39.909	0	2	0	5.919	0.813	NA	1.036	NA	-33.69	-9.728
102	4	21	25.71	40.254	0	2	0	6.333	0.415	NA	0.415	NA	123.69	157.38
103	4	22	25.71	39.966	0	2	18	6.621	0.622	NA	0.287	NA	-90	146.31
104	4	23	25.423	40.254	0	2	0	7.027	0.237	NA	0.406	NA	135	-135
105	4	24	25.365	39.966	0	2	27	7.32	0.517	NA	0.293	NA	-101.31	123.69
106	4	25	25.135	40.139	0	2	9	7.608	0.415	NA	0.287	NA	143.13	-115.56
107	4	26	25.48	40.024	0	2	9	7.971	0.474	NA	0.364	NA	-18.435	-161.565
108	4	27	25.308	40.024	0	2	9	8.144	0.463	NA	0.172	NA	180	-161.565
109	4	28	25.48	40.196	0	2	9	8.388	0.31	NA	0.244	NA	45	-135
110	4	29	25.308	40.254	0	2	0	8.569	0.237	NA	0.182	NA	161.565	116.565
111	4	30	25.135	40.426	0	2	0	8.813	0.237	NA	0.244	NA	135	-26.565
112	4	31	25.135	40.426	0	2	9	8.813	0.237	NA	0	NA	0	-135
113	4	32	25.135	40.426	0	2	0	8.813	0.237	NA	0	NA	0	0
114	4	33	25.538	40.484	0	2	9	9.22	0.172	NA	0.406	NA	8.13	8.13
115	4	34	25.02	40.369	0	2	0	9.75	0.364	NA	0.53	NA	-167.471	-175.601
116	4	35	25.02	40.369	0	2	9	9.75	0.364	NA	0	NA	0	167.471
117	4	36	25.48	40.081	0	2	18	10.292	0.418	NA	0.542	NA	-32.005	-32.005
118	4	37	25.48	40.369	0	2	18	10.579	0.163	NA	0.287	NA	90	122.005
119	4	38	25.653	40.196	0	2	0	10.823	0.406	NA	0.244	NA	-45	-135
120	4	39	25.538	40.426	0	2	0	11.08	0.182	NA	0.257	NA	116.565	161.565
121	4	40	25.193	40.541	0	2	27	11.444	0.182	NA	0.364	NA	161.565	45
122	4	41	25.25	39.966	0	2	9	12.022	0.53	NA	0.578	NA	-84.289	114.146
123	4	42	25.538	40.311	0	2	9	12.471	0.244	NA	0.449	NA	50.194	134.484
124	4	43	25.193	40.311	0	2	27	12.816	0.244	NA	0.345	NA	180	129.806
125	4	44	25.538	40.541	0	2	18	13.23	0.182	NA	0.415	NA	33.69	-146.31
126	4	45	25.308	40.656	0	2	18	13.487	0.182	NA	0.257	NA	153.435	119.745
127	4	46	25.193	40.714	0	2	9	13.616	0.287	NA	0.129	NA	153.435	0
128	4	47	25.538	40.599	0	2	0	13.979	0.207	NA	0.364	NA	-18.435	-171.87
129	4	48	25.135	40.714	0	2	18	14.398	0.325	NA	0.418	NA	164.055	-177.51
130	4	49	24.848	40.426	0	2	9	14.804	0.521	NA	0.406	NA	-135	60.945
131	4	50	25.25	40.541	0	2	9	15.223	0.129	NA	0.418	NA	15.945	150.945
132	4	51	25.25	40.599	0	2	0	15.28	0.163	NA	0.057	NA	90	74.055
133	4	52	24.963	40.139	0	2	9	15.823	0.53	NA	0.542	NA	-122.005	147.995
134	5	1	26.687	30.999	0	2	55	0	0	NA	NA	NA	NA	NA
135	5	2	27.032	30.884	0	2	46	0.364	0.364	NA	0.364	NA	-18.435	NA
136	5	3	26.802	30.941	0	2	18	0.601	0.129	NA	0.237	NA	165.964	-175.601
137	5	4	26.457	30.769	0	2	0	0.986	0.325	NA	0.386	NA	-153.435	40.601
138	5	5	26.4	30.596	0	2	9	1.168	0.495	NA	0.182	NA	-108.435	45
139	5	6	26.63	30.596	0	2	27	1.398	0.406	NA	0.23	NA	0	108.435
140	5	7	27.147	30.596	0	2	0	1.915	0.611	NA	0.517	NA	0	0
141	5	8	26.457	30.654	0	2	9	2.608	0.415	NA	0.692	NA	175.236	175.236
142	5	9	26.228	30.481	0	2	37	2.895	0.692	NA	0.287	NA	-143.13	41.634
143	5	10	26.055	30.424	0	2	46	3.077	0.855	NA	0.182	NA	-161.565	-18.435
144	5	11	26.055	30.424	0	2	18	3.077	0.855	NA	0	NA	0	161.565
145	5	12	25.365	30.424	0	2	18	3.767	1.442	NA	0.69	NA	180	180
146	5	13	26.457	30.424	0	2	46	4.859	0.619	NA	1.092	NA	0	-180
147	5	14	25.998	30.079	0	2	37	5.434	1.15	NA	0.575	NA	-143.13	-143.13
148	5	15	26.745	30.079	0	2	9	6.181	0.922	NA	0.747	NA	0	143.13
149	5	16	26.687	30.481	0	2	37	6.587	0.517	NA	0.406	NA	98.13	98.13
150	5	17	25.94	30.252	0	2	65	7.369	1.057	NA	0.782	NA	-162.897	98.973
151	5	18	25.825	30.366	0	2	18	7.532	1.069	NA	0.163	NA	135	-62.103
152	5	19	25.825	30.769	0	2	55	7.934	0.892	NA	0.402	NA	90	-45
153	5	20	25.825	30.424	0	2	27	8.279	1.036	NA	0.345	NA	-90	-180
154	7	1	27.837	24.503	0	2	27	0	0	NA	NA	NA	NA	NA
155	7	2	28.067	24.388	0	2	18	0.257	0.257	NA	0.257	NA	-26.565	NA
156	7	3	28.067	24.331	0	2	27	0.315	0.287	NA	0.057	NA	-90	-63.435
157	7	4	28.814	24.618	0	2	0	1.115	0.984	NA	0.801	NA	21.038	111.038
158	7	5	29.102	24.331	0	2	0	1.522	1.276	NA	0.406	NA	-45	-66.038
159	7	6	28.699	24.388	0	2	0	1.928	0.87	NA	0.406	NA	171.87	-143.13
160	7	7	28.469	24.56	0	2	0	2.216	0.635	NA	0.287	NA	143.13	-28.74
161	7	8	28.067	24.848	0	2	0	2.71	0.415	NA	0.495	NA	144.462	1.332
162	7	9	27.722	25.135	0	2	18	3.159	0.643	NA	0.449	NA	140.194	-4.268
163	7	10	28.125	25.135	0	2	9	3.561	0.695	NA	0.402	NA	0	-140.194
164	7	11	28.182	24.79	0	2	18	3.911	0.449	NA	0.35	NA	-80.538	-80.538
165	7	12	28.01	24.963	0	2	18	4.155	0.491	NA	0.244	NA	135	-144.462
166	8	1	29.159	24.446	0	2	46	0	0	NA	NA	NA	NA	NA
167	8	2	27.837	24.733	0	2	18	1.353	1.353	NA	1.353	NA	167.735	NA
168	8	3	28.24	24.388	0	2	37	1.883	0.922	NA	0.53	NA	-40.601	151.663
169	8	4	28.469	24.675	0	2	9	2.251	0.727	NA	0.368	NA	51.34	91.941
170	8	5	28.469	24.675	0	2	9	2.251	0.727	NA	0	NA	0	-51.34
171	8	6	28.01	24.733	0	2	0	2.715	1.185	NA	0.463	NA	172.875	172.875
172	8	7	28.24	24.101	0	2	9	3.387	0.982	NA	0.673	NA	-70.017	117.108
173	8	8	28.412	24.618	0	2	0	3.933	0.767	NA	0.545	NA	71.565	141.582
174	8	9	27.837	24.675	0	2	9	4.51	1.342	NA	0.578	NA	174.289	102.724
175	8	10	28.01	24.56	0	2	9	4.718	1.155	NA	0.207	NA	-33.69	152.021
176	8	11	27.722	24.848	0	2	9	5.124	1.492	NA	0.406	NA	135	168.69
177	8	12	27.952	24.618	0	2	0	5.449	1.219	NA	0.325	NA	-45	-180
178	8	13	27.78	24.56	0	2	9	5.631	1.384	NA	0.182	NA	-161.565	-116.565
179	8	14	27.895	24.446	0	2	18	5.794	1.265	NA	0.163	NA	-45	116.565
180	8	15	28.067	24.446	0	2	0	5.966	1.092	NA	0.172	NA	0	45
181	8	16	27.837	24.56	0	2	0	6.223	1.327	NA	0.257	NA	153.435	153.435
182	9	1	24.733	24.733	0	2	18	0	0	NA	NA	NA	NA	NA
183	9	2	25.308	24.79	0	2	37	0.578	0.578	NA	0.578	NA	5.711	NA
184	9	3	25.365	24.905	0	2	27	0.706	0.655	NA	0.129	NA	63.435	57.724
185	9	4	25.653	25.02	0	2	27	1.016	0.964	NA	0.31	NA	21.801	-41.634
186	9	5	26.17	25.02	0	2	18	1.533	1.466	NA	0.517	NA	0	-21.801
187	9	6	25.653	25.02	0	2	37	2.051	0.964	NA	0.517	NA	180	180
188	9	7	25.768	25.078	0	2	46	2.179	1.091	NA	0.129	NA	26.565	-153.435
189	9	8	25.94	25.135	0	2	27	2.361	1.272	NA	0.182	NA	18.435	-8.13
190	9	9	25.94	25.135	0	2	18	2.361	1.272	NA	0	NA	0	-18.435
191	9	10	25.998	25.193	0	2	55	2.442	1.346	NA	0.081	NA	45	45
192	9	11	25.998	25.193	0	2	37	2.442	1.346	NA	0	NA	0	-45
193	9	12	25.998	25.193	0	2	46	2.442	1.346	NA	0	NA	0	0
194	9	13	26.4	25.193	0	2	9	2.845	1.729	NA	0.402	NA	0	0
195	9	14	26.515	24.905	0	2	37	3.154	1.79	NA	0.31	NA	-68.199	-68.199
196	9	15	26.515	24.905	0	2	37	3.154	1.79	NA	0	NA	0	68.199
197	9	16	26.745	24.905	0	2	27	3.384	2.019	NA	0.23	NA	0	0
198	9	17	26.745	24.905	0	2	18	3.384	2.019	NA	0	NA	0	0
199	9	18	26.745	24.905	0	2	18	3.384	2.019	NA	0	NA	0	0
200	9	19	25.825	24.848	0	2	0	4.306	1.098	NA	0.922	NA	-176.424	-176.424
201	9	20	25.308	24.675	0	2	0	4.851	0.578	NA	0.545	NA	-161.565	14.859
202	9	21	24.56	24.56	0	2	9	5.607	0.244	NA	0.756	NA	-171.254	-9.689
203	10	1	29.849	24.446	0	2	18	0	0	NA	NA	NA	NA	NA
204	10	2	27.492	24.79	0	2	0	2.382	2.382	NA	2.382	NA	171.674	NA
205	10	3	27.607	24.733	0	2	0	2.511	2.26	NA	0.129	NA	-26.565	161.761
206	10	4	27.435	25.02	0	2	9	2.846	2.482	NA	0.335	NA	120.964	147.529
207	10	5	28.814	24.388	0	2	83	4.363	1.036	NA	1.518	NA	-24.624	-145.587
208	10	6	27.837	24.675	0	2	27	5.382	2.025	NA	1.019	NA	163.61	-171.766
209	10	7	27.09	24.733	0	2	27	6.132	2.774	NA	0.75	NA	175.601	11.991
210	10	8	27.722	25.02	0	2	9	6.826	2.203	NA	0.695	NA	24.444	-151.157
211	10	9	27.895	24.79	0	2	0	7.114	1.985	NA	0.287	NA	-53.13	-77.574
212	10	10	27.952	24.675	0	2	18	7.242	1.911	NA	0.129	NA	-63.435	-10.305
213	10	11	27.895	24.905	0	2	18	7.479	2.008	NA	0.237	NA	104.036	167.471
214	10	12	27.665	24.848	0	2	0	7.716	2.221	NA	0.237	NA	-165.964	90
215	11	1	32.378	27.205	0	2	9	0	0	NA	NA	NA	NA	NA
216	11	2	32.321	27.32	0	2	18	0.129	0.129	NA	0.129	NA	116.565	NA
217	11	3	32.206	27.32	0	2	37	0.244	0.207	NA	0.115	NA	180	63.435
218	11	4	32.493	27.32	0	2	0	0.531	0.163	NA	0.287	NA	0	-180
219	11	5	32.666	27.665	0	2	46	0.917	0.542	NA	0.386	NA	63.435	63.435
220	11	6	32.953	27.607	0	2	0	1.21	0.702	NA	0.293	NA	-11.31	-74.745
221	11	7	32.723	27.607	0	2	27	1.44	0.53	NA	0.23	NA	180	-168.69
222	11	8	32.723	27.607	0	2	37	1.44	0.53	NA	0	NA	0	-180
223	11	9	32.666	27.492	0	2	27	1.568	0.406	NA	0.129	NA	-116.565	-116.565
224	11	10	32.666	27.492	0	2	0	1.568	0.406	NA	0	NA	0	116.565
225	11	11	32.666	27.435	0	2	27	1.626	0.368	NA	0.057	NA	-90	-90
226	11	12	32.666	27.435	0	2	18	1.626	0.368	NA	0	NA	0	90
227	11	13	32.666	27.435	0	2	0	1.626	0.368	NA	0	NA	0	0
228	11	14	32.608	27.435	0	2	46	1.683	0.325	NA	0.057	NA	180	180
229	11	15	32.723	27.435	0	2	18	1.798	0.415	NA	0.115	NA	0	-180
230	11	16	32.781	27.435	0	2	0	1.856	0.463	NA	0.057	NA	0	0
231	11	17	32.838	27.435	0	2	9	1.913	0.514	NA	0.057	NA	0	0
232	11	18	32.436	27.435	0	2	9	2.315	0.237	NA	0.402	NA	180	180
233	11	19	32.378	27.435	0	2	18	2.373	0.23	NA	0.057	NA	180	0
234	11	20	32.436	27.55	0	2	55	2.501	0.35	NA	0.129	NA	63.435	-116.565
235	11	21	32.321	27.665	0	2	0	2.664	0.463	NA	0.163	NA	135	71.565
236	12	1	23.698	18.869	0	2	18	0	0	NA	NA	NA	NA	NA
237	12	2	23.698	19.272	0	2	9	0.402	0.402	NA	0.402	NA	90	NA
238	12	3	23.986	19.272	0	2	0	0.69	0.495	NA	0.287	NA	0	-90
239	12	4	23.871	19.272	0	2	9	0.805	0.438	NA	0.115	NA	180	180
240	12	5	23.871	19.272	0	2	18	0.805	0.438	NA	0	NA	0	-180
241	12	6	23.871	19.272	0	2	18	0.805	0.438	NA	0	NA	0	0
242	12	7	24.043	19.272	0	2	18	0.977	0.53	NA	0.172	NA	0	0
243	12	8	23.871	19.214	0	2	18	1.159	0.386	NA	0.182	NA	-161.565	-161.565
244	12	9	24.503	19.099	0	2	0	1.802	0.837	NA	0.643	NA	-10.305	151.26
245	12	10	24.043	18.869	0	2	18	2.316	0.345	NA	0.514	NA	-153.435	-143.13
246	12	11	24.503	18.697	0	2	9	2.807	0.823	NA	0.491	NA	-20.556	132.879
247	12	12	24.503	18.697	0	2	9	2.807	0.823	NA	0	NA	0	20.556
248	12	13	24.273	18.467	0	2	9	3.132	0.702	NA	0.325	NA	-135	-135
249	12	14	24.273	18.467	0	2	9	3.132	0.702	NA	0	NA	0	135
250	12	15	24.273	18.64	0	2	9	3.305	0.619	NA	0.172	NA	90	90
251	12	16	24.273	18.64	0	2	9	3.305	0.619	NA	0	NA	0	-90
252	12	17	24.216	18.64	0	2	37	3.362	0.566	NA	0.057	NA	180	180
253	12	18	24.388	18.64	0	2	46	3.535	0.727	NA	0.172	NA	0	-180
254	12	19	24.388	18.64	0	2	27	3.535	0.727	NA	0	NA	0	0
255	12	20	24.331	18.927	0	2	37	3.828	0.635	NA	0.293	NA	101.31	101.31
256	12	21	24.331	18.927	0	2	27	3.828	0.635	NA	0	NA	0	-101.31
257	12	22	24.216	18.582	0	2	18	4.191	0.592	NA	0.364	NA	-108.435	-108.435
258	12	23	24.216	18.582	0	2	9	4.191	0.592	NA	0	NA	0	108.435
259	12	24	24.216	18.582	0	2	18	4.191	0.592	NA	0	NA	0	0
260	12	25	24.216	18.582	0	2	18	4.191	0.592	NA	0	NA	0	0
261	12	26	24.158	18.697	0	2	27	4.32	0.491	NA	0.129	NA	116.565	116.565
262	12	27	24.101	18.697	0	2	46	4.377	0.438	NA	0.057	NA	180	63.435
263	12	28	24.216	18.525	0	2	27	4.585	0.622	NA	0.207	NA	-56.31	123.69
264	12	29	24.388	18.525	0	2	18	4.757	0.771	NA	0.172	NA	0	56.31
265	12	30	24.388	18.525	0	2	46	4.757	0.771	NA	0	NA	0	0
266	12	31	24.388	18.525	0	2	37	4.757	0.771	NA	0	NA	0	0
267	12	32	24.56	18.525	0	2	27	4.93	0.929	NA	0.172	NA	0	0
268	12	33	24.733	18.352	0	2	9	5.173	1.157	NA	0.244	NA	-45	-45
269	12	34	24.733	18.352	0	2	46	5.173	1.157	NA	0	NA	0	45
270	12	35	24.733	18.352	0	2	18	5.173	1.157	NA	0	NA	0	0
271	12	36	24.733	18.352	0	2	9	5.173	1.157	NA	0	NA	0	0
272	12	37	24.733	18.352	0	2	27	5.173	1.157	NA	0	NA	0	0
273	12	38	24.79	18.295	0	2	46	5.255	1.234	NA	0.081	NA	-45	-45
274	12	39	24.79	18.295	0	2	18	5.255	1.234	NA	0	NA	0	45
275	12	40	24.79	18.295	0	2	18	5.255	1.234	NA	0	NA	0	0
276	12	41	24.733	18.295	0	2	37	5.312	1.184	NA	0.057	NA	180	180
277	12	42	24.56	18.295	0	2	9	5.485	1.036	NA	0.172	NA	180	0
278	12	43	24.56	18.295	0	2	27	5.485	1.036	NA	0	NA	0	-180
279	12	44	24.56	18.295	0	2	55	5.485	1.036	NA	0	NA	0	0
280	12	45	24.733	18.295	0	2	18	5.657	1.184	NA	0.172	NA	0	0
281	12	46	24.733	18.352	0	2	18	5.715	1.157	NA	0.057	NA	90	90
282	12	47	24.733	18.352	0	2	18	5.715	1.157	NA	0	NA	0	-90
283	12	48	24.618	18.41	0	2	18	5.843	1.028	NA	0.129	NA	153.435	153.435
284	12	49	24.618	18.41	0	2	9	5.843	1.028	NA	0	NA	0	-153.435
285	12	50	24.79	18.237	0	2	9	6.087	1.262	NA	0.244	NA	-45	-45
286	13	1	21.859	17.145	0	2	9	0	0	NA	NA	NA	NA	NA
287	13	2	22.491	16.915	0	2	9	0.673	0.673	NA	0.673	NA	-19.983	NA
288	13	3	22.146	17.087	0	2	27	1.058	0.293	NA	0.386	NA	153.435	173.418
289	13	4	22.146	16.915	0	2	37	1.231	0.368	NA	0.172	NA	-90	116.565
290	13	5	22.434	16.915	0	2	0	1.518	0.619	NA	0.287	NA	0	90
291	13	6	22.261	17.03	0	2	27	1.726	0.418	NA	0.207	NA	146.31	146.31
292	13	7	22.146	17.145	0	2	18	1.888	0.287	NA	0.163	NA	135	-11.31
293	13	8	22.146	17.145	0	2	46	1.888	0.287	NA	0	NA	0	-135
294	13	9	22.146	17.145	0	2	0	1.888	0.287	NA	0	NA	0	0
295	13	10	22.146	16.857	0	2	18	2.176	0.406	NA	0.287	NA	-90	-90
296	13	11	22.261	16.8	0	2	18	2.304	0.53	NA	0.129	NA	-26.565	63.435
297	13	12	22.261	16.8	0	2	18	2.304	0.53	NA	0	NA	0	26.565
298	13	13	22.721	16.8	0	2	0	2.764	0.929	NA	0.46	NA	0	0
299	13	14	22.434	16.8	0	2	18	3.051	0.67	NA	0.287	NA	180	180
300	13	15	22.146	16.8	0	2	9	3.339	0.449	NA	0.287	NA	180	0
301	13	16	22.146	16.8	0	2	9	3.339	0.449	NA	0	NA	0	-180
302	13	17	22.261	16.915	0	2	18	3.501	0.463	NA	0.163	NA	45	45
303	13	18	22.261	16.915	0	2	9	3.501	0.463	NA	0	NA	0	-45
304	13	19	22.434	16.857	0	2	0	3.683	0.643	NA	0.182	NA	-18.435	-18.435
305	13	20	22.434	16.857	0	2	18	3.683	0.643	NA	0	NA	0	18.435
306	13	21	22.491	16.857	0	2	18	3.741	0.695	NA	0.057	NA	0	0
307	13	22	22.491	16.857	0	2	27	3.741	0.695	NA	0	NA	0	0
308	13	23	22.491	16.857	0	2	9	3.741	0.695	NA	0	NA	0	0
309	13	24	22.434	16.857	0	2	27	3.798	0.643	NA	0.057	NA	180	180
310	13	25	22.434	16.857	0	2	0	3.798	0.643	NA	0	NA	0	-180
311	13	26	22.434	16.857	0	2	27	3.798	0.643	NA	0	NA	0	0
312	13	27	22.261	16.628	0	2	18	4.086	0.655	NA	0.287	NA	-126.87	-126.87
313	13	28	22.549	16.628	0	2	0	4.373	0.862	NA	0.287	NA	0	126.87
314	13	29	22.549	16.628	0	2	18	4.373	0.862	NA	0	NA	0	0
315	13	30	22.261	16.628	0	2	9	4.661	0.655	NA	0.287	NA	180	180
316	13	31	22.434	16.628	0	2	27	4.833	0.773	NA	0.172	NA	0	-180
317	13	32	22.663	16.628	0	2	37	5.063	0.957	NA	0.23	NA	0	0
318	13	33	22.261	16.57	0	2	18	5.469	0.702	NA	0.406	NA	-171.87	-171.87
319	13	34	22.319	16.685	0	2	9	5.598	0.65	NA	0.129	NA	63.435	-124.695
320	13	35	22.319	16.685	0	2	0	5.598	0.65	NA	0	NA	0	-63.435
321	13	36	22.434	16.743	0	2	27	5.726	0.702	NA	0.129	NA	26.565	26.565
322	13	37	22.319	16.743	0	2	9	5.841	0.611	NA	0.115	NA	180	153.435
323	13	38	22.089	16.628	0	2	65	6.099	0.566	NA	0.257	NA	-153.435	26.565
324	13	39	22.146	16.628	0	2	27	6.156	0.592	NA	0.057	NA	0	153.435
325	13	40	22.146	16.628	0	2	18	6.156	0.592	NA	0	NA	0	0
326	13	41	22.146	16.628	0	2	46	6.156	0.592	NA	0	NA	0	0
327	13	42	22.146	16.628	0	2	18	6.156	0.592	NA	0	NA	0	0
328	13	43	22.089	16.685	0	2	18	6.237	0.514	NA	0.081	NA	135	135
329	13	44	22.146	16.8	0	2	9	6.366	0.449	NA	0.129	NA	63.435	-71.565
330	13	45	21.974	16.857	0	2	9	6.548	0.31	NA	0.182	NA	161.565	98.13
331	13	46	21.744	16.513	0	2	0	6.962	0.643	NA	0.415	NA	-123.69	74.745
332	13	47	21.744	16.915	0	2	0	7.365	0.257	NA	0.402	NA	90	-146.31
333	13	48	21.801	16.972	0	2	18	7.446	0.182	NA	0.081	NA	45	-45
334	13	49	21.571	16.972	0	2	9	7.676	0.335	NA	0.23	NA	180	135
335	13	50	21.744	16.972	0	2	0	7.848	0.207	NA	0.172	NA	0	-180
336	14	1	18.007	16.915	0	2	18	0	0	NA	NA	NA	NA	NA
337	14	2	18.237	16.685	0	2	0	0.325	0.325	NA	0.325	NA	-45	NA
338	14	3	18.237	16.685	0	2	18	0.325	0.325	NA	0	NA	0	45
339	14	4	18.007	16.57	0	2	18	0.582	0.345	NA	0.257	NA	-153.435	-153.435
340	14	5	18.007	16.57	0	2	27	0.582	0.345	NA	0	NA	0	153.435
341	14	6	18.065	16.57	0	2	9	0.64	0.35	NA	0.057	NA	0	0
342	14	7	18.065	16.57	0	2	37	0.64	0.35	NA	0	NA	0	0
343	14	8	18.065	16.57	0	2	9	0.64	0.35	NA	0	NA	0	0
344	14	9	18.065	16.57	0	2	18	0.64	0.35	NA	0	NA	0	0
345	14	10	18.065	16.57	0	2	9	0.64	0.35	NA	0	NA	0	0
346	14	11	18.352	16.11	0	2	9	1.182	0.876	NA	0.542	NA	-57.995	-57.995
347	14	12	17.835	16.455	0	2	18	1.804	0.491	NA	0.622	NA	146.31	-155.695
348	14	13	18.065	16.34	0	2	9	2.061	0.578	NA	0.257	NA	-26.565	-172.875
349	14	14	18.18	16.34	0	2	18	2.176	0.6	NA	0.115	NA	0	26.565
350	14	15	18.122	15.938	0	2	9	2.582	0.984	NA	0.406	NA	-98.13	-98.13
351	14	16	18.237	16.11	0	2	9	2.79	0.837	NA	0.207	NA	56.31	154.44
352	14	17	18.237	16.11	0	2	0	2.79	0.837	NA	0	NA	0	-56.31
353	14	18	18.525	15.823	0	2	9	3.196	1.209	NA	0.406	NA	-45	-45
354	14	19	18.295	15.88	0	2	37	3.433	1.074	NA	0.237	NA	165.964	-149.036
355	14	20	18.295	15.88	0	2	0	3.433	1.074	NA	0	NA	0	-165.964
356	14	21	18.295	16.283	0	2	18	3.836	0.695	NA	0.402	NA	90	90
357	14	22	18.467	16.168	0	2	18	4.043	0.877	NA	0.207	NA	-33.69	-123.69
358	14	23	18.467	16.053	0	2	27	4.158	0.977	NA	0.115	NA	-90	-56.31
359	14	24	18.41	16.168	0	2	9	4.286	0.849	NA	0.129	NA	116.565	-153.435
360	14	25	18.41	16.168	0	2	9	4.286	0.849	NA	0	NA	0	-116.565
361	14	26	18.525	16.11	0	2	9	4.415	0.957	NA	0.129	NA	-26.565	-26.565
362	14	27	18.467	16.11	0	2	18	4.472	0.927	NA	0.057	NA	180	-153.435
363	14	28	18.467	16.11	0	2	0	4.472	0.927	NA	0	NA	0	-180
364	14	29	18.525	15.938	0	2	9	4.654	1.106	NA	0.182	NA	-71.565	-71.565
365	14	30	18.525	15.938	0	2	37	4.654	1.106	NA	0	NA	0	71.565
366	14	31	18.754	16.11	0	2	9	4.942	1.098	NA	0.287	NA	36.87	36.87
367	14	32	18.697	16.168	0	2	9	5.023	1.017	NA	0.081	NA	135	98.13
368	14	33	18.525	16.168	0	2	0	5.195	0.909	NA	0.172	NA	180	45
369	14	34	18.467	16.168	0	2	0	5.253	0.877	NA	0.057	NA	180	0
370	14	35	18.582	16.11	0	2	18	5.381	0.989	NA	0.129	NA	-26.565	153.435
371	14	36	18.927	15.995	0	2	0	5.745	1.301	NA	0.364	NA	-18.435	8.13
372	14	37	18.582	15.823	0	2	9	6.131	1.234	NA	0.386	NA	-153.435	-135
373	14	38	18.64	15.88	0	2	9	6.212	1.213	NA	0.081	NA	45	-161.565
374	14	39	19.042	15.88	0	2	9	6.614	1.463	NA	0.402	NA	0	-45
375	14	40	18.41	15.478	0	2	0	7.364	1.492	NA	0.75	NA	-147.529	-147.529
376	14	41	17.95	15.19	0	2	9	7.906	1.726	NA	0.542	NA	-147.995	-0.466
377	14	42	18.065	15.593	0	2	9	8.325	1.323	NA	0.418	NA	74.055	-137.951
378	14	43	18.295	15.363	0	2	0	8.65	1.578	NA	0.325	NA	-45	-119.055
379	14	44	18.352	15.478	0	2	9	8.778	1.478	NA	0.129	NA	63.435	108.435
380	14	45	18.64	15.535	0	2	18	9.071	1.518	NA	0.293	NA	11.31	-52.125
381	14	46	18.754	15.65	0	2	9	9.234	1.469	NA	0.163	NA	45	33.69
382	14	47	18.64	15.765	0	2	0	9.397	1.312	NA	0.163	NA	135	90
383	14	48	18.812	15.823	0	2	0	9.578	1.357	NA	0.182	NA	18.435	-116.565
384	14	49	18.525	15.88	0	2	0	9.871	1.157	NA	0.293	NA	168.69	150.255
385	14	50	18.697	15.938	0	2	0	10.053	1.196	NA	0.182	NA	18.435	-150.255
386	15	1	23.698	24.101	0	2	9	0	0	NA	NA	NA	NA	NA
387	15	2	23.986	24.101	0	2	18	0.287	0.287	NA	0.287	NA	0	NA
388	15	3	24.043	24.331	0	2	18	0.524	0.415	NA	0.237	NA	75.964	75.964
389	15	4	23.641	24.043	0	2	9	1.019	0.081	NA	0.495	NA	-144.462	139.574
390	15	5	23.928	23.928	0	2	0	1.329	0.287	NA	0.31	NA	-21.801	122.661
391	15	6	23.871	24.158	0	2	9	1.566	0.182	NA	0.237	NA	104.036	125.838
392	15	7	23.813	24.446	0	2	9	1.859	0.364	NA	0.293	NA	101.31	-2.726
393	15	8	23.411	24.331	0	2	9	2.277	0.368	NA	0.418	NA	-164.055	94.635
394	15	9	23.296	24.158	0	2	37	2.484	0.406	NA	0.207	NA	-123.69	40.365
395	15	10	22.376	23.756	0	2	18	3.488	1.366	NA	1.004	NA	-156.371	-32.681
396	15	11	22.549	23.411	0	2	0	3.874	1.341	NA	0.386	NA	-63.435	92.936
397	15	12	22.778	23.583	0	2	27	4.161	1.055	NA	0.287	NA	36.87	100.305
398	15	13	23.526	23.756	0	2	9	4.928	0.386	NA	0.767	NA	12.995	-23.875
399	15	14	24.388	24.216	0	2	18	5.906	0.699	NA	0.977	NA	28.072	15.078
400	15	15	24.618	24.158	0	2	9	6.143	0.922	NA	0.237	NA	-14.036	-42.109
401	15	16	23.526	24.043	0	2	27	7.241	0.182	NA	1.098	NA	-173.991	-159.955
402	16	1	13.983	30.309	0	2	0	0	0	NA	NA	NA	NA	NA
403	16	2	13.983	30.252	0	2	9	0.057	0.057	NA	0.057	NA	-90	NA
404	16	3	13.753	30.022	0	2	18	0.383	0.368	NA	0.325	NA	-135	-45
405	16	4	13.753	30.022	0	2	27	0.383	0.368	NA	0	NA	0	135
406	16	5	14.098	30.079	0	2	18	0.732	0.257	NA	0.35	NA	9.462	9.462
407	16	6	14.213	30.137	0	2	27	0.861	0.287	NA	0.129	NA	26.565	17.103
408	16	7	14.328	30.539	0	2	9	1.279	0.415	NA	0.418	NA	74.055	47.49
409	16	8	14.213	30.194	0	2	18	1.643	0.257	NA	0.364	NA	-108.435	177.51
410	16	9	14.443	30.309	0	2	27	1.9	0.46	NA	0.257	NA	26.565	135
411	16	10	14.386	30.366	0	2	18	1.981	0.406	NA	0.081	NA	135	108.435
412	16	11	14.271	30.194	0	2	46	2.189	0.31	NA	0.207	NA	-123.69	101.31
413	16	12	14.788	30.252	0	2	9	2.709	0.807	NA	0.521	NA	6.34	130.03
414	16	13	14.903	30.252	0	2	37	2.824	0.922	NA	0.115	NA	0	-6.34
415	16	14	15.305	30.309	0	2	18	3.231	1.322	NA	0.406	NA	8.13	8.13
416	16	15	14.788	30.309	0	2	18	3.748	0.805	NA	0.517	NA	180	171.87
417	16	16	14.788	30.309	0	2	37	3.748	0.805	NA	0	NA	0	-180
418	16	17	14.96	30.309	0	2	37	3.92	0.977	NA	0.172	NA	0	0
419	16	18	14.96	30.309	0	2	0	3.92	0.977	NA	0	NA	0	0
