Nr	CID	TID	PID	x [micron]	y [micron]	t [sec]	c [idx]	I [val]	Len [micron]	D2S [micron]	D2R [micron]	D2P [micron]	v [micron/sec]	? [deg]	?? [deg]
1	1	1	1	32.514	13.836	0	2	23	0	0	NA	NA	NA	NA	NA
2	1	1	2	32.514	13.836	0	2	0	0	0	NA	0	NA	0	NA
3	1	1	3	32.568	13.836	0	2	11	0.053	0.053	NA	0.053	NA	0	0
4	1	1	4	32.727	13.463	0	2	23	0.458	0.429	NA	0.405	NA	-66.801	-66.801
5	1	1	5	32.408	13.623	0	2	23	0.815	0.238	NA	0.357	NA	153.435	-139.764
6	1	1	6	32.674	13.038	0	2	58	1.458	0.814	NA	0.643	NA	-65.556	141.009
7	1	1	7	32.993	12.984	0	2	11	1.782	0.977	NA	0.324	NA	-9.462	56.094
8	1	1	8	33.1	13.038	0	2	34	1.901	0.99	NA	0.119	NA	26.565	36.027
9	1	1	9	32.94	12.612	0	2	34	2.356	1.296	NA	0.455	NA	-110.556	-137.121
10	1	1	10	32.993	12.559	0	2	34	2.431	1.364	NA	0.075	NA	-45	65.556
11	1	1	11	33.472	12.559	0	2	0	2.91	1.596	NA	0.479	NA	0	45
12	1	1	12	33.1	12.559	0	2	0	3.283	1.405	NA	0.373	NA	180	180
13	1	1	13	32.78	12.665	0	2	11	3.619	1.201	NA	0.337	NA	161.565	-18.435
14	1	1	14	32.78	12.665	0	2	11	3.619	1.201	NA	0	NA	0	-161.565
15	1	1	15	32.355	12.665	0	2	0	4.045	1.182	NA	0.426	NA	180	180
16	1	1	16	32.78	12.665	0	2	11	4.471	1.201	NA	0.426	NA	0	-180
17	1	1	17	32.78	12.665	0	2	23	4.471	1.201	NA	0	NA	0	0
18	1	1	18	32.94	12.559	0	2	23	4.662	1.346	NA	0.192	NA	-33.69	-33.69
19	1	1	19	33.1	12.559	0	2	0	4.822	1.405	NA	0.16	NA	0	33.69
20	1	1	20	33.1	12.559	0	2	0	4.822	1.405	NA	0	NA	0	0
21	1	1	21	33.1	12.293	0	2	0	5.088	1.651	NA	0.266	NA	-90	-90
22	1	1	22	32.727	12.718	0	2	23	5.654	1.138	NA	0.566	NA	131.186	-138.814
23	1	1	23	32.674	12.612	0	2	11	5.773	1.234	NA	0.119	NA	-116.565	112.249
24	1	1	24	32.674	12.612	0	2	23	5.773	1.234	NA	0	NA	0	116.565
25	1	1	25	32.621	12.825	0	2	11	5.992	1.017	NA	0.219	NA	104.036	104.036
26	1	1	26	32.727	12.825	0	2	46	6.099	1.033	NA	0.106	NA	0	-104.036
27	1	1	27	32.461	12.878	0	2	0	6.37	0.959	NA	0.271	NA	168.69	168.69
28	1	1	28	32.514	13.038	0	2	11	6.538	0.798	NA	0.168	NA	71.565	-97.125
29	1	1	29	32.514	13.038	0	2	0	6.538	0.798	NA	0	NA	0	-71.565
30	1	1	30	32.195	13.251	0	2	0	6.922	0.667	NA	0.384	NA	146.31	146.31
31	1	1	31	32.195	13.357	0	2	11	7.028	0.576	NA	0.106	NA	90	-56.31
32	1	1	32	32.461	13.517	0	2	0	7.339	0.324	NA	0.31	NA	30.964	-59.036
33	1	2	1	31.769	12.612	0	2	23	0	0	NA	NA	NA	NA	NA
34	1	2	2	31.769	12.878	0	2	23	0.266	0.266	NA	0.266	NA	90	NA
35	1	2	3	31.397	12.612	0	2	0	0.724	0.373	NA	0.458	NA	-144.462	125.538
36	1	2	4	31.397	12.612	0	2	46	0.724	0.373	NA	0	NA	0	144.462
37	1	2	5	32.035	12.506	0	2	0	1.371	0.287	NA	0.647	NA	-9.462	-9.462
38	1	2	6	31.769	12.346	0	2	11	1.682	0.266	NA	0.31	NA	-149.036	-139.574
39	1	2	7	31.716	12.293	0	2	0	1.757	0.324	NA	0.075	NA	-135	14.036
40	1	2	8	31.769	12.293	0	2	34	1.81	0.319	NA	0.053	NA	0	135
41	1	2	9	32.089	12.506	0	2	11	2.194	0.337	NA	0.384	NA	33.69	33.69
42	1	2	10	31.823	12.825	0	2	0	2.609	0.219	NA	0.416	NA	129.806	96.116
43	1	2	11	31.823	12.612	0	2	11	2.822	0.053	NA	0.213	NA	-90	140.194
44	1	2	12	31.716	12.665	0	2	23	2.941	0.075	NA	0.119	NA	153.435	-116.565
45	1	2	13	31.769	12.825	0	2	11	3.109	0.213	NA	0.168	NA	71.565	-81.87
46	1	2	14	31.769	12.825	0	2	0	3.109	0.213	NA	0	NA	0	-71.565
47	1	2	15	31.503	12.772	0	2	11	3.381	0.31	NA	0.271	NA	-168.69	-168.69
48	1	2	16	31.397	12.559	0	2	0	3.619	0.376	NA	0.238	NA	-116.565	52.125
49	1	2	17	31.557	12.665	0	2	11	3.811	0.219	NA	0.192	NA	33.69	150.255
50	1	2	18	31.769	12.346	0	2	0	4.194	0.266	NA	0.384	NA	-56.31	-90
51	1	2	19	31.663	12.346	0	2	0	4.301	0.287	NA	0.106	NA	180	-123.69
52	1	2	20	31.769	12.133	0	2	23	4.539	0.479	NA	0.238	NA	-63.435	116.565
53	1	2	21	31.823	11.814	0	2	11	4.863	0.8	NA	0.324	NA	-80.538	-17.103
54	1	2	22	31.823	11.814	0	2	11	4.863	0.8	NA	0	NA	0	80.538
55	1	2	23	31.663	12.346	0	2	11	5.418	0.287	NA	0.556	NA	106.699	106.699
56	1	2	24	31.929	12.506	0	2	0	5.728	0.192	NA	0.31	NA	30.964	-75.735
57	1	2	25	31.982	12.186	0	2	11	6.052	0.476	NA	0.324	NA	-80.538	-111.501
58	1	2	26	31.982	12.346	0	2	11	6.212	0.341	NA	0.16	NA	90	170.538
59	1	2	27	31.982	12.559	0	2	0	6.425	0.219	NA	0.213	NA	90	0
60	1	2	28	32.248	12.559	0	2	0	6.691	0.482	NA	0.266	NA	0	-90
61	1	3	1	32.993	12.399	0	2	23	0	0	NA	NA	NA	NA	NA
62	1	3	2	32.78	12.772	0	2	11	0.429	0.429	NA	0.429	NA	119.745	NA
63	1	3	3	32.302	12.559	0	2	11	0.953	0.71	NA	0.524	NA	-156.038	84.218
64	1	3	4	32.461	12.559	0	2	0	1.113	0.556	NA	0.16	NA	0	156.038
65	1	3	5	32.514	12.665	0	2	11	1.232	0.548	NA	0.119	NA	63.435	63.435
66	1	3	6	32.568	12.559	0	2	11	1.351	0.455	NA	0.119	NA	-63.435	-126.87
67	1	3	7	32.727	12.399	0	2	23	1.577	0.266	NA	0.226	NA	-45	18.435
68	1	3	8	32.727	12.399	0	2	23	1.577	0.266	NA	0	NA	0	45
69	1	3	9	32.621	12.559	0	2	0	1.768	0.405	NA	0.192	NA	123.69	123.69
70	1	3	10	32.621	12.718	0	2	11	1.928	0.491	NA	0.16	NA	90	-33.69
71	1	3	11	32.408	12.878	0	2	0	2.194	0.756	NA	0.266	NA	143.13	53.13
72	1	3	12	32.195	13.463	0	2	0	2.817	1.33	NA	0.623	NA	109.983	-33.147
73	1	3	13	32.089	13.463	0	2	0	2.923	1.397	NA	0.106	NA	180	70.017
74	1	4	1	29.321	9.738	0	2	23	0	0	NA	NA	NA	NA	NA
75	1	4	2	29.481	9.845	0	2	0	0.192	0.192	NA	0.192	NA	33.69	NA
76	1	4	3	29.534	9.845	0	2	0	0.245	0.238	NA	0.053	NA	0	-33.69
77	1	4	4	29.588	9.951	0	2	0	0.364	0.341	NA	0.119	NA	63.435	63.435
78	1	4	5	29.588	9.951	0	2	0	0.364	0.341	NA	0	NA	0	-63.435
79	1	4	6	29.534	9.738	0	2	11	0.583	0.213	NA	0.219	NA	-104.036	-104.036
80	1	4	7	29.534	9.738	0	2	0	0.583	0.213	NA	0	NA	0	104.036
81	1	4	8	29.481	9.632	0	2	0	0.702	0.192	NA	0.119	NA	-116.565	-116.565
82	1	4	9	29.588	9.579	0	2	11	0.821	0.31	NA	0.119	NA	-26.565	90
83	1	4	10	29.321	9.579	0	2	0	1.088	0.16	NA	0.266	NA	180	-153.435
84	1	4	11	29.747	9.632	0	2	0	1.517	0.439	NA	0.429	NA	7.125	-172.875
85	1	4	12	29.641	9.845	0	2	0	1.755	0.337	NA	0.238	NA	116.565	109.44
86	1	4	13	30.066	9.845	0	2	11	2.18	0.753	NA	0.426	NA	0	-116.565
87	1	4	14	29.588	9.845	0	2	11	2.659	0.287	NA	0.479	NA	180	180
88	1	4	15	29.428	9.845	0	2	0	2.819	0.151	NA	0.16	NA	180	0
89	1	4	16	29.588	9.845	0	2	0	2.979	0.287	NA	0.16	NA	0	-180
90	1	4	17	29.109	9.685	0	2	11	3.483	0.219	NA	0.505	NA	-161.565	-161.565
91	1	4	18	29.268	9.579	0	2	0	3.675	0.168	NA	0.192	NA	-33.69	127.875
92	1	4	19	28.843	9.366	0	2	0	4.151	0.607	NA	0.476	NA	-153.435	-119.745
93	1	5	1	29.268	10.43	0	2	0	0	0	NA	NA	NA	NA	NA
94	1	5	2	29.268	10.43	0	2	0	0	0	NA	0	NA	0	NA
95	1	5	3	29.321	10.377	0	2	11	0.075	0.075	NA	0.075	NA	-45	-45
96	1	5	4	29.588	10.271	0	2	0	0.362	0.357	NA	0.287	NA	-21.801	23.199
97	1	5	5	29.588	10.271	0	2	0	0.362	0.357	NA	0	NA	0	21.801
98	1	5	6	29.109	9.951	0	2	0	0.937	0.505	NA	0.576	NA	-146.31	-146.31
99	1	5	7	29.268	9.951	0	2	0	1.097	0.479	NA	0.16	NA	0	146.31
100	1	5	8	29.694	10.058	0	2	23	1.536	0.566	NA	0.439	NA	14.036	14.036
101	1	5	9	29.641	10.749	0	2	0	2.23	0.491	NA	0.694	NA	94.399	80.362
102	1	5	10	28.843	10.377	0	2	0	3.111	0.429	NA	0.881	NA	-154.983	110.618
103	1	5	11	29.162	10.909	0	2	0	3.731	0.491	NA	0.621	NA	59.036	-145.981
104	1	5	12	29.321	10.483	0	2	0	4.186	0.075	NA	0.455	NA	-69.444	-128.48
105	1	5	13	29.268	10.483	0	2	0	4.239	0.053	NA	0.053	NA	180	-110.556
106	1	5	14	29.534	10.271	0	2	0	4.58	0.31	NA	0.341	NA	-38.66	141.34
107	1	5	15	29.481	9.845	0	2	11	5.009	0.623	NA	0.429	NA	-97.125	-58.465
108	1	5	16	29.268	9.845	0	2	0	5.222	0.585	NA	0.213	NA	180	-82.875
109	1	5	17	29.109	9.845	0	2	0	5.381	0.607	NA	0.16	NA	180	0
110	1	5	18	29.428	9.951	0	2	34	5.718	0.505	NA	0.337	NA	18.435	-161.565
111	1	5	19	29.481	9.792	0	2	11	5.886	0.673	NA	0.168	NA	-71.565	-90
112	1	5	20	29.109	9.579	0	2	0	6.315	0.866	NA	0.429	NA	-150.255	-78.69
113	1	5	21	29.321	9.579	0	2	34	6.528	0.853	NA	0.213	NA	0	150.255
114	1	5	22	29.321	9.845	0	2	34	6.794	0.588	NA	0.266	NA	90	90
115	1	5	23	29.162	10.111	0	2	0	7.104	0.337	NA	0.31	NA	120.964	30.964
116	1	5	24	29.055	10.111	0	2	0	7.211	0.384	NA	0.106	NA	180	59.036
117	1	6	1	31.716	14.049	0	2	0	0	0	NA	NA	NA	NA	NA
118	1	6	2	32.248	13.463	0	2	0	0.791	0.791	NA	0.791	NA	-47.726	NA
119	1	6	3	32.195	13.304	0	2	0	0.959	0.886	NA	0.168	NA	-108.435	-60.709
120	1	6	4	32.035	13.251	0	2	0	1.128	0.86	NA	0.168	NA	-161.565	-53.13
121	1	6	5	32.089	13.144	0	2	11	1.247	0.978	NA	0.119	NA	-63.435	98.13
122	1	6	6	32.142	13.357	0	2	11	1.466	0.812	NA	0.219	NA	75.964	139.399
123	1	6	7	32.089	13.357	0	2	0	1.519	0.786	NA	0.053	NA	180	104.036
124	1	6	8	32.302	12.931	0	2	0	1.995	1.262	NA	0.476	NA	-63.435	116.565
125	1	6	9	31.982	12.718	0	2	0	2.379	1.357	NA	0.384	NA	-146.31	-82.875
126	1	6	10	32.248	12.718	0	2	0	2.645	1.433	NA	0.266	NA	0	146.31
127	1	6	11	32.461	12.984	0	2	0	2.986	1.299	NA	0.341	NA	51.34	51.34
128	1	6	12	32.142	13.038	0	2	23	3.309	1.097	NA	0.324	NA	170.538	119.197
129	1	6	13	31.716	13.038	0	2	0	3.735	1.011	NA	0.426	NA	180	9.462
130	1	6	14	31.769	13.091	0	2	0	3.81	0.959	NA	0.075	NA	45	-135
131	1	6	15	31.929	13.251	0	2	11	4.036	0.826	NA	0.226	NA	45	0
132	1	6	16	32.035	13.517	0	2	0	4.323	0.621	NA	0.287	NA	68.199	23.199
133	1	7	1	31.344	11.867	0	2	0	0	0	NA	NA	NA	NA	NA
134	1	7	2	31.078	11.973	0	2	0	0.287	0.287	NA	0.287	NA	158.199	NA
135	1	7	3	31.769	12.027	0	2	11	0.98	0.455	NA	0.694	NA	4.399	-153.8
136	1	7	4	32.142	12.027	0	2	0	1.353	0.814	NA	0.373	NA	0	-4.399
137	1	7	5	32.302	12.027	0	2	0	1.513	0.971	NA	0.16	NA	0	0
138	1	7	6	31.876	11.92	0	2	11	1.951	0.535	NA	0.439	NA	-165.964	-165.964
139	1	7	7	32.302	11.814	0	2	0	2.39	0.959	NA	0.439	NA	-14.036	151.928
140	1	7	8	32.248	12.133	0	2	0	2.714	0.943	NA	0.324	NA	99.462	113.499
141	1	7	9	32.461	12.239	0	2	0	2.952	1.178	NA	0.238	NA	26.565	-72.897
142	1	7	10	31.929	11.814	0	2	11	3.633	0.588	NA	0.681	NA	-141.34	-167.905
143	1	7	11	32.089	11.814	0	2	23	3.793	0.747	NA	0.16	NA	0	141.34
144	1	7	12	32.302	11.814	0	2	0	4.006	0.959	NA	0.213	NA	0	0
145	1	8	1	31.503	12.559	0	2	11	0	0	NA	NA	NA	NA	NA
146	1	8	2	31.823	12.612	0	2	34	0.324	0.324	NA	0.324	NA	9.462	NA
147	1	8	3	31.663	12.665	0	2	0	0.492	0.192	NA	0.168	NA	161.565	152.103
148	1	8	4	31.663	12.665	0	2	11	0.492	0.192	NA	0	NA	0	-161.565
149	1	8	5	31.823	12.825	0	2	23	0.718	0.416	NA	0.226	NA	45	45
150	1	8	6	31.663	12.878	0	2	11	0.886	0.357	NA	0.168	NA	161.565	116.565
151	1	8	7	31.61	12.718	0	2	11	1.054	0.192	NA	0.168	NA	-108.435	90
152	1	8	8	31.184	12.665	0	2	0	1.483	0.337	NA	0.429	NA	-172.875	-64.44
153	1	8	9	31.237	12.452	0	2	0	1.703	0.287	NA	0.219	NA	-75.964	96.911
154	1	8	10	30.812	12.186	0	2	0	2.205	0.786	NA	0.502	NA	-147.995	-72.031
155	1	8	11	30.918	12.186	0	2	0	2.311	0.694	NA	0.106	NA	0	147.995
156	1	8	12	30.812	12.186	0	2	23	2.418	0.786	NA	0.106	NA	180	180
157	1	8	13	31.131	12.293	0	2	11	2.754	0.458	NA	0.337	NA	18.435	-161.565
158	1	8	14	31.29	12.08	0	2	0	3.02	0.524	NA	0.266	NA	-53.13	-71.565
159	1	8	15	31.61	12.239	0	2	11	3.377	0.337	NA	0.357	NA	26.565	79.695
160	1	9	1	32.142	12.931	0	2	11	0	0	NA	NA	NA	NA	NA
161	1	9	2	32.355	13.091	0	2	23	0.266	0.266	NA	0.266	NA	36.87	NA
162	1	9	3	32.621	13.091	0	2	11	0.532	0.505	NA	0.266	NA	0	-36.87
163	1	9	4	32.408	12.931	0	2	23	0.798	0.266	NA	0.266	NA	-143.13	-143.13
164	1	9	5	32.461	13.038	0	2	11	0.917	0.337	NA	0.119	NA	63.435	-153.435
165	1	9	6	32.355	13.57	0	2	23	1.46	0.673	NA	0.543	NA	101.31	37.875
166	1	9	7	32.355	13.41	0	2	11	1.62	0.524	NA	0.16	NA	-90	168.69
167	1	9	8	32.355	13.463	0	2	23	1.673	0.573	NA	0.053	NA	90	180
168	1	9	9	32.089	13.57	0	2	0	1.959	0.641	NA	0.287	NA	158.199	68.199
169	1	9	10	32.195	13.517	0	2	0	2.078	0.588	NA	0.119	NA	-26.565	175.236
170	1	9	11	32.142	13.623	0	2	0	2.197	0.692	NA	0.119	NA	116.565	143.13
171	2	1	1	37.676	16.018	0	2	11	0	0	NA	NA	NA	NA	NA
172	2	1	2	37.463	16.55	0	2	0	0.573	0.573	NA	0.573	NA	111.801	NA
173	2	1	3	37.41	17.188	0	2	0	1.214	1.201	NA	0.641	NA	94.764	-17.038
174	2	1	4	37.038	17.029	0	2	11	1.619	1.196	NA	0.405	NA	-156.801	108.435
175	2	1	5	36.825	17.135	0	2	34	1.857	1.405	NA	0.238	NA	153.435	-49.764
176	2	1	6	36.931	16.816	0	2	0	2.194	1.092	NA	0.337	NA	-71.565	135
177	2	1	7	37.091	17.135	0	2	0	2.551	1.262	NA	0.357	NA	63.435	135
178	2	1	8	37.144	16.869	0	2	0	2.822	1.004	NA	0.271	NA	-78.69	-142.125
179	2	1	9	37.197	16.869	0	2	0	2.875	0.977	NA	0.053	NA	0	78.69
180	2	1	10	37.197	16.869	0	2	0	2.875	0.977	NA	0	NA	0	0
181	2	1	11	37.091	17.029	0	2	0	3.067	1.168	NA	0.192	NA	123.69	123.69
182	2	1	12	37.57	16.922	0	2	0	3.558	0.911	NA	0.491	NA	-12.529	-136.219
183	2	1	13	37.623	16.763	0	2	0	3.726	0.747	NA	0.168	NA	-71.565	-59.036
184	2	1	14	37.623	16.71	0	2	0	3.779	0.694	NA	0.053	NA	-90	-18.435
185	2	1	15	37.357	16.763	0	2	0	4.051	0.811	NA	0.271	NA	168.69	-101.31
186	2	1	16	37.57	16.55	0	2	0	4.352	0.543	NA	0.301	NA	-45	146.31
187	2	1	17	37.517	16.763	0	2	0	4.571	0.762	NA	0.219	NA	104.036	149.036
188	2	1	18	37.729	16.55	0	2	0	4.872	0.535	NA	0.301	NA	-45	-149.036
189	2	1	19	38.049	16.443	0	2	0	5.209	0.566	NA	0.337	NA	-18.435	26.565
190	2	1	20	38.262	16.071	0	2	0	5.638	0.588	NA	0.429	NA	-60.255	-41.82
191	2	1	21	38.368	15.805	0	2	0	5.924	0.724	NA	0.287	NA	-68.199	-7.943
192	2	1	22	38.315	15.326	0	2	11	6.406	0.941	NA	0.482	NA	-96.34	-28.142
193	2	1	23	38.262	15.698	0	2	0	6.782	0.667	NA	0.376	NA	98.13	-165.53
194	2	1	24	38.581	15.592	0	2	11	7.119	1	NA	0.337	NA	-18.435	-116.565
195	2	1	25	38.315	15.698	0	2	0	7.406	0.714	NA	0.287	NA	158.199	176.634
196	2	1	26	38.262	16.018	0	2	0	7.729	0.585	NA	0.324	NA	99.462	-58.736
197	2	1	27	38.528	15.432	0	2	0	8.372	1.033	NA	0.643	NA	-65.556	-165.018
198	2	1	28	38.474	15.539	0	2	11	8.491	0.931	NA	0.119	NA	116.565	-177.879
199	2	1	29	38.474	15.965	0	2	0	8.917	0.8	NA	0.426	NA	90	-26.565
200	2	1	30	38.102	15.965	0	2	0	9.289	0.429	NA	0.373	NA	180	90
201	2	1	31	38.102	15.965	0	2	0	9.289	0.429	NA	0	NA	0	-180
202	2	1	32	38.102	15.965	0	2	0	9.289	0.429	NA	0	NA	0	0
203	2	1	33	37.517	16.071	0	2	11	9.884	0.168	NA	0.595	NA	169.695	169.695
204	2	1	34	37.57	16.337	0	2	0	10.156	0.337	NA	0.271	NA	78.69	-91.005
205	2	1	35	37.57	16.39	0	2	0	10.209	0.387	NA	0.053	NA	90	11.31
206	2	1	36	37.304	16.869	0	2	0	10.757	0.929	NA	0.548	NA	119.055	29.055
207	2	1	37	37.41	16.816	0	2	0	10.876	0.841	NA	0.119	NA	-26.565	-145.62
208	2	1	38	37.144	17.242	0	2	0	11.378	1.335	NA	0.502	NA	122.005	148.57
209	2	1	39	36.984	16.976	0	2	11	11.688	1.182	NA	0.31	NA	-120.964	117.031
210	2	1	40	37.144	17.135	0	2	0	11.914	1.238	NA	0.226	NA	45	165.964
211	2	1	41	37.357	16.869	0	2	0	12.255	0.909	NA	0.341	NA	-51.34	-96.34
212	2	1	42	37.251	16.869	0	2	0	12.361	0.952	NA	0.106	NA	180	-128.66
213	2	1	43	37.251	16.71	0	2	23	12.521	0.812	NA	0.16	NA	-90	90
214	2	1	44	37.091	16.71	0	2	0	12.68	0.906	NA	0.16	NA	180	-90
215	2	1	45	37.038	17.029	0	2	0	13.004	1.196	NA	0.324	NA	99.462	-80.538
216	2	1	46	37.091	17.029	0	2	0	13.057	1.168	NA	0.053	NA	0	-99.462
217	2	1	47	36.665	17.295	0	2	0	13.559	1.629	NA	0.502	NA	147.995	147.995
218	2	2	1	33.845	18.306	0	2	0	0	0	NA	NA	NA	NA	NA
219	2	2	2	34.377	17.88	0	2	0	0.681	0.681	NA	0.681	NA	-38.66	NA
220	2	2	3	34.59	18.04	0	2	0	0.948	0.791	NA	0.266	NA	36.87	75.53
221	2	2	4	34.483	18.146	0	2	0	1.098	0.658	NA	0.151	NA	135	98.13
222	2	2	5	34.111	18.2	0	2	0	1.474	0.287	NA	0.376	NA	171.87	36.87
223	2	3	1	37.038	14.581	0	2	0	0	0	NA	NA	NA	NA	NA
224	2	3	2	36.399	14.155	0	2	0	0.767	0.767	NA	0.767	NA	-146.31	NA
225	2	3	3	35.814	14.208	0	2	11	1.355	1.279	NA	0.588	NA	174.806	-38.884
226	2	3	4	35.441	14.102	0	2	0	1.743	1.667	NA	0.387	NA	-164.055	21.14
227	2	3	5	35.175	14.155	0	2	0	2.014	1.911	NA	0.271	NA	168.69	-27.255
228	2	3	6	35.228	14.262	0	2	0	2.133	1.837	NA	0.119	NA	63.435	-105.255
229	2	3	7	35.069	14.155	0	2	0	2.325	2.014	NA	0.192	NA	-146.31	150.255
230	2	3	8	35.015	14.102	0	2	0	2.4	2.078	NA	0.075	NA	-135	11.31
231	2	3	9	35.228	14.155	0	2	0	2.62	1.859	NA	0.219	NA	14.036	149.036
232	2	3	10	35.335	14.262	0	2	0	2.77	1.733	NA	0.151	NA	45	30.964
233	2	3	11	35.441	14.208	0	2	0	2.889	1.639	NA	0.119	NA	-26.565	-71.565
234	2	3	12	35.335	14.155	0	2	11	3.008	1.755	NA	0.119	NA	-153.435	-126.87
235	2	3	13	34.856	14.155	0	2	0	3.487	2.223	NA	0.479	NA	180	-26.565
236	2	3	14	35.015	14.421	0	2	11	3.797	2.028	NA	0.31	NA	59.036	-120.964
237	2	3	15	34.856	14.208	0	2	11	4.063	2.213	NA	0.266	NA	-126.87	174.094
238	2	3	16	34.856	14.208	0	2	0	4.063	2.213	NA	0	NA	0	126.87
239	2	3	17	34.909	14.208	0	2	0	4.117	2.161	NA	0.053	NA	0	0
240	2	3	18	34.856	14.368	0	2	0	4.285	2.192	NA	0.168	NA	108.435	108.435
241	2	3	19	34.749	14.262	0	2	0	4.435	2.31	NA	0.151	NA	-135	116.565
242	2	3	20	34.803	14.049	0	2	0	4.655	2.298	NA	0.219	NA	-75.964	59.036
243	2	4	1	37.517	15.007	0	2	0	0	0	NA	NA	NA	NA	NA
244	2	4	2	37.57	15.007	0	2	0	0.053	0.053	NA	0.053	NA	0	NA
245	2	4	3	37.942	15.113	0	2	11	0.441	0.439	NA	0.387	NA	15.945	15.945
246	2	4	4	37.942	15.113	0	2	0	0.441	0.439	NA	0	NA	0	-15.945
247	2	4	5	37.889	15.326	0	2	11	0.66	0.491	NA	0.219	NA	104.036	104.036
248	2	4	6	38.102	15.486	0	2	0	0.926	0.756	NA	0.266	NA	36.87	-67.166
249	2	4	7	38.474	15.486	0	2	0	1.299	1.071	NA	0.373	NA	0	-36.87
250	2	4	8	38.315	14.953	0	2	11	1.854	0.8	NA	0.556	NA	-106.699	-106.699
251	2	4	9	38.208	15.379	0	2	0	2.293	0.786	NA	0.439	NA	104.036	-149.265
252	2	4	10	38.368	15.486	0	2	0	2.485	0.977	NA	0.192	NA	33.69	-70.346
253	2	4	11	38.368	15.645	0	2	0	2.645	1.064	NA	0.16	NA	90	56.31
254	2	4	12	38.102	15.645	0	2	0	2.911	0.866	NA	0.266	NA	180	90
255	2	4	13	38.155	15.539	0	2	0	3.03	0.831	NA	0.119	NA	-63.435	116.565
256	2	4	14	37.942	15.539	0	2	11	3.242	0.681	NA	0.213	NA	180	-116.565
257	2	4	15	37.942	15.698	0	2	11	3.402	0.812	NA	0.16	NA	90	-90
258	2	4	16	37.676	15.698	0	2	0	3.668	0.71	NA	0.266	NA	180	90
259	2	5	1	32.355	18.412	0	2	0	0	0	NA	NA	NA	NA	NA
260	2	5	2	33.1	18.412	0	2	0	0.745	0.745	NA	0.745	NA	0	NA
261	2	5	3	33.472	17.987	0	2	0	1.311	1.196	NA	0.566	NA	-48.814	-48.814
262	2	5	4	33.419	17.774	0	2	11	1.53	1.241	NA	0.219	NA	-104.036	-55.222
263	2	5	5	33.632	17.774	0	2	0	1.743	1.428	NA	0.213	NA	0	104.036
264	2	5	6	33.259	18.146	0	2	0	2.27	0.943	NA	0.527	NA	135	135
265	2	5	7	33.259	18.253	0	2	0	2.376	0.919	NA	0.106	NA	90	-45
266	2	5	8	32.993	18.253	0	2	0	2.642	0.658	NA	0.266	NA	180	90
267	2	5	9	32.621	18.306	0	2	11	3.019	0.287	NA	0.376	NA	171.87	-8.13
268	2	5	10	32.514	18.412	0	2	0	3.169	0.16	NA	0.151	NA	135	-36.87
269	2	5	11	32.568	18.253	0	2	11	3.337	0.266	NA	0.168	NA	-71.565	153.435
270	2	5	12	32.195	18.253	0	2	0	3.71	0.226	NA	0.373	NA	180	-108.435
271	2	5	13	32.514	18.412	0	2	0	4.067	0.16	NA	0.357	NA	26.565	-153.435
272	2	6	1	34.164	18.093	0	2	23	0	0	NA	NA	NA	NA	NA
273	2	6	2	34.696	18.146	0	2	0	0.535	0.535	NA	0.535	NA	5.711	NA
274	2	6	3	34.962	18.093	0	2	0	0.806	0.798	NA	0.271	NA	-11.31	-17.021
275	2	6	4	35.814	18.04	0	2	0	1.659	1.651	NA	0.853	NA	-3.576	7.734
276	2	6	5	35.814	17.987	0	2	0	1.712	1.653	NA	0.053	NA	-90	-86.424
277	2	6	6	36.293	17.508	0	2	0	2.39	2.208	NA	0.677	NA	-45	45
278	2	6	7	36.027	17.455	0	2	11	2.661	1.969	NA	0.271	NA	-168.69	-123.69
279	2	6	8	35.76	17.827	0	2	0	3.119	1.618	NA	0.458	NA	125.538	-65.772
280	2	6	9	35.814	17.827	0	2	0	3.172	1.671	NA	0.053	NA	0	-125.538
281	2	6	10	35.814	17.827	0	2	0	3.172	1.671	NA	0	NA	0	0
282	2	6	11	35.654	17.827	0	2	0	3.332	1.514	NA	0.16	NA	180	180
283	2	6	12	35.601	18.04	0	2	0	3.551	1.438	NA	0.219	NA	104.036	-75.964
284	2	6	13	35.388	17.774	0	2	0	3.892	1.265	NA	0.341	NA	-128.66	127.304
285	2	6	14	35.335	18.04	0	2	0	4.163	1.172	NA	0.271	NA	101.31	-130.03
286	2	6	15	35.175	18.04	0	2	0	4.323	1.012	NA	0.16	NA	180	78.69
287	2	7	1	32.568	18.253	0	2	0	0	0	NA	NA	NA	NA	NA
288	2	7	2	33.259	17.827	0	2	0	0.812	0.812	NA	0.812	NA	-31.608	NA
289	2	7	3	33.632	16.976	0	2	11	1.742	1.662	NA	0.929	NA	-66.371	-34.763
