Nr	TID	PID	x [micron]	y [micron]	t [sec]	c [idx]	I [val]	Len [micron]	D2S [micron]	D2R [micron]	D2P [micron]	v [micron/sec]	? [deg]	?? [deg]
1	1	1	9.097	17.888	0	2	240.25	0	0	NA	NA	NA	NA	NA
2	1	2	9.123	16.241	0	2	233.417	1.647	1.647	NA	1.647	NA	-89.076	NA
3	1	3	8.805	15.073	0	2	136.333	2.858	2.83	NA	1.211	NA	-105.255	-16.179
4	1	4	8.247	13.373	0	2	116.833	4.647	4.594	NA	1.789	NA	-108.166	-2.911
5	1	5	8.141	12.443	0	2	62.444	5.583	5.528	NA	0.936	NA	-96.52	11.646
6	1	6	8.141	10.929	0	2	65.389	7.097	7.024	NA	1.514	NA	-90	6.52
7	2	1	9.415	16.374	0	2	217.667	0	0	NA	NA	NA	NA	NA
8	2	2	9.734	17.224	0	2	185.694	0.908	0.908	NA	0.908	NA	69.444	NA
9	2	3	9.708	17.277	0	2	167.722	0.967	0.949	NA	0.059	NA	116.565	47.121
10	2	4	9.575	16.905	0	2	99.444	1.362	0.555	NA	0.395	NA	-109.654	133.781
11	2	5	9.708	16.932	0	2	168.167	1.497	0.63	NA	0.135	NA	11.31	120.964
12	2	6	9.708	17.304	0	2	128.389	1.869	0.974	NA	0.372	NA	90	78.69
13	2	7	9.442	16.587	0	2	72.417	2.634	0.214	NA	0.765	NA	-110.323	159.677
14	2	8	9.601	16.374	0	2	99	2.9	0.186	NA	0.266	NA	-53.13	57.193
15	2	9	9.601	17.304	0	2	107	3.829	0.948	NA	0.93	NA	90	143.13
16	3	1	9.362	16.241	0	2	141.833	0	0	NA	NA	NA	NA	NA
17	3	2	9.734	19.375	0	2	147.472	3.156	3.156	NA	3.156	NA	83.234	NA
18	3	3	9.601	22.616	0	2	137.5	6.399	6.379	NA	3.243	NA	92.347	9.113
19	3	4	9.894	25.245	0	2	128.667	9.045	9.019	NA	2.646	NA	83.66	-8.687
20	3	5	9.92	25.962	0	2	107.25	9.762	9.737	NA	0.718	NA	87.879	4.219
21	3	6	9.947	25.67	0	2	148.944	10.056	9.447	NA	0.293	NA	-84.806	-172.684
22	3	7	10	25.644	0	2	71.417	10.115	9.424	NA	0.059	NA	-26.565	58.241
23	3	8	9.787	25.564	0	2	49.472	10.342	9.332	NA	0.227	NA	-159.444	-132.879
24	3	9	10.133	25.723	0	2	81.583	10.722	9.513	NA	0.38	NA	24.775	-175.781
25	3	10	10.239	25.564	0	2	122.333	10.914	9.364	NA	0.192	NA	-56.31	-81.085
26	3	11	10.398	25.909	0	2	122.083	11.294	9.723	NA	0.38	NA	65.225	121.535
27	3	12	10.345	25.909	0	2	64.278	11.347	9.718	NA	0.053	NA	180	114.775
28	3	13	10.106	25.803	0	2	158.056	11.609	9.59	NA	0.262	NA	-156.038	23.962
29	3	14	10.106	25.537	0	2	147.25	11.874	9.326	NA	0.266	NA	-90	66.038
30	3	15	10.106	25.484	0	2	127.75	11.927	9.273	NA	0.053	NA	-90	0
31	3	16	10.372	25.298	0	2	75.417	12.252	9.113	NA	0.324	NA	-34.992	55.008
32	3	17	10.079	24.395	0	2	107.25	13.201	8.185	NA	0.949	NA	-107.928	-72.936
33	3	18	10.079	24.289	0	2	84.917	13.307	8.08	NA	0.106	NA	-90	17.928
34	3	19	9.973	24.077	0	2	102.222	13.545	7.859	NA	0.238	NA	-116.565	-26.565
35	3	20	10.292	25.086	0	2	76.5	14.603	8.893	NA	1.058	NA	72.474	-170.961
36	3	21	10.133	25.219	0	2	90.5	14.81	9.01	NA	0.207	NA	140.194	67.72
37	3	22	10	25.086	0	2	112.667	14.998	8.867	NA	0.188	NA	-135	84.806
38	3	23	9.947	24.687	0	2	87.639	15.4	8.466	NA	0.402	NA	-97.595	37.405
39	3	24	9.973	24.395	0	2	88.389	15.694	8.177	NA	0.293	NA	-84.806	12.789
40	3	25	9.761	24.926	0	2	87.75	16.266	8.694	NA	0.572	NA	111.801	-163.393
41	3	26	9.787	24.767	0	2	117	16.427	8.536	NA	0.162	NA	-80.538	167.661
42	4	1	15.79	33.452	0	2	73.75	0	0	NA	NA	NA	NA	NA
43	4	2	15.87	33.266	0	2	97.333	0.202	0.202	NA	0.202	NA	-66.801	NA
44	4	3	15.816	33.213	0	2	107.167	0.277	0.241	NA	0.075	NA	-135	-68.199
45	4	4	15.79	33.08	0	2	87.611	0.413	0.372	NA	0.135	NA	-101.31	33.69
46	4	5	15.206	32.682	0	2	111.417	1.12	0.967	NA	0.707	NA	-145.713	-44.403
47	4	6	15.179	32.363	0	2	115.25	1.44	1.249	NA	0.32	NA	-94.764	50.949
48	4	7	15.179	32.31	0	2	98.75	1.493	1.295	NA	0.053	NA	-90	4.764
49	4	8	15.099	32.284	0	2	90.333	1.577	1.357	NA	0.084	NA	-161.565	-71.565
50	4	9	14.754	31.885	0	2	28.444	2.104	1.878	NA	0.527	NA	-130.914	30.651
51	4	10	14.834	31.487	0	2	97.278	2.51	2.186	NA	0.406	NA	-78.69	52.224
52	4	11	14.302	31.274	0	2	65.75	3.083	2.637	NA	0.572	NA	-158.199	-79.509
53	4	12	13.931	30.557	0	2	94.833	3.89	3.441	NA	0.808	NA	-117.408	40.791
54	4	13	13.479	30.159	0	2	69.917	4.493	4.023	NA	0.602	NA	-138.576	-21.169
55	4	14	13.054	29.203	0	2	66.917	5.539	5.054	NA	1.046	NA	-113.962	24.614
56	4	15	12.629	28.114	0	2	72.667	6.708	6.204	NA	1.169	NA	-111.318	2.645
57	4	16	12.125	27.104	0	2	49.889	7.836	7.33	NA	1.128	NA	-116.565	-5.247
58	4	17	11.939	26.281	0	2	52.111	8.68	8.14	NA	0.844	NA	-102.724	13.841
59	5	1	16.294	31.593	0	2	193.75	0	0	NA	NA	NA	NA	NA
60	5	2	16.162	31.407	0	2	218.139	0.228	0.228	NA	0.228	NA	-125.538	NA
61	5	3	16.082	31.407	0	2	195.667	0.308	0.282	NA	0.08	NA	180	-54.462
62	5	4	16.082	31.46	0	2	160.417	0.361	0.251	NA	0.053	NA	90	-90
63	5	5	16.109	31.566	0	2	189.25	0.471	0.188	NA	0.11	NA	75.964	-14.036
64	5	6	16.109	31.566	0	2	171.444	0.471	0.188	NA	0	NA	0	-75.964
65	5	7	16.109	31.566	0	2	163.056	0.471	0.188	NA	0	NA	0	0
66	5	8	16.109	31.513	0	2	166.833	0.524	0.202	NA	0.053	NA	-90	-90
67	5	9	16.082	31.513	0	2	187.25	0.55	0.227	NA	0.027	NA	180	-90
68	5	10	16.082	31.513	0	2	162.083	0.55	0.227	NA	0	NA	0	-180
69	5	11	16.082	31.54	0	2	141.056	0.577	0.219	NA	0.027	NA	90	90
70	5	12	16.082	31.54	0	2	190.167	0.577	0.219	NA	0	NA	0	-90
71	5	13	16.002	31.699	0	2	152.139	0.755	0.311	NA	0.178	NA	116.565	116.565
72	5	14	16.109	31.593	0	2	148.333	0.905	0.186	NA	0.15	NA	-45	-161.565
73	5	15	16.082	31.593	0	2	150	0.932	0.212	NA	0.027	NA	180	-135
74	5	16	16.055	31.62	0	2	158.25	0.97	0.241	NA	0.038	NA	135	-45
75	5	17	15.923	31.566	0	2	120.722	1.113	0.373	NA	0.143	NA	-158.199	66.801
76	5	18	15.763	31.513	0	2	137.667	1.281	0.537	NA	0.168	NA	-161.565	-3.366
77	5	19	15.71	31.593	0	2	94.667	1.376	0.584	NA	0.096	NA	123.69	-74.745
78	5	20	15.816	31.274	0	2	140.25	1.712	0.575	NA	0.336	NA	-71.565	164.745
79	5	21	15.206	31.195	0	2	49.5	2.328	1.16	NA	0.616	NA	-172.569	-101.004
80	5	22	15.524	31.301	0	2	128.806	2.664	0.824	NA	0.336	NA	18.435	-168.996
81	5	23	15.524	31.301	0	2	164.917	2.664	0.824	NA	0	NA	0	-18.435
82	5	24	15.524	31.301	0	2	107.694	2.664	0.824	NA	0	NA	0	0
83	5	25	15.524	31.301	0	2	166.444	2.664	0.824	NA	0	NA	0	0
84	5	26	15.524	31.301	0	2	112.139	2.664	0.824	NA	0	NA	0	0
85	5	27	15.524	31.327	0	2	77.389	2.691	0.815	NA	0.027	NA	90	90
86	5	28	15.524	31.354	0	2	112.75	2.717	0.806	NA	0.027	NA	90	0
87	5	29	15.524	31.354	0	2	112.667	2.717	0.806	NA	0	NA	0	-90
88	5	30	15.524	31.354	0	2	61.833	2.717	0.806	NA	0	NA	0	0
89	5	31	15.71	31.407	0	2	53.667	2.911	0.613	NA	0.193	NA	15.945	15.945
90	5	32	15.657	31.274	0	2	70	3.054	0.713	NA	0.143	NA	-111.801	-127.747
91	5	33	15.657	31.274	0	2	74	3.054	0.713	NA	0	NA	0	111.801
92	5	34	15.657	31.274	0	2	127.75	3.054	0.713	NA	0	NA	0	0
93	5	35	15.63	31.274	0	2	94.417	3.08	0.737	NA	0.027	NA	180	180
94	5	36	15.471	31.274	0	2	56.333	3.24	0.883	NA	0.159	NA	180	0
95	5	37	15.471	31.301	0	2	115.417	3.266	0.874	NA	0.027	NA	90	-90
96	5	38	15.524	31.301	0	2	75.667	3.319	0.824	NA	0.053	NA	0	-90
97	5	39	15.524	31.274	0	2	96	3.346	0.834	NA	0.027	NA	-90	-90
98	5	40	15.604	31.248	0	2	92.972	3.43	0.772	NA	0.084	NA	-18.435	71.565
99	5	41	15.604	31.248	0	2	73.306	3.43	0.772	NA	0	NA	0	18.435
100	5	42	15.604	31.301	0	2	113.583	3.483	0.75	NA	0.053	NA	90	90
101	5	43	15.684	31.354	0	2	96.417	3.579	0.656	NA	0.096	NA	33.69	-56.31
102	5	44	15.63	31.46	0	2	114.5	3.698	0.677	NA	0.119	NA	116.565	82.875
103	5	45	15.657	31.274	0	2	61.75	3.885	0.713	NA	0.188	NA	-81.87	161.565
104	5	46	15.737	31.274	0	2	65.5	3.965	0.642	NA	0.08	NA	0	81.87
105	6	1	16.879	23.97	0	2	182.306	0	0	NA	NA	NA	NA	NA
106	6	2	16.879	23.97	0	2	238.056	0	0	NA	0	NA	0	NA
107	6	3	16.879	23.97	0	2	179.222	0	0	NA	0	NA	0	0
108	6	4	16.879	23.97	0	2	248.333	0	0	NA	0	NA	0	0
109	6	5	16.879	23.97	0	2	208.972	0	0	NA	0	NA	0	0
110	6	6	17.463	24.342	0	2	211.917	0.693	0.693	NA	0.693	NA	32.471	32.471
111	6	7	17.543	24.156	0	2	185.556	0.895	0.69	NA	0.202	NA	-66.801	-99.273
112	6	8	17.543	24.156	0	2	198.889	0.895	0.69	NA	0	NA	0	66.801
113	6	9	17.729	24.236	0	2	134.583	1.097	0.89	NA	0.202	NA	23.199	23.199
114	6	10	17.994	24.342	0	2	110.167	1.383	1.176	NA	0.286	NA	21.801	-1.397
115	6	11	18.393	24.316	0	2	166.639	1.782	1.553	NA	0.399	NA	-3.814	-25.615
116	6	12	18.605	24.103	0	2	53.25	2.083	1.731	NA	0.3	NA	-45	-41.186
117	6	13	18.446	24.183	0	2	86.25	2.261	1.581	NA	0.178	NA	153.435	-161.565
118	6	14	18.658	24.528	0	2	100.472	2.667	1.865	NA	0.405	NA	58.392	-95.042
119	6	15	18.366	24.156	0	2	100.167	3.139	1.499	NA	0.473	NA	-128.157	173.45
120	6	16	18.419	24.422	0	2	120.833	3.41	1.605	NA	0.271	NA	78.69	-153.153
121	6	17	18.419	24.13	0	2	75.167	3.702	1.549	NA	0.292	NA	-90	-168.69
122	6	18	18.552	24.289	0	2	141.056	3.91	1.703	NA	0.207	NA	50.194	140.194
123	6	19	18.472	24.13	0	2	81.083	4.088	1.602	NA	0.178	NA	-116.565	-166.759
124	6	20	18.313	24.05	0	2	113.722	4.266	1.436	NA	0.178	NA	-153.435	-36.87
125	6	21	18.446	24.156	0	2	86.75	4.436	1.578	NA	0.17	NA	38.66	-167.905
126	7	1	18.924	33.187	0	2	249	0	0	NA	NA	NA	NA	NA
127	7	2	19.11	33.16	0	2	223.889	0.188	0.188	NA	0.188	NA	-8.13	NA
128	7	3	19.163	33.372	0	2	183.167	0.407	0.303	NA	0.219	NA	75.964	84.094
129	7	4	19.19	33.24	0	2	249.444	0.542	0.271	NA	0.135	NA	-78.69	-154.654
130	7	5	19.19	33.24	0	2	249.944	0.542	0.271	NA	0	NA	0	78.69
131	7	6	19.19	33.24	0	2	192.583	0.542	0.271	NA	0	NA	0	0
132	7	7	19.19	33.24	0	2	226.5	0.542	0.271	NA	0	NA	0	0
133	7	8	19.216	33.187	0	2	167.833	0.602	0.292	NA	0.059	NA	-63.435	-63.435
134	7	9	19.216	33.16	0	2	228.333	0.628	0.293	NA	0.027	NA	-90	-26.565
135	7	10	19.216	33.16	0	2	236.389	0.628	0.293	NA	0	NA	0	90
136	7	11	19.216	33.16	0	2	247.361	0.628	0.293	NA	0	NA	0	0
137	7	12	19.216	33.16	0	2	150.806	0.628	0.293	NA	0	NA	0	0
138	7	13	19.216	33.16	0	2	142.972	0.628	0.293	NA	0	NA	0	0
139	7	14	19.216	33.16	0	2	74.722	0.628	0.293	NA	0	NA	0	0
140	7	15	19.216	33.133	0	2	157.556	0.655	0.297	NA	0.027	NA	-90	-90
141	7	16	19.216	33.133	0	2	142.472	0.655	0.297	NA	0	NA	0	90
142	7	17	19.163	33.133	0	2	108.25	0.708	0.245	NA	0.053	NA	180	180
143	7	18	19.163	33.133	0	2	199.75	0.708	0.245	NA	0	NA	0	-180
144	7	19	19.083	33.133	0	2	101.583	0.788	0.168	NA	0.08	NA	180	180
145	7	20	19.057	33.133	0	2	221.528	0.814	0.143	NA	0.027	NA	180	0
146	7	21	19.057	33.133	0	2	154.222	0.814	0.143	NA	0	NA	0	-180
147	7	22	18.977	33.133	0	2	113	0.894	0.075	NA	0.08	NA	180	180
148	7	23	18.977	33.133	0	2	104.028	0.894	0.075	NA	0	NA	0	-180
149	7	24	18.924	33.16	0	2	209.417	0.953	0.027	NA	0.059	NA	153.435	153.435
150	7	25	18.924	33.16	0	2	160.917	0.953	0.027	NA	0	NA	0	-153.435
151	7	26	18.897	33.187	0	2	199.583	0.991	0.027	NA	0.038	NA	135	135
152	7	27	18.897	33.24	0	2	158.111	1.044	0.059	NA	0.053	NA	90	-45
153	7	28	18.897	33.24	0	2	229.778	1.044	0.059	NA	0	NA	0	-90
154	7	29	18.897	33.24	0	2	227.5	1.044	0.059	NA	0	NA	0	0
155	7	30	18.897	33.266	0	2	255	1.07	0.084	NA	0.027	NA	90	90
156	7	31	18.897	33.293	0	2	192.917	1.097	0.11	NA	0.027	NA	90	0
157	7	32	18.897	33.24	0	2	215.417	1.15	0.059	NA	0.053	NA	-90	-180
158	7	33	18.924	33.027	0	2	230.75	1.364	0.159	NA	0.214	NA	-82.875	7.125
159	7	34	18.924	33.027	0	2	226.5	1.364	0.159	NA	0	NA	0	82.875
160	7	35	19.083	32.788	0	2	201.75	1.652	0.429	NA	0.287	NA	-56.31	-56.31
161	7	36	18.977	32.629	0	2	253.833	1.843	0.56	NA	0.192	NA	-123.69	-67.38
162	7	37	19.004	32.629	0	2	240.75	1.87	0.563	NA	0.027	NA	0	123.69
163	7	38	19.083	32.496	0	2	238.333	2.024	0.709	NA	0.155	NA	-59.036	-59.036
164	7	39	19.11	32.39	0	2	228.333	2.134	0.818	NA	0.11	NA	-75.964	-16.928
165	7	40	19.163	32.284	0	2	215.917	2.253	0.934	NA	0.119	NA	-63.435	12.529
166	7	41	19.136	32.284	0	2	241.111	2.279	0.928	NA	0.027	NA	180	-116.565
167	7	42	19.057	32.416	0	2	191.944	2.434	0.782	NA	0.155	NA	120.964	-59.036
168	7	43	19.057	32.416	0	2	178.417	2.434	0.782	NA	0	NA	0	-120.964
169	7	44	18.95	32.363	0	2	205.75	2.553	0.824	NA	0.119	NA	-153.435	-153.435
170	7	45	18.977	32.416	0	2	219.778	2.612	0.772	NA	0.059	NA	63.435	-143.13
171	7	46	19.03	32.284	0	2	230.639	2.755	0.909	NA	0.143	NA	-68.199	-131.634
172	7	47	19.216	32.151	0	2	159.583	2.984	1.076	NA	0.228	NA	-35.538	32.661
173	7	48	19.216	31.938	0	2	166.389	3.196	1.282	NA	0.212	NA	-90	-54.462
174	7	49	19.322	31.699	0	2	168.583	3.458	1.54	NA	0.262	NA	-66.038	23.962
175	7	50	19.429	31.513	0	2	200	3.672	1.748	NA	0.214	NA	-60.255	5.782
176	7	51	19.535	31.434	0	2	221.833	3.805	1.856	NA	0.133	NA	-36.87	23.385
177	7	52	19.721	31.301	0	2	187.25	4.033	2.047	NA	0.228	NA	-35.538	1.332
178	7	53	19.907	30.929	0	2	247.083	4.449	2.462	NA	0.416	NA	-63.435	-27.897
179	7	54	20.066	30.663	0	2	247.083	4.759	2.77	NA	0.31	NA	-59.036	4.399
180	7	55	20.066	30.557	0	2	239.667	4.865	2.867	NA	0.106	NA	-90	-30.964
181	7	56	20.146	30.371	0	2	180.083	5.067	3.069	NA	0.202	NA	-66.801	23.199
182	7	57	20.225	30.238	0	2	201.083	5.222	3.223	NA	0.155	NA	-59.036	7.765
183	7	58	20.278	30.053	0	2	212.333	5.416	3.414	NA	0.193	NA	-74.055	-15.018
184	7	59	20.305	29.999	0	2	221.667	5.475	3.474	NA	0.059	NA	-63.435	10.62
185	7	60	20.199	30.026	0	2	217.667	5.584	3.408	NA	0.11	NA	165.964	-130.601
186	7	61	20.199	30.185	0	2	216.917	5.744	3.261	NA	0.159	NA	90	-75.964
187	7	62	20.172	30.345	0	2	214.25	5.905	3.104	NA	0.162	NA	99.462	9.462
188	7	63	20.146	30.637	0	2	204.333	6.199	2.827	NA	0.293	NA	95.194	-4.268
189	7	64	20.146	30.929	0	2	232.917	6.491	2.567	NA	0.292	NA	90	-5.194
190	7	65	19.88	31.168	0	2	178.75	6.848	2.234	NA	0.357	NA	138.013	48.013
191	7	66	19.535	31.434	0	2	197.083	7.284	1.856	NA	0.436	NA	142.431	4.419
192	7	67	19.561	31.752	0	2	202.25	7.604	1.57	NA	0.32	NA	85.236	-57.195
193	7	68	19.933	31.832	0	2	175.667	7.984	1.689	NA	0.38	NA	12.095	-73.142
194	7	69	19.88	31.965	0	2	143	8.127	1.551	NA	0.143	NA	111.801	99.707
195	7	70	19.694	32.124	0	2	221.722	8.372	1.312	NA	0.245	NA	139.399	27.597
196	7	71	19.907	31.965	0	2	132.472	8.637	1.568	NA	0.266	NA	-36.87	-176.269
197	7	72	19.827	31.832	0	2	181.5	8.792	1.628	NA	0.155	NA	-120.964	-84.094
198	7	73	19.827	31.805	0	2	212.278	8.819	1.65	NA	0.027	NA	-90	30.964
199	7	74	19.827	31.805	0	2	157.639	8.819	1.65	NA	0	NA	0	90
200	7	75	19.854	31.673	0	2	213.333	8.954	1.777	NA	0.135	NA	-78.69	-78.69
201	7	76	19.8	31.726	0	2	115.083	9.029	1.704	NA	0.075	NA	135	-146.31
202	7	77	19.747	31.832	0	2	116.833	9.148	1.585	NA	0.119	NA	116.565	-18.435
203	7	78	19.747	31.859	0	2	146.222	9.175	1.563	NA	0.027	NA	90	-26.565
204	7	79	19.747	31.859	0	2	114.25	9.175	1.563	NA	0	NA	0	-90
205	7	80	19.668	32.098	0	2	174.583	9.427	1.319	NA	0.252	NA	108.435	108.435
206	7	82	19.668	32.098	0	2	104.167	9.427	1.319	NA	0	NA	0	-108.435
207	8	1	17.729	32.708	0	2	128	0	0	NA	NA	NA	NA	NA
208	8	2	17.915	32.815	0	2	140.778	0.214	0.214	NA	0.214	NA	29.745	NA
209	8	3	17.915	32.815	0	2	131.667	0.214	0.214	NA	0	NA	0	-29.745
210	8	4	17.968	32.815	0	2	197	0.267	0.262	NA	0.053	NA	0	0
211	8	5	17.968	32.815	0	2	136.167	0.267	0.262	NA	0	NA	0	0
212	8	6	17.968	32.815	0	2	138.75	0.267	0.262	NA	0	NA	0	0
213	8	7	17.994	32.815	0	2	225.972	0.294	0.286	NA	0.027	NA	0	0
214	8	8	18.021	32.815	0	2	177.5	0.32	0.311	NA	0.027	NA	0	0
215	8	9	18.021	32.815	0	2	234.5	0.32	0.311	NA	0	NA	0	0
216	8	10	18.021	32.815	0	2	183.75	0.32	0.311	NA	0	NA	0	0
217	8	11	18.047	32.894	0	2	200.417	0.404	0.369	NA	0.084	NA	71.565	71.565
218	8	12	18.047	32.894	0	2	190.167	0.404	0.369	NA	0	NA	0	-71.565
219	8	13	18.047	32.894	0	2	182.083	0.404	0.369	NA	0	NA	0	0
220	8	14	18.047	32.894	0	2	186.083	0.404	0.369	NA	0	NA	0	0
221	8	15	18.047	32.894	0	2	195.833	0.404	0.369	NA	0	NA	0	0
222	8	16	18.047	32.894	0	2	184.333	0.404	0.369	NA	0	NA	0	0
223	8	17	17.729	32.894	0	2	140.25	0.723	0.186	NA	0.319	NA	180	180
224	8	18	17.941	32.894	0	2	194.167	0.936	0.282	NA	0.212	NA	0	-180
225	8	19	17.941	32.894	0	2	230.056	0.936	0.282	NA	0	NA	0	0
226	8	20	17.729	32.894	0	2	214.75	1.148	0.186	NA	0.212	NA	180	180
227	8	21	17.729	32.894	0	2	190.25	1.148	0.186	NA	0	NA	0	-180
228	8	22	17.729	32.894	0	2	175.417	1.148	0.186	NA	0	NA	0	0
229	8	23	17.729	32.894	0	2	180.333	1.148	0.186	NA	0	NA	0	0
230	8	24	17.729	32.894	0	2	198.333	1.148	0.186	NA	0	NA	0	0
231	8	25	17.729	32.894	0	2	193.5	1.148	0.186	NA	0	NA	0	0
232	8	26	18.047	32.894	0	2	238.75	1.467	0.369	NA	0.319	NA	0	0
233	8	27	18.047	32.868	0	2	165.25	1.493	0.356	NA	0.027	NA	-90	-90
234	8	28	18.047	32.868	0	2	181.5	1.493	0.356	NA	0	NA	0	90
235	8	29	18.047	32.868	0	2	198.25	1.493	0.356	NA	0	NA	0	0
236	8	30	18.047	32.894	0	2	187.417	1.52	0.369	NA	0.027	NA	90	90
237	8	31	18.021	32.948	0	2	175.667	1.579	0.377	NA	0.059	NA	116.565	26.565
238	8	32	17.968	32.948	0	2	214.25	1.632	0.338	NA	0.053	NA	180	63.435
239	8	33	17.941	32.948	0	2	180.167	1.659	0.32	NA	0.027	NA	180	0
240	8	34	17.941	32.841	0	2	195.278	1.765	0.251	NA	0.106	NA	-90	90
241	8	35	17.941	32.841	0	2	247.083	1.765	0.251	NA	0	NA	0	90
242	8	36	17.941	32.841	0	2	253.889	1.765	0.251	NA	0	NA	0	0
243	8	37	17.941	32.841	0	2	250.139	1.765	0.251	NA	0	NA	0	0
244	8	38	17.941	32.841	0	2	188.611	1.765	0.251	NA	0	NA	0	0
245	8	39	17.941	32.841	0	2	188.972	1.765	0.251	NA	0	NA	0	0
246	8	40	17.941	32.841	0	2	226.056	1.765	0.251	NA	0	NA	0	0
247	8	41	18.101	32.523	0	2	254.028	2.122	0.416	NA	0.356	NA	-63.435	-63.435
248	8	42	18.101	32.523	0	2	250.139	2.122	0.416	NA	0	NA	0	63.435
249	8	43	17.994	32.576	0	2	238.333	2.24	0.297	NA	0.119	NA	153.435	153.435
250	8	44	17.994	32.576	0	2	248.25	2.24	0.297	NA	0	NA	0	-153.435
251	8	45	17.994	32.629	0	2	226.5	2.293	0.277	NA	0.053	NA	90	90
252	8	46	17.994	32.629	0	2	194.25	2.293	0.277	NA	0	NA	0	-90
253	8	47	18.074	32.629	0	2	176.25	2.373	0.354	NA	0.08	NA	0	0
254	8	48	18.074	32.629	0	2	248.917	2.373	0.354	NA	0	NA	0	0
255	8	49	18.074	32.629	0	2	210.833	2.373	0.354	NA	0	NA	0	0
256	8	50	18.101	32.629	0	2	222.417	2.4	0.38	NA	0.027	NA	0	0
257	8	51	18.074	32.708	0	2	250.25	2.484	0.345	NA	0.084	NA	108.435	108.435
258	8	52	18.101	32.815	0	2	206.389	2.593	0.387	NA	0.11	NA	75.964	-32.471
259	8	53	18.207	32.894	0	2	226.5	2.726	0.513	NA	0.133	NA	36.87	-39.094
260	8	54	18.207	32.894	0	2	162.417	2.726	0.513	NA	0	NA	0	-36.87
261	8	55	18.313	32.868	0	2	174.583	2.835	0.606	NA	0.11	NA	-14.036	-14.036
262	8	56	18.313	32.868	0	2	145.25	2.835	0.606	NA	0	NA	0	14.036
263	8	57	18.313	32.868	0	2	198.417	2.835	0.606	NA	0	NA	0	0
264	8	58	18.313	32.974	0	2	141.694	2.942	0.642	NA	0.106	NA	90	90
265	8	59	18.366	33.054	0	2	214.583	3.037	0.725	NA	0.096	NA	56.31	-33.69
266	8	60	18.366	33.08	0	2	206.083	3.064	0.738	NA	0.027	NA	90	33.69
267	8	61	18.366	33.107	0	2	183.25	3.091	0.752	NA	0.027	NA	90	0
268	8	62	18.366	33.133	0	2	199.583	3.117	0.766	NA	0.027	NA	90	0
269	8	63	18.499	33.054	0	2	211.833	3.272	0.844	NA	0.155	NA	-30.964	-120.964
270	8	64	18.419	33.133	0	2	222.889	3.385	0.811	NA	0.113	NA	135	165.964
271	8	65	18.419	33.187	0	2	177.833	3.438	0.84	NA	0.053	NA	90	-45
272	8	66	18.393	33.187	0	2	213.75	3.464	0.818	NA	0.027	NA	180	90
273	8	67	18.366	33.213	0	2	181.75	3.502	0.813	NA	0.038	NA	135	-45
274	8	68	18.313	33.24	0	2	159.5	3.561	0.79	NA	0.059	NA	153.435	18.435
275	8	69	18.286	33.372	0	2	246.75	3.697	0.867	NA	0.135	NA	101.31	-52.125
276	8	70	18.26	33.505	0	2	119.833	3.832	0.958	NA	0.135	NA	101.31	0
277	8	71	18.26	33.585	0	2	111.167	3.912	1.025	NA	0.08	NA	90	-11.31
278	8	72	18.26	33.585	0	2	168	3.912	1.025	NA	0	NA	0	-90
279	8	73	18.26	33.585	0	2	155.417	3.912	1.025	NA	0	NA	0	0
280	8	74	18.233	33.585	0	2	159.917	3.938	1.011	NA	0.027	NA	180	180
281	8	75	18.207	33.585	0	2	140.5	3.965	0.998	NA	0.027	NA	180	0
282	8	76	18.207	33.585	0	2	161	3.965	0.998	NA	0	NA	0	-180
283	8	77	18.207	33.585	0	2	189.25	3.965	0.998	NA	0	NA	0	0
284	8	78	18.207	33.585	0	2	152.5	3.965	0.998	NA	0	NA	0	0
285	8	79	18.207	33.585	0	2	152.75	3.965	0.998	NA	0	NA	0	0
286	8	80	18.233	33.585	0	2	118.25	3.992	1.011	NA	0.027	NA	0	0
287	8	81	18.233	33.585	0	2	154.083	3.992	1.011	NA	0	NA	0	0
288	9	1	13.878	15.312	0	2	83.806	0	0	NA	NA	NA	NA	NA
289	9	2	13.824	15.232	0	2	137.5	0.096	0.096	NA	0.096	NA	-123.69	NA
290	9	3	13.824	15.259	0	2	74	0.122	0.075	NA	0.027	NA	90	-146.31
291	9	4	13.824	15.338	0	2	86.25	0.202	0.059	NA	0.08	NA	90	0
292	9	5	13.798	15.338	0	2	108.583	0.229	0.084	NA	0.027	NA	180	90
293	9	6	13.957	15.737	0	2	91.833	0.658	0.432	NA	0.429	NA	68.199	-111.801
294	9	7	13.585	16.029	0	2	66.917	1.131	0.774	NA	0.473	NA	141.843	73.644
295	10	1	16.427	21.845	0	2	121.722	0	0	NA	NA	NA	NA	NA
296	10	2	16.109	21.686	0	2	83.056	0.356	0.356	NA	0.356	NA	-153.435	NA
297	10	3	16.188	21.686	0	2	79.333	0.436	0.287	NA	0.08	NA	0	153.435
298	10	4	16.241	21.686	0	2	124.528	0.489	0.245	NA	0.053	NA	0	0
299	10	5	16.241	21.686	0	2	40.75	0.489	0.245	NA	0	NA	0	0
300	10	6	16.241	21.686	0	2	43.639	0.489	0.245	NA	0	NA	0	0
301	10	7	16.241	21.686	0	2	89.944	0.489	0.245	NA	0	NA	0	0
302	10	8	16.135	21.367	0	2	49.417	0.825	0.56	NA	0.336	NA	-108.435	-108.435
303	10	9	15.976	21.288	0	2	68.667	1.003	0.718	NA	0.178	NA	-153.435	-45
304	10	10	15.976	21.288	0	2	71	1.003	0.718	NA	0	NA	0	153.435
305	10	11	15.923	21.261	0	2	33.028	1.063	0.772	NA	0.059	NA	-153.435	-153.435
306	10	12	15.577	20.916	0	2	94.5	1.551	1.26	NA	0.488	NA	-135	18.435
307	10	13	15.471	20.863	0	2	59.222	1.67	1.371	NA	0.119	NA	-153.435	-18.435
308	10	14	15.763	21.022	0	2	38.917	2.003	1.058	NA	0.333	NA	28.61	-177.955
309	10	15	15.843	21.261	0	2	64.556	2.254	0.826	NA	0.252	NA	71.565	42.955
310	10	16	15.79	21.208	0	2	23.861	2.33	0.901	NA	0.075	NA	-135	153.435
311	10	17	15.152	20.677	0	2	39.833	3.159	1.729	NA	0.83	NA	-140.194	-5.194
312	10	18	15.312	20.783	0	2	67.75	3.351	1.54	NA	0.192	NA	33.69	173.884
313	10	19	15.391	20.836	0	2	58.833	3.447	1.446	NA	0.096	NA	33.69	0
314	10	20	15.338	20.81	0	2	66	3.506	1.503	NA	0.059	NA	-153.435	172.875
315	10	21	15.338	20.81	0	2	25.667	3.506	1.503	NA	0	NA	0	153.435
316	10	22	15.285	20.624	0	2	97.556	3.699	1.672	NA	0.193	NA	-105.945	-105.945
317	10	23	15.285	20.624	0	2	84.361	3.699	1.672	NA	0	NA	0	105.945
318	10	24	15.285	20.624	0	2	38.806	3.699	1.672	NA	0	NA	0	0
319	10	25	15.152	20.544	0	2	54.583	3.854	1.822	NA	0.155	NA	-149.036	-149.036
320	10	26	15.816	20.942	0	2	16.5	4.629	1.09	NA	0.774	NA	30.964	-180
321	10	27	15.79	20.969	0	2	38.611	4.666	1.084	NA	0.038	NA	135	104.036
322	10	28	15.524	20.863	0	2	61	4.952	1.335	NA	0.286	NA	-158.199	66.801
323	10	29	14.542	19.163	0	2	65.75	6.916	3.279	NA	1.963	NA	-120.033	38.165
324	10	30	14.409	19.03	0	2	40.722	7.104	3.464	NA	0.188	NA	-135	-14.967
325	10	31	14.834	19.163	0	2	42.417	7.549	3.12	NA	0.445	NA	17.354	152.354
326	10	32	14.435	19.057	0	2	56.417	7.961	3.427	NA	0.412	NA	-165.069	177.577
327	10	33	14.356	18.977	0	2	27.528	8.074	3.538	NA	0.113	NA	-135	30.069
328	10	34	14.409	19.163	0	2	46.333	8.267	3.357	NA	0.193	NA	74.055	-150.945
329	10	35	14.382	19.004	0	2	57.5	8.429	3.501	NA	0.162	NA	-99.462	-173.517
330	10	36	14.356	18.95	0	2	21.972	8.488	3.56	NA	0.059	NA	-116.565	-17.103
331	10	37	14.356	18.95	0	2	104.028	8.488	3.56	NA	0	NA	0	116.565
332	10	38	14.356	18.658	0	2	62.889	8.78	3.801	NA	0.292	NA	-90	-90
333	10	39	14.754	19.163	0	2	81.333	9.423	3.162	NA	0.643	NA	51.71	141.71
334	10	40	14.621	19.482	0	2	70	9.768	2.975	NA	0.345	NA	112.62	60.91
335	10	41	14.674	19.535	0	2	75.167	9.844	2.9	NA	0.075	NA	45	-67.62
336	10	42	14.648	19.402	0	2	75.167	9.979	3.023	NA	0.135	NA	-101.31	-146.31
337	10	43	14.648	19.429	0	2	82.417	10.006	3.001	NA	0.027	NA	90	-168.69
338	10	44	14.754	19.349	0	2	48.222	10.138	3.005	NA	0.133	NA	-36.87	-126.87
339	10	45	14.807	19.747	0	2	21.5	10.54	2.651	NA	0.402	NA	82.405	119.275
340	10	46	15.02	20.146	0	2	46.333	10.992	2.207	NA	0.452	NA	61.928	-20.478
341	10	47	14.913	19.854	0	2	82.139	11.303	2.502	NA	0.311	NA	-109.983	-171.911
342	10	48	14.648	19.296	0	2	51.361	11.92	3.109	NA	0.618	NA	-115.463	-5.48
343	10	49	14.94	19.641	0	2	86.5	12.373	2.659	NA	0.452	NA	49.764	165.227
344	10	50	15.152	19.933	0	2	57.722	12.734	2.298	NA	0.361	NA	53.973	4.209
345	10	51	15.285	20.252	0	2	26.167	13.079	1.961	NA	0.345	NA	67.38	13.408
346	10	52	15.312	20.146	0	2	93.528	13.189	2.033	NA	0.11	NA	-75.964	-143.344
347	10	53	15.232	19.986	0	2	31.083	13.367	2.21	NA	0.178	NA	-116.565	-40.601
348	10	54	15.073	19.96	0	2	38.417	13.528	2.322	NA	0.162	NA	-170.538	-53.973
349	10	55	15.073	19.96	0	2	62.75	13.528	2.322	NA	0	NA	0	170.538
350	10	56	15.152	20.146	0	2	23.861	13.731	2.125	NA	0.202	NA	66.801	66.801
351	10	57	15.126	20.199	0	2	38.5	13.79	2.099	NA	0.059	NA	116.565	49.764
352	10	58	14.966	19.907	0	2	82.889	14.123	2.428	NA	0.333	NA	-118.61	124.824
353	10	59	15.02	20.013	0	2	52.167	14.242	2.311	NA	0.119	NA	63.435	-177.955
354	10	60	14.86	19.854	0	2	72.667	14.467	2.534	NA	0.225	NA	-135	161.565
355	10	61	14.887	19.747	0	2	79.139	14.577	2.603	NA	0.11	NA	-75.964	59.036
356	10	62	15.073	19.907	0	2	99.111	14.821	2.365	NA	0.245	NA	40.601	116.565
357	10	63	15.073	19.907	0	2	180.722	14.821	2.365	NA	0	NA	0	-40.601
358	10	64	14.966	19.96	0	2	58.917	14.94	2.385	NA	0.119	NA	153.435	153.435
359	10	65	15.285	20.411	0	2	77.833	15.493	1.833	NA	0.553	NA	54.782	-98.653
360	10	66	15.498	20.73	0	2	17.833	15.876	1.452	NA	0.383	NA	56.31	1.528
361	11	1	15.099	20.438	0	2	82.25	0	0	NA	NA	NA	NA	NA
362	11	2	15.152	20.464	0	2	58.056	0.059	0.059	NA	0.059	NA	26.565	NA
363	11	3	14.94	20.093	0	2	101.75	0.488	0.38	NA	0.428	NA	-119.745	-146.31
364	11	4	14.966	20.093	0	2	44.417	0.514	0.37	NA	0.027	NA	0	119.745
365	11	5	15.551	21.367	0	2	34.833	1.917	1.033	NA	1.402	NA	65.376	65.376
366	11	6	15.976	21.819	0	2	44.917	2.537	1.636	NA	0.62	NA	46.736	-18.641
367	11	7	15.976	21.819	0	2	111.167	2.537	1.636	NA	0	NA	0	-46.736
368	11	8	16.002	21.952	0	2	45.333	2.672	1.763	NA	0.135	NA	78.69	78.69
369	11	9	16.029	21.872	0	2	17.833	2.756	1.709	NA	0.084	NA	-71.565	-150.255
370	11	10	15.816	21.527	0	2	61.833	3.162	1.304	NA	0.405	NA	-121.608	-50.042
371	11	11	16.002	21.66	0	2	2.278	3.39	1.519	NA	0.228	NA	35.538	157.145
372	11	12	15.976	21.447	0	2	27.25	3.604	1.337	NA	0.214	NA	-97.125	-132.663
373	11	13	15.63	21.075	0	2	71.25	4.112	0.83	NA	0.507	NA	-132.879	-35.754
374	11	14	15.445	20.836	0	2	24.5	4.414	0.527	NA	0.303	NA	-127.875	5.004
375	11	15	15.737	21.049	0	2	76.75	4.776	0.883	NA	0.361	NA	36.027	163.902
376	11	16	15.604	20.996	0	2	48.083	4.919	0.752	NA	0.143	NA	-158.199	165.774
377	11	17	15.949	21.474	0	2	44.917	5.508	1.34	NA	0.59	NA	54.162	-147.639
378	11	18	15.816	21.208	0	2	47.917	5.805	1.052	NA	0.297	NA	-116.565	-170.727
379	11	19	15.976	21.527	0	2	28.583	6.162	1.398	NA	0.356	NA	63.435	180
380	11	20	15.79	21.261	0	2	60.5	6.486	1.075	NA	0.324	NA	-124.992	171.573
381	11	21	16.427	21.925	0	2	48.5	7.406	1.994	NA	0.92	NA	46.169	171.161
382	11	22	16.374	21.925	0	2	43.75	7.459	1.959	NA	0.053	NA	180	133.831
383	11	23	16.268	21.899	0	2	98.972	7.569	1.871	NA	0.11	NA	-165.964	14.036
384	11	24	16.507	22.031	0	2	64.583	7.842	2.126	NA	0.273	NA	29.055	-164.982
385	11	25	16.241	21.606	0	2	7.25	8.344	1.634	NA	0.501	NA	-122.005	-151.06
386	11	26	16.241	22.111	0	2	93.083	8.848	2.026	NA	0.505	NA	90	-147.995
387	11	27	16.241	21.819	0	2	119.972	9.14	1.792	NA	0.292	NA	-90	-180
388	11	28	16.082	21.713	0	2	71.25	9.332	1.61	NA	0.192	NA	-146.31	-56.31
389	11	29	16.109	21.792	0	2	125.25	9.416	1.689	NA	0.084	NA	71.565	-142.125
390	11	30	16.188	21.872	0	2	74	9.529	1.801	NA	0.113	NA	45	-26.565
391	11	31	16.135	21.792	0	2	78	9.624	1.705	NA	0.096	NA	-123.69	-168.69
392	11	33	16.374	22.35	0	2	70	10.231	2.298	NA	0.607	NA	66.801	-169.509
393	12	1	12.071	12.815	0	2	60.25	0	0	NA	NA	NA	NA	NA
394	12	2	12.257	13.001	0	2	109.083	0.263	0.263	NA	0.263	NA	45	NA
395	12	3	12.284	12.974	0	2	104.444	0.3	0.266	NA	0.038	NA	-45	-90
396	12	4	12.337	12.895	0	2	137.639	0.396	0.277	NA	0.096	NA	-56.31	-11.31
397	12	5	12.39	13.028	0	2	251.5	0.539	0.383	NA	0.143	NA	68.199	124.509
398	12	6	12.417	13.028	0	2	177.583	0.566	0.405	NA	0.027	NA	0	-68.199
399	12	7	12.443	12.974	0	2	95.861	0.625	0.405	NA	0.059	NA	-63.435	-63.435
400	12	8	12.311	12.974	0	2	123.5	0.758	0.287	NA	0.133	NA	180	-116.565
401	12	9	12.337	13.214	0	2	98.722	0.999	0.479	NA	0.241	NA	83.66	-96.34
402	13	1	11.487	23.784	0	2	55.917	0	0	NA	NA	NA	NA	NA
403	13	2	11.673	22.191	0	2	144.25	1.604	1.604	NA	1.604	NA	-83.346	NA
404	13	3	12.443	20.119	0	2	104.25	3.815	3.788	NA	2.21	NA	-69.605	13.74
405	13	4	12.815	19.296	0	2	152.5	4.718	4.681	NA	0.903	NA	-65.695	3.91
406	13	5	12.815	19.296	0	2	84.5	4.718	4.681	NA	0	NA	0	65.695
407	13	6	12.815	19.296	0	2	34.861	4.718	4.681	NA	0	NA	0	0
408	13	7	12.762	19.482	0	2	83.583	4.911	4.488	NA	0.193	NA	105.945	105.945
409	13	8	12.443	19.854	0	2	83.056	5.401	4.045	NA	0.49	NA	130.601	24.656
410	13	9	12.603	20.199	0	2	85	5.781	3.755	NA	0.38	NA	65.225	-65.376
411	13	10	12.603	19.96	0	2	83.833	6.02	3.984	NA	0.239	NA	-90	-155.225
412	13	11	12.443	19.986	0	2	95.722	6.182	3.917	NA	0.162	NA	170.538	-99.462
413	13	12	12.443	20.039	0	2	93.5	6.235	3.865	NA	0.053	NA	90	-80.538
414	13	13	12.39	20.066	0	2	133.417	6.295	3.826	NA	0.059	NA	153.435	63.435
415	13	14	12.337	20.119	0	2	154	6.37	3.763	NA	0.075	NA	135	-18.435
416	13	15	12.311	20.119	0	2	82.25	6.396	3.757	NA	0.027	NA	180	45
417	13	16	12.071	20.358	0	2	136.25	6.734	3.476	NA	0.338	NA	135	-45
418	13	17	12.071	20.358	0	2	152.75	6.734	3.476	NA	0	NA	0	-135
419	13	18	12.071	20.172	0	2	169.167	6.92	3.659	NA	0.186	NA	-90	-90
420	13	19	12.071	20.172	0	2	115.25	6.92	3.659	NA	0	NA	0	90
421	13	20	12.045	20.119	0	2	140	6.98	3.707	NA	0.059	NA	-116.565	-116.565
422	13	21	12.045	20.119	0	2	161	6.98	3.707	NA	0	NA	0	116.565
423	13	22	12.098	20.066	0	2	109.972	7.055	3.768	NA	0.075	NA	-45	-45
424	13	23	12.098	20.013	0	2	120.722	7.108	3.821	NA	0.053	NA	-90	-45
425	13	24	12.098	19.986	0	2	134.5	7.134	3.847	NA	0.027	NA	-90	0
426	13	25	11.886	20.013	0	2	75.111	7.349	3.792	NA	0.214	NA	172.875	-97.125
427	13	26	11.886	20.172	0	2	94.417	7.508	3.634	NA	0.159	NA	90	-82.875
428	13	27	11.859	20.278	0	2	76.583	7.617	3.526	NA	0.11	NA	104.036	14.036
429	13	28	12.231	19.96	0	2	94.75	8.107	3.896	NA	0.49	NA	-40.601	-144.638
430	13	29	12.257	19.402	0	2	100.333	8.666	4.45	NA	0.558	NA	-87.274	-46.672
431	13	30	13.028	16.773	0	2	82.25	11.405	7.179	NA	2.74	NA	-73.673	13.601
432	13	31	13.187	14.993	0	2	57.5	13.192	8.954	NA	1.787	NA	-84.883	-11.21
433	14	1	14.329	31.407	0	2	108.278	0	0	NA	NA	NA	NA	NA
434	14	2	14.488	31.593	0	2	152.667	0.245	0.245	NA	0.245	NA	49.399	NA
435	14	3	14.515	31.699	0	2	138.111	0.354	0.346	NA	0.11	NA	75.964	26.565
436	14	4	14.595	31.885	0	2	124.306	0.557	0.547	NA	0.202	NA	66.801	-9.162
437	14	5	14.595	31.885	0	2	101.861	0.557	0.547	NA	0	NA	0	-66.801
438	14	6	14.674	31.938	0	2	108.167	0.652	0.634	NA	0.096	NA	33.69	33.69
439	14	7	14.674	31.885	0	2	98.389	0.706	0.59	NA	0.053	NA	-90	-123.69
440	14	8	14.701	31.885	0	2	60.25	0.732	0.606	NA	0.027	NA	0	90
441	14	9	14.966	32.23	0	2	133.583	1.168	1.041	NA	0.436	NA	52.431	52.431
442	14	10	14.94	32.204	0	2	72.583	1.205	1.004	NA	0.038	NA	-135	172.569
443	14	11	14.913	32.204	0	2	95.25	1.232	0.988	NA	0.027	NA	180	-45
444	14	12	14.621	32.098	0	2	127.833	1.543	0.75	NA	0.311	NA	-160.017	19.983
445	14	13	14.621	32.098	0	2	60.25	1.543	0.75	NA	0	NA	0	160.017
446	14	14	14.648	32.098	0	2	93.944	1.569	0.761	NA	0.027	NA	0	0
447	14	15	14.542	32.098	0	2	104.083	1.676	0.723	NA	0.106	NA	180	180
448	14	16	14.542	32.018	0	2	121.083	1.755	0.647	NA	0.08	NA	-90	90
449	14	17	14.488	31.991	0	2	157.167	1.815	0.606	NA	0.059	NA	-153.435	-63.435
450	14	18	14.329	31.965	0	2	78.889	1.976	0.558	NA	0.162	NA	-170.538	-17.103
451	14	19	14.356	31.938	0	2	33.028	2.014	0.532	NA	0.038	NA	-45	125.538
452	14	20	14.276	31.938	0	2	88.528	2.093	0.534	NA	0.08	NA	180	-135
453	14	21	14.276	31.991	0	2	126.667	2.146	0.587	NA	0.053	NA	90	-90
454	14	22	14.143	32.044	0	2	79.5	2.29	0.664	NA	0.143	NA	158.199	68.199
455	14	23	14.143	32.098	0	2	143	2.343	0.715	NA	0.053	NA	90	-68.199
456	14	24	14.249	32.098	0	2	127.528	2.449	0.695	NA	0.106	NA	0	-90
457	14	25	14.276	32.098	0	2	75.556	2.475	0.693	NA	0.027	NA	0	0
458	14	26	14.17	32.071	0	2	69.75	2.585	0.683	NA	0.11	NA	-165.964	-165.964
459	14	27	14.17	31.938	0	2	43.25	2.718	0.555	NA	0.133	NA	-90	75.964
460	14	28	14.223	31.912	0	2	82.25	2.777	0.516	NA	0.059	NA	-26.565	63.435
461	14	29	14.09	31.752	0	2	53.417	2.985	0.42	NA	0.207	NA	-129.806	-103.241
462	14	30	14.727	32.443	0	2	73.25	3.924	1.11	NA	0.94	NA	47.291	177.096
463	14	31	14.807	32.708	0	2	87.583	4.202	1.386	NA	0.277	NA	73.301	26.01
464	14	32	14.834	32.682	0	2	86.722	4.239	1.371	NA	0.038	NA	-45	-118.301
465	14	33	14.807	32.682	0	2	70.556	4.266	1.362	NA	0.027	NA	180	-135
466	14	34	14.488	32.098	0	2	50.917	4.931	0.709	NA	0.666	NA	-118.61	61.39
467	14	35	14.568	31.752	0	2	32.583	5.286	0.42	NA	0.354	NA	-77.005	41.605
468	14	36	14.462	31.434	0	2	57.5	5.622	0.135	NA	0.336	NA	-108.435	-31.43
469	14	37	14.435	31.274	0	2	40.833	5.783	0.17	NA	0.162	NA	-99.462	8.973
470	14	38	15.498	31.009	0	2	76.75	6.878	1.235	NA	1.095	NA	-14.036	85.426
