Nr	TID	PID	x [micron]	y [micron]	t [sec]	c [idx]	I [val]	Len [micron]	D2S [micron]	D2R [micron]	D2P [micron]	v [micron/sec]	? [deg]	?? [deg]
1	1	1	25.299	17.877	0	2	0	0	0	NA	NA	NA	NA	NA
2	1	2	25.299	17.877	0	2	0	0	0	NA	0	NA	0	NA
3	1	3	25.222	17.723	0	2	0	0.173	0.173	NA	0.173	NA	-116.565	-116.565
4	1	4	25.222	17.723	0	2	0	0.173	0.173	NA	0	NA	0	116.565
5	1	5	25.222	17.723	0	2	0	0.173	0.173	NA	0	NA	0	0
6	1	6	25.067	17.723	0	2	0	0.327	0.279	NA	0.155	NA	180	180
7	1	7	24.68	17.568	0	2	0	0.744	0.691	NA	0.416	NA	-158.199	21.801
8	1	8	24.68	17.568	0	2	0	0.744	0.691	NA	0	NA	0	158.199
9	1	9	24.68	17.568	0	2	0	0.744	0.691	NA	0	NA	0	0
10	1	10	24.99	17.568	0	2	0	1.053	0.437	NA	0.309	NA	0	0
11	1	11	24.99	17.568	0	2	11	1.053	0.437	NA	0	NA	0	0
12	1	12	24.603	17.645	0	2	11	1.447	0.733	NA	0.394	NA	168.69	168.69
13	1	13	24.294	18.109	0	2	0	2.005	1.031	NA	0.557	NA	123.69	-45
14	1	14	24.294	18.109	0	2	0	2.005	1.031	NA	0	NA	0	-123.69
15	1	15	24.294	17.8	0	2	0	2.314	1.008	NA	0.309	NA	-90	-90
16	1	16	24.526	17.645	0	2	0	2.593	0.807	NA	0.279	NA	-33.69	56.31
17	1	17	24.526	17.645	0	2	0	2.593	0.807	NA	0	NA	0	33.69
18	1	18	24.603	17.491	0	2	0	2.766	0.796	NA	0.173	NA	-63.435	-63.435
19	1	19	24.603	17.413	0	2	0	2.843	0.836	NA	0.077	NA	-90	-26.565
20	1	20	24.603	17.413	0	2	0	2.843	0.836	NA	0	NA	0	90
21	1	21	24.603	17.336	0	2	0	2.92	0.881	NA	0.077	NA	-90	-90
22	1	22	24.68	17.336	0	2	0	2.997	0.822	NA	0.077	NA	0	90
23	1	23	24.835	17.336	0	2	0	3.152	0.713	NA	0.155	NA	0	0
24	1	24	24.835	17.336	0	2	0	3.152	0.713	NA	0	NA	0	0
25	1	25	24.835	17.336	0	2	0	3.152	0.713	NA	0	NA	0	0
26	1	26	24.835	17.259	0	2	0	3.229	0.773	NA	0.077	NA	-90	-90
27	1	27	24.835	17.259	0	2	11	3.229	0.773	NA	0	NA	0	90
28	1	28	24.835	17.182	0	2	0	3.307	0.836	NA	0.077	NA	-90	-90
29	1	29	25.144	17.104	0	2	0	3.625	0.788	NA	0.319	NA	-14.036	75.964
30	1	30	25.222	16.872	0	2	0	3.87	1.008	NA	0.244	NA	-71.565	-57.529
31	1	31	25.222	16.872	0	2	0	3.87	1.008	NA	0	NA	0	71.565
32	1	32	25.222	16.872	0	2	0	3.87	1.008	NA	0	NA	0	0
33	1	33	25.222	16.872	0	2	0	3.87	1.008	NA	0	NA	0	0
34	1	34	25.222	16.95	0	2	0	3.947	0.931	NA	0.077	NA	90	90
35	1	35	24.912	16.872	0	2	0	4.266	1.077	NA	0.319	NA	-165.964	104.036
36	1	36	25.144	16.95	0	2	0	4.51	0.94	NA	0.244	NA	18.435	-175.601
37	1	37	24.835	17.645	0	2	0	5.272	0.519	NA	0.761	NA	113.962	95.528
38	1	38	24.758	17.413	0	2	11	5.516	0.713	NA	0.244	NA	-108.435	137.603
39	1	39	24.294	17.413	0	2	0	5.98	1.107	NA	0.464	NA	180	-71.565
40	1	40	24.448	17.413	0	2	0	6.135	0.969	NA	0.155	NA	0	-180
41	1	41	24.448	17.413	0	2	0	6.135	0.969	NA	0	NA	0	0
42	1	42	24.448	17.413	0	2	0	6.135	0.969	NA	0	NA	0	0
43	1	43	24.448	17.413	0	2	0	6.135	0.969	NA	0	NA	0	0
44	1	44	24.99	17.259	0	2	0	6.698	0.691	NA	0.563	NA	-15.945	-15.945
45	1	45	25.144	17.104	0	2	0	6.916	0.788	NA	0.219	NA	-45	-29.055
46	1	46	25.144	17.104	0	2	0	6.916	0.788	NA	0	NA	0	45
47	1	47	25.299	17.104	0	2	11	7.071	0.773	NA	0.155	NA	0	0
48	1	48	25.299	17.104	0	2	0	7.071	0.773	NA	0	NA	0	0
49	2	1	22.361	18.96	0	2	0	0	0	NA	NA	NA	NA	NA
50	2	2	22.67	18.805	0	2	0	0.346	0.346	NA	0.346	NA	-26.565	NA
51	2	3	22.593	18.728	0	2	0	0.455	0.328	NA	0.109	NA	-135	-108.435
52	2	4	22.67	18.573	0	2	0	0.628	0.495	NA	0.173	NA	-63.435	71.565
53	2	5	22.67	18.573	0	2	0	0.628	0.495	NA	0	NA	0	63.435
54	2	6	22.748	18.341	0	2	0	0.872	0.729	NA	0.244	NA	-71.565	-71.565
55	2	7	22.748	18.341	0	2	0	0.872	0.729	NA	0	NA	0	71.565
56	2	8	22.593	18.341	0	2	0	1.027	0.661	NA	0.155	NA	180	180
57	2	9	22.129	18.65	0	2	0	1.584	0.387	NA	0.557	NA	146.31	-33.69
58	2	10	22.593	18.341	0	2	0	2.142	0.661	NA	0.557	NA	-33.69	-180
59	2	11	22.438	18.496	0	2	0	2.361	0.47	NA	0.219	NA	135	168.69
60	2	12	22.748	18.418	0	2	0	2.679	0.665	NA	0.319	NA	-14.036	-149.036
61	2	13	22.67	18.264	0	2	11	2.852	0.761	NA	0.173	NA	-116.565	-102.529
62	2	14	22.67	18.418	0	2	0	3.007	0.623	NA	0.155	NA	90	-153.435
63	2	15	22.284	18.882	0	2	0	3.611	0.109	NA	0.604	NA	129.806	39.806
64	2	16	22.284	18.805	0	2	0	3.688	0.173	NA	0.077	NA	-90	140.194
65	2	17	22.438	18.65	0	2	0	3.907	0.319	NA	0.219	NA	-45	45
66	2	18	22.129	18.496	0	2	0	4.252	0.519	NA	0.346	NA	-153.435	-108.435
67	2	19	21.897	18.496	0	2	0	4.484	0.656	NA	0.232	NA	180	-26.565
68	2	20	22.052	18.65	0	2	0	4.703	0.437	NA	0.219	NA	45	-135
69	2	21	22.129	18.65	0	2	0	4.78	0.387	NA	0.077	NA	0	-45
70	2	22	22.129	18.65	0	2	0	4.78	0.387	NA	0	NA	0	0
71	2	23	22.207	18.728	0	2	0	4.89	0.279	NA	0.109	NA	45	45
72	2	24	21.743	18.573	0	2	0	5.378	0.729	NA	0.489	NA	-161.565	153.435
73	2	25	22.516	18.264	0	2	0	6.211	0.713	NA	0.833	NA	-21.801	139.764
74	2	26	21.743	18.032	0	2	0	7.018	1.115	NA	0.807	NA	-163.301	-141.499
75	2	27	22.129	18.109	0	2	0	7.412	0.881	NA	0.394	NA	11.31	174.611
76	2	28	22.593	18.109	0	2	0	7.876	0.881	NA	0.464	NA	0	-11.31
77	2	29	23.212	18.109	0	2	0	8.495	1.203	NA	0.618	NA	0	0
78	2	30	23.907	17.568	0	2	0	9.376	2.08	NA	0.881	NA	-37.875	-37.875
79	2	31	24.603	17.645	0	2	11	10.076	2.599	NA	0.7	NA	6.34	44.215
80	2	32	23.753	17.8	0	2	0	10.941	1.811	NA	0.864	NA	169.695	163.355
81	2	33	24.294	17.491	0	2	0	11.564	2.428	NA	0.623	NA	-29.745	160.56
82	2	34	24.371	17.491	0	2	0	11.641	2.489	NA	0.077	NA	0	29.745
83	2	35	23.985	17.645	0	2	0	12.057	2.089	NA	0.416	NA	158.199	158.199
84	2	36	24.217	17.723	0	2	11	12.302	2.23	NA	0.244	NA	18.435	-139.764
85	2	37	23.83	18.109	0	2	0	12.849	1.697	NA	0.547	NA	135	116.565
86	2	38	23.598	18.109	0	2	0	13.08	1.501	NA	0.232	NA	180	45
87	2	39	23.521	18.187	0	2	11	13.19	1.394	NA	0.109	NA	135	-45
88	2	40	23.907	17.723	0	2	11	13.794	1.98	NA	0.604	NA	-50.194	174.806
89	2	41	23.907	17.723	0	2	11	13.794	1.98	NA	0	NA	0	50.194
90	2	42	23.443	18.032	0	2	0	14.351	1.425	NA	0.557	NA	146.31	146.31
91	2	43	23.521	18.109	0	2	0	14.46	1.438	NA	0.109	NA	45	-101.31
92	2	44	23.598	18.032	0	2	0	14.57	1.546	NA	0.109	NA	-45	-90
93	3	1	24.062	16.718	0	2	0	0	0	NA	NA	NA	NA	NA
94	3	2	23.985	16.718	0	2	0	0.077	0.077	NA	0.077	NA	180	NA
95	3	3	23.985	16.718	0	2	0	0.077	0.077	NA	0	NA	0	-180
96	3	4	23.985	16.795	0	2	0	0.155	0.109	NA	0.077	NA	90	90
97	3	5	23.985	17.027	0	2	0	0.387	0.319	NA	0.232	NA	90	0
98	3	6	23.753	16.718	0	2	0	0.773	0.309	NA	0.387	NA	-126.87	143.13
99	3	7	23.753	16.718	0	2	0	0.773	0.309	NA	0	NA	0	126.87
100	3	8	24.062	16.718	0	2	0	1.082	0	NA	0.309	NA	0	0
101	3	9	23.985	16.563	0	2	11	1.255	0.173	NA	0.173	NA	-116.565	-116.565
102	3	10	23.985	16.563	0	2	0	1.255	0.173	NA	0	NA	0	116.565
103	3	11	23.985	16.486	0	2	0	1.332	0.244	NA	0.077	NA	-90	-90
104	3	12	23.907	16.486	0	2	0	1.41	0.279	NA	0.077	NA	180	-90
105	3	13	24.68	16.254	0	2	0	2.217	0.773	NA	0.807	NA	-16.699	163.301
106	3	14	23.907	16.408	0	2	0	3.005	0.346	NA	0.788	NA	168.69	-174.611
107	3	15	24.217	16.408	0	2	0	3.315	0.346	NA	0.309	NA	0	-168.69
108	3	16	24.217	16.408	0	2	0	3.315	0.346	NA	0	NA	0	0
109	3	17	24.217	16.486	0	2	0	3.392	0.279	NA	0.077	NA	90	90
110	3	18	23.907	16.563	0	2	0	3.711	0.219	NA	0.319	NA	165.964	75.964
111	3	19	23.753	16.64	0	2	0	3.883	0.319	NA	0.173	NA	153.435	-12.529
112	3	20	24.139	16.64	0	2	0	4.27	0.109	NA	0.387	NA	0	-153.435
113	3	21	24.062	16.718	0	2	0	4.379	0	NA	0.109	NA	135	135
114	3	22	24.139	16.563	0	2	0	4.552	0.173	NA	0.173	NA	-63.435	161.565
115	3	23	23.753	16.486	0	2	0	4.946	0.387	NA	0.394	NA	-168.69	-105.255
116	3	24	23.907	16.563	0	2	0	5.119	0.219	NA	0.173	NA	26.565	-164.745
117	3	25	23.907	16.486	0	2	0	5.197	0.279	NA	0.077	NA	-90	-116.565
118	3	26	24.139	16.408	0	2	0	5.441	0.319	NA	0.244	NA	-18.435	71.565
119	3	27	23.985	16.331	0	2	0	5.614	0.394	NA	0.173	NA	-153.435	-135
120	3	28	23.675	16.563	0	2	0	6	0.416	NA	0.387	NA	143.13	-63.435
121	3	29	23.753	16.563	0	2	0	6.078	0.346	NA	0.077	NA	0	-143.13
122	3	30	23.598	16.563	0	2	0	6.232	0.489	NA	0.155	NA	180	180
123	3	31	23.985	16.718	0	2	0	6.649	0.077	NA	0.416	NA	21.801	-158.199
124	3	32	23.83	16.718	0	2	0	6.803	0.232	NA	0.155	NA	180	158.199
125	3	33	23.443	16.563	0	2	0	7.22	0.637	NA	0.416	NA	-158.199	21.801
126	3	34	23.521	16.563	0	2	0	7.297	0.563	NA	0.077	NA	0	158.199
127	3	35	23.443	16.795	0	2	0	7.541	0.623	NA	0.244	NA	108.435	108.435
128	3	36	23.675	16.486	0	2	0	7.928	0.451	NA	0.387	NA	-53.13	-161.565
129	3	37	23.83	16.486	0	2	0	8.082	0.328	NA	0.155	NA	0	53.13
130	3	38	23.83	16.64	0	2	0	8.237	0.244	NA	0.155	NA	90	90
131	3	39	23.675	16.64	0	2	0	8.392	0.394	NA	0.155	NA	180	90
132	3	40	23.675	16.563	0	2	0	8.469	0.416	NA	0.077	NA	-90	90
133	3	41	23.521	16.486	0	2	0	8.642	0.589	NA	0.173	NA	-153.435	-63.435
134	3	42	23.443	16.486	0	2	0	8.719	0.661	NA	0.077	NA	180	-26.565
135	3	43	23.521	16.718	0	2	0	8.964	0.541	NA	0.244	NA	71.565	-108.435
136	3	44	23.366	16.486	0	2	0	9.242	0.733	NA	0.279	NA	-123.69	164.745
137	3	45	23.83	16.718	0	2	0	9.761	0.232	NA	0.519	NA	26.565	150.255
138	3	46	23.83	16.718	0	2	0	9.761	0.232	NA	0	NA	0	-26.565
139	3	47	23.443	16.795	0	2	0	10.155	0.623	NA	0.394	NA	168.69	168.69
140	3	48	23.366	16.872	0	2	0	10.265	0.713	NA	0.109	NA	135	-33.69
141	4	1	17.877	24.68	0	2	0	0	0	NA	NA	NA	NA	NA
142	4	2	17.955	24.68	0	2	0	0.077	0.077	NA	0.077	NA	0	NA
143	4	3	17.955	24.68	0	2	11	0.077	0.077	NA	0	NA	0	0
144	4	4	17.955	24.68	0	2	0	0.077	0.077	NA	0	NA	0	0
145	4	5	17.955	24.68	0	2	0	0.077	0.077	NA	0	NA	0	0
146	4	6	17.955	24.603	0	2	0	0.155	0.109	NA	0.077	NA	-90	-90
147	4	7	17.8	24.526	0	2	0	0.327	0.173	NA	0.173	NA	-153.435	-63.435
148	4	8	17.8	24.526	0	2	0	0.327	0.173	NA	0	NA	0	153.435
149	4	9	17.8	24.526	0	2	0	0.327	0.173	NA	0	NA	0	0
150	4	10	17.955	24.217	0	2	11	0.673	0.47	NA	0.346	NA	-63.435	-63.435
151	4	11	17.955	24.139	0	2	0	0.751	0.547	NA	0.077	NA	-90	-26.565
152	4	12	17.877	23.985	0	2	0	0.923	0.696	NA	0.173	NA	-116.565	-26.565
153	4	13	17.723	24.294	0	2	0	1.269	0.416	NA	0.346	NA	116.565	-126.87
154	4	14	17.723	24.217	0	2	11	1.346	0.489	NA	0.077	NA	-90	153.435
155	4	15	17.877	24.139	0	2	0	1.519	0.541	NA	0.173	NA	-26.565	63.435
156	4	16	18.341	24.217	0	2	0	1.99	0.656	NA	0.47	NA	9.462	36.027
157	4	17	18.032	24.139	0	2	0	2.308	0.563	NA	0.319	NA	-165.964	-175.426
158	4	18	18.109	24.139	0	2	0	2.386	0.589	NA	0.077	NA	0	165.964
159	4	19	18.109	24.139	0	2	0	2.386	0.589	NA	0	NA	0	0
160	4	20	18.109	24.139	0	2	0	2.386	0.589	NA	0	NA	0	0
161	4	21	17.877	23.985	0	2	0	2.664	0.696	NA	0.279	NA	-146.31	-146.31
162	4	22	18.109	23.985	0	2	0	2.896	0.733	NA	0.232	NA	0	146.31
163	4	23	18.109	23.985	0	2	11	2.896	0.733	NA	0	NA	0	0
164	4	24	17.955	24.448	0	2	11	3.385	0.244	NA	0.489	NA	108.435	108.435
165	4	25	17.645	24.371	0	2	0	3.704	0.387	NA	0.319	NA	-165.964	85.601
166	4	26	17.8	24.294	0	2	0	3.877	0.394	NA	0.173	NA	-26.565	139.399
167	4	27	17.955	24.294	0	2	0	4.031	0.394	NA	0.155	NA	0	26.565
168	4	28	17.955	24.294	0	2	0	4.031	0.394	NA	0	NA	0	0
169	4	29	17.955	24.217	0	2	0	4.109	0.47	NA	0.077	NA	-90	-90
170	4	30	17.955	23.521	0	2	0	4.804	1.162	NA	0.696	NA	-90	0
171	4	31	17.955	23.134	0	2	11	5.191	1.548	NA	0.387	NA	-90	0
172	4	32	17.955	23.134	0	2	23	5.191	1.548	NA	0	NA	0	90
173	4	33	18.109	23.366	0	2	0	5.47	1.335	NA	0.279	NA	56.31	56.31
174	4	34	18.187	23.289	0	2	0	5.579	1.425	NA	0.109	NA	-45	-101.31
175	4	35	18.187	23.289	0	2	11	5.579	1.425	NA	0	NA	0	45
176	4	36	18.341	23.366	0	2	11	5.752	1.394	NA	0.173	NA	26.565	26.565
177	4	37	18.264	23.134	0	2	0	5.996	1.594	NA	0.244	NA	-108.435	-135
178	4	38	17.955	23.057	0	2	0	6.315	1.625	NA	0.319	NA	-165.964	-57.529
179	4	39	17.955	23.057	0	2	0	6.315	1.625	NA	0	NA	0	165.964
180	4	40	17.8	22.98	0	2	11	6.488	1.703	NA	0.173	NA	-153.435	-153.435
181	4	41	17.8	22.98	0	2	0	6.488	1.703	NA	0	NA	0	153.435
182	4	42	17.645	22.902	0	2	11	6.661	1.793	NA	0.173	NA	-153.435	-153.435
183	4	43	17.877	22.902	0	2	0	6.893	1.778	NA	0.232	NA	0	153.435
184	4	44	17.877	22.902	0	2	11	6.893	1.778	NA	0	NA	0	0
185	4	45	17.877	22.902	0	2	0	6.893	1.778	NA	0	NA	0	0
186	4	46	18.109	23.134	0	2	0	7.221	1.563	NA	0.328	NA	45	45
187	4	47	17.8	22.902	0	2	0	7.607	1.78	NA	0.387	NA	-143.13	171.87
188	4	48	17.8	22.902	0	2	0	7.607	1.78	NA	0	NA	0	143.13
189	5	1	22.825	23.83	0	2	0	0	0	NA	NA	NA	NA	NA
190	5	2	22.748	23.753	0	2	0	0.109	0.109	NA	0.109	NA	-135	NA
191	5	3	22.98	23.753	0	2	0	0.341	0.173	NA	0.232	NA	0	135
192	5	4	23.057	23.212	0	2	0	0.888	0.661	NA	0.547	NA	-81.87	-81.87
193	5	5	23.134	23.057	0	2	0	1.061	0.833	NA	0.173	NA	-63.435	18.435
194	5	6	23.289	22.902	0	2	0	1.279	1.037	NA	0.219	NA	-45	18.435
195	5	7	23.057	21.588	0	2	11	2.614	2.254	NA	1.335	NA	-100.008	-55.008
196	5	8	23.134	20.815	0	2	0	3.391	3.031	NA	0.777	NA	-84.289	15.719
197	5	9	23.366	19.965	0	2	0	4.272	3.903	NA	0.881	NA	-74.745	9.545
198	5	10	23.134	20.197	0	2	0	4.6	3.647	NA	0.328	NA	135	-150.255
199	5	11	23.443	20.042	0	2	0	4.946	3.838	NA	0.346	NA	-26.565	-161.565
200	5	12	23.907	19.346	0	2	0	5.782	4.613	NA	0.836	NA	-56.31	-29.745
201	5	13	24.139	18.728	0	2	0	6.443	5.269	NA	0.661	NA	-69.444	-13.134
202	5	14	24.139	19.037	0	2	11	6.752	4.97	NA	0.309	NA	90	159.444
203	5	15	24.68	18.65	0	2	0	7.417	5.502	NA	0.665	NA	-35.538	-125.538
204	5	16	24.835	18.805	0	2	0	7.636	5.412	NA	0.219	NA	45	80.538
205	5	17	24.835	18.573	0	2	0	7.868	5.628	NA	0.232	NA	-90	-135
206	5	18	25.685	18.341	0	2	0	8.749	6.189	NA	0.881	NA	-15.255	74.745
207	5	19	25.995	17.877	0	2	0	9.307	6.744	NA	0.557	NA	-56.31	-41.055
208	6	1	19.81	19.501	0	2	0	0	0	NA	NA	NA	NA	NA
209	6	2	20.351	19.423	0	2	0	0.547	0.547	NA	0.547	NA	-8.13	NA
210	6	3	20.119	19.423	0	2	0	0.779	0.319	NA	0.232	NA	180	-171.87
211	6	4	20.119	19.423	0	2	0	0.779	0.319	NA	0	NA	0	-180
212	6	5	20.119	19.423	0	2	0	0.779	0.319	NA	0	NA	0	0
213	6	6	20.119	19.423	0	2	0	0.779	0.319	NA	0	NA	0	0
214	6	7	20.042	19.423	0	2	0	0.856	0.244	NA	0.077	NA	180	180
215	6	8	20.042	19.423	0	2	0	0.856	0.244	NA	0	NA	0	-180
216	6	9	20.042	19.423	0	2	11	0.856	0.244	NA	0	NA	0	0
217	6	10	19.887	19.423	0	2	0	1.01	0.109	NA	0.155	NA	180	180
218	6	11	19.733	19.269	0	2	11	1.229	0.244	NA	0.219	NA	-135	45
219	6	12	19.733	19.269	0	2	0	1.229	0.244	NA	0	NA	0	135
220	6	13	19.733	19.269	0	2	0	1.229	0.244	NA	0	NA	0	0
221	6	14	20.119	19.037	0	2	0	1.68	0.557	NA	0.451	NA	-30.964	-30.964
222	6	15	20.119	19.037	0	2	0	1.68	0.557	NA	0	NA	0	30.964
223	6	16	19.346	19.423	0	2	11	2.544	0.47	NA	0.864	NA	153.435	153.435
224	6	17	19.501	19.423	0	2	0	2.699	0.319	NA	0.155	NA	0	-153.435
225	6	18	19.578	19.423	0	2	0	2.776	0.244	NA	0.077	NA	0	0
226	6	19	19.578	19.423	0	2	0	2.776	0.244	NA	0	NA	0	0
227	6	20	19.655	19.346	0	2	11	2.885	0.219	NA	0.109	NA	-45	-45
228	6	21	19.655	19.346	0	2	0	2.885	0.219	NA	0	NA	0	45
229	6	22	19.655	19.346	0	2	0	2.885	0.219	NA	0	NA	0	0
230	6	23	19.655	19.346	0	2	0	2.885	0.219	NA	0	NA	0	0
231	6	24	19.655	19.346	0	2	0	2.885	0.219	NA	0	NA	0	0
232	6	25	19.655	19.346	0	2	0	2.885	0.219	NA	0	NA	0	0
233	6	26	19.655	19.346	0	2	0	2.885	0.219	NA	0	NA	0	0
234	6	27	19.655	19.346	0	2	0	2.885	0.219	NA	0	NA	0	0
235	6	28	19.578	19.346	0	2	0	2.963	0.279	NA	0.077	NA	180	180
236	6	29	19.578	19.346	0	2	0	2.963	0.279	NA	0	NA	0	-180
237	6	30	19.578	19.346	0	2	0	2.963	0.279	NA	0	NA	0	0
238	6	31	19.578	19.346	0	2	0	2.963	0.279	NA	0	NA	0	0
239	6	32	19.501	19.346	0	2	0	3.04	0.346	NA	0.077	NA	180	180
240	6	33	19.501	19.346	0	2	0	3.04	0.346	NA	0	NA	0	-180
241	6	34	19.81	19.346	0	2	0	3.349	0.155	NA	0.309	NA	0	0
242	6	35	19.81	19.346	0	2	0	3.349	0.155	NA	0	NA	0	0
243	6	36	20.119	19.269	0	2	0	3.668	0.387	NA	0.319	NA	-14.036	-14.036
244	6	37	19.733	19.269	0	2	0	4.055	0.244	NA	0.387	NA	180	-165.964
245	6	38	19.965	19.423	0	2	0	4.333	0.173	NA	0.279	NA	33.69	-146.31
246	6	39	20.119	19.501	0	2	0	4.506	0.309	NA	0.173	NA	26.565	-7.125
247	6	40	19.887	19.501	0	2	0	4.738	0.077	NA	0.232	NA	180	153.435
248	7	1	20.197	19.423	0	2	0	0	0	NA	NA	NA	NA	NA
249	7	2	20.428	19.346	0	2	0	0.244	0.244	NA	0.244	NA	-18.435	NA
250	7	3	20.042	18.65	0	2	11	1.04	0.788	NA	0.796	NA	-119.055	-100.62
251	7	4	20.428	18.65	0	2	0	1.427	0.807	NA	0.387	NA	0	119.055
252	7	5	20.119	19.269	0	2	0	2.118	0.173	NA	0.691	NA	116.565	116.565
253	7	6	20.351	19.192	0	2	0	2.363	0.279	NA	0.244	NA	-18.435	-135
254	7	7	20.351	18.882	0	2	0	2.672	0.563	NA	0.309	NA	-90	-71.565
255	7	8	20.351	18.882	0	2	0	2.672	0.563	NA	0	NA	0	90
