Nr	TID	PID	x [micron]	y [micron]	t [sec]	c [idx]	I [val]	Len [micron]	D2S [micron]	D2R [micron]	D2P [micron]	v [micron/sec]	? [deg]	?? [deg]
1	1	1	22.846	13.229	0	2	255	0	0	NA	NA	NA	NA	NA
2	1	2	22.846	13.464	0	2	255	0.236	0.236	NA	0.236	NA	90	NA
3	1	3	23.356	13.974	0	2	255	0.957	0.904	NA	0.722	NA	45	-45
4	1	4	23.474	14.21	0	2	255	1.221	1.165	NA	0.263	NA	63.435	18.435
5	1	5	23.513	14.249	0	2	255	1.276	1.219	NA	0.056	NA	45	-18.435
6	1	6	23.474	14.759	0	2	255	1.788	1.655	NA	0.512	NA	94.399	49.399
7	1	7	23.474	14.759	0	2	255	1.788	1.655	NA	0	NA	0	-94.399
8	1	8	23.474	14.759	0	2	255	1.788	1.655	NA	0	NA	0	0
9	1	9	23.474	14.759	0	2	255	1.788	1.655	NA	0	NA	0	0
10	1	10	23.474	14.759	0	2	255	1.788	1.655	NA	0	NA	0	0
11	1	11	23.474	14.759	0	2	255	1.788	1.655	NA	0	NA	0	0
12	1	12	23.199	15.309	0	2	173	2.402	2.11	NA	0.614	NA	116.565	116.565
13	1	13	23.709	15.034	0	2	255	2.982	2.002	NA	0.58	NA	-28.301	-144.866
14	1	14	23.788	15.427	0	2	255	3.382	2.392	NA	0.4	NA	78.69	106.991
15	1	15	23.788	15.427	0	2	185	3.382	2.392	NA	0	NA	0	-78.69
16	1	16	23.513	16.016	0	2	235	4.032	2.866	NA	0.65	NA	115.017	115.017
17	1	17	23.513	15.859	0	2	255	4.189	2.713	NA	0.157	NA	-90	154.983
18	1	18	23.513	15.859	0	2	255	4.189	2.713	NA	0	NA	0	90
19	1	19	23.945	16.447	0	2	255	4.919	3.401	NA	0.73	NA	53.746	53.746
20	1	20	23.945	16.447	0	2	255	4.919	3.401	NA	0	NA	0	-53.746
21	1	21	23.945	16.447	0	2	255	4.919	3.401	NA	0	NA	0	0
22	1	22	23.945	16.447	0	2	255	4.919	3.401	NA	0	NA	0	0
23	1	23	23.788	16.487	0	2	255	5.081	3.392	NA	0.162	NA	165.964	165.964
24	1	24	23.827	15.937	0	2	255	5.632	2.881	NA	0.551	NA	-85.914	108.122
25	1	25	23.827	15.937	0	2	218.5	5.632	2.881	NA	0	NA	0	85.914
26	1	26	23.827	15.937	0	2	218.5	5.632	2.881	NA	0	NA	0	0
27	1	27	23.827	15.937	0	2	223	5.632	2.881	NA	0	NA	0	0
28	1	28	23.866	16.33	0	2	255	6.026	3.265	NA	0.394	NA	84.289	84.289
29	1	29	23.906	16.604	0	2	212.5	6.304	3.538	NA	0.278	NA	81.87	-2.42
30	1	30	24.22	16.958	0	2	235	6.777	3.974	NA	0.473	NA	48.366	-33.503
31	1	31	24.023	18.449	0	2	255	8.281	5.352	NA	1.504	NA	97.496	49.129
32	1	32	23.945	19.038	0	2	255	8.875	5.913	NA	0.594	NA	97.595	0.099
33	1	33	24.22	20.451	0	2	255	10.315	7.352	NA	1.44	NA	78.996	-18.598
34	1	34	24.102	21.825	0	2	182	11.694	8.688	NA	1.379	NA	94.899	15.903
35	1	35	24.337	21.707	0	2	223	11.957	8.609	NA	0.263	NA	-26.565	-121.464
36	1	36	24.22	21.747	0	2	202	12.081	8.628	NA	0.124	NA	161.565	-171.87
37	1	37	24.023	21.825	0	2	165	12.292	8.677	NA	0.211	NA	158.199	-3.366
38	1	38	24.023	21.825	0	2	215	12.292	8.677	NA	0	NA	0	-158.199
39	1	39	24.023	21.825	0	2	248	12.292	8.677	NA	0	NA	0	0
40	1	40	24.063	21.864	0	2	230.75	12.348	8.721	NA	0.056	NA	45	45
41	1	41	24.102	22.178	0	2	255	12.664	9.038	NA	0.316	NA	82.875	37.875
42	1	42	24.063	21.668	0	2	255	13.176	8.527	NA	0.512	NA	-94.399	-177.274
43	1	43	24.102	21.825	0	2	215	13.338	8.688	NA	0.162	NA	75.964	170.362
44	1	44	24.102	21.825	0	2	255	13.338	8.688	NA	0	NA	0	-75.964
45	1	45	24.023	21.04	0	2	198	14.127	7.9	NA	0.789	NA	-95.711	-95.711
46	1	46	24.259	19.588	0	2	248	15.598	6.514	NA	1.471	NA	-80.789	14.922
47	1	47	24.22	18.96	0	2	136.25	16.228	5.893	NA	0.629	NA	-93.576	-12.787
48	1	48	24.22	18.253	0	2	156.75	16.934	5.209	NA	0.707	NA	-90	3.576
49	1	49	24.534	17.625	0	2	216.5	17.637	4.709	NA	0.702	NA	-63.435	26.565
50	1	50	24.612	16.369	0	2	98.75	18.895	3.603	NA	1.259	NA	-86.424	-22.989
51	1	51	24.651	14.406	0	2	148.5	20.858	2.156	NA	1.963	NA	-88.854	-2.431
52	1	52	24.337	13.032	0	2	165	22.267	1.504	NA	1.409	NA	-102.875	-14.021
53	1	53	24.22	12.757	0	2	98.75	22.566	1.452	NA	0.299	NA	-113.199	-10.324
54	1	54	23.827	12.561	0	2	82	23.005	1.187	NA	0.439	NA	-153.435	-40.236
55	1	55	24.18	11.187	0	2	99	24.424	2.439	NA	1.419	NA	-75.579	77.856
56	1	56	24.494	10.599	0	2	49	25.091	3.104	NA	0.667	NA	-61.928	13.652
57	2	1	20.451	22.139	0	2	132	0	0	NA	NA	NA	NA	NA
58	2	2	20.608	22.375	0	2	107.5	0.283	0.283	NA	0.283	NA	56.31	NA
59	2	3	21.04	22.375	0	2	66	0.715	0.634	NA	0.432	NA	0	-56.31
60	2	4	20.961	22.61	0	2	16	0.963	0.694	NA	0.248	NA	108.435	108.435
61	2	5	20.804	22.296	0	2	132	1.314	0.387	NA	0.351	NA	-116.565	135
62	2	6	21.04	22.649	0	2	57.5	1.739	0.779	NA	0.425	NA	56.31	172.875
63	2	7	20.844	22.335	0	2	131.75	2.109	0.439	NA	0.37	NA	-122.005	-178.315
64	2	8	20.883	22.414	0	2	66	2.197	0.512	NA	0.088	NA	63.435	-174.56
65	2	9	20.961	22.218	0	2	149	2.408	0.516	NA	0.211	NA	-68.199	-131.634
66	2	10	20.922	22.218	0	2	90.5	2.448	0.478	NA	0.039	NA	180	-111.801
67	2	11	20.883	22.806	0	2	82.5	3.038	0.795	NA	0.59	NA	93.814	-86.186
68	2	12	21.276	23.434	0	2	24.5	3.778	1.535	NA	0.741	NA	57.995	-35.819
69	2	13	20.883	23.709	0	2	66	4.257	1.628	NA	0.479	NA	145.008	87.013
70	2	14	21.276	24.063	0	2	49	4.786	2.093	NA	0.528	NA	41.987	-103.021
71	2	15	21.04	23.395	0	2	66	5.493	1.387	NA	0.708	NA	-109.44	-151.427
72	2	16	21.472	24.259	0	2	99	6.459	2.353	NA	0.966	NA	63.435	172.875
73	2	18	21.511	23.866	0	2	16	6.853	2.026	NA	0.394	NA	-84.289	-147.724
74	2	19	21.276	23.984	0	2	168.5	7.117	2.021	NA	0.263	NA	153.435	-122.276
75	2	20	21.472	24.337	0	2	41	7.521	2.424	NA	0.404	NA	60.945	-92.49
76	2	21	21.197	22.924	0	2	99	8.96	1.083	NA	1.44	NA	-101.004	-161.949
77	2	22	20.961	22.492	0	2	107	9.452	0.621	NA	0.492	NA	-118.61	-17.607
78	2	23	21.001	22.139	0	2	123.5	9.808	0.55	NA	0.355	NA	-83.66	34.951
79	2	24	21.197	22.649	0	2	148.5	10.354	0.904	NA	0.547	NA	68.962	152.622
80	2	25	21.354	22.846	0	2	16	10.606	1.146	NA	0.251	NA	51.34	-17.622
81	2	26	21.079	22.649	0	2	45.25	10.943	0.809	NA	0.338	NA	-144.462	164.197
82	2	27	21.197	22.649	0	2	49	11.061	0.904	NA	0.118	NA	0	144.462
83	2	28	21.236	22.532	0	2	173.5	11.185	0.878	NA	0.124	NA	-71.565	-71.565
84	2	29	21.079	22.453	0	2	74	11.361	0.702	NA	0.176	NA	-153.435	-81.87
85	2	30	21.354	22.453	0	2	33	11.636	0.956	NA	0.275	NA	0	153.435
86	2	31	21.59	22.453	0	2	33	11.871	1.181	NA	0.236	NA	0	0
87	2	32	20.687	22.178	0	2	16	12.815	0.239	NA	0.944	NA	-163.072	-163.072
88	2	33	21.119	22.257	0	2	82	13.254	0.678	NA	0.439	NA	10.305	173.377
89	2	34	21.197	22.257	0	2	132	13.332	0.755	NA	0.079	NA	0	-10.305
90	2	35	21.236	22.021	0	2	82.25	13.571	0.794	NA	0.239	NA	-80.538	-80.538
91	2	36	21.158	22.061	0	2	24.5	13.659	0.711	NA	0.088	NA	153.435	-126.027
92	2	37	21.119	22.178	0	2	57.5	13.783	0.668	NA	0.124	NA	108.435	-45
93	2	38	21.354	22.492	0	2	24.5	14.175	0.969	NA	0.393	NA	53.13	-55.305
94	2	39	21.59	22.453	0	2	16	14.414	1.181	NA	0.239	NA	-9.462	-62.592
95	2	40	21.04	22.218	0	2	99	15.012	0.594	NA	0.598	NA	-156.801	-147.339
96	2	41	21.001	21.982	0	2	24.5	15.251	0.572	NA	0.239	NA	-99.462	57.339
97	2	42	21.197	22.257	0	2	49.5	15.589	0.755	NA	0.338	NA	54.462	153.925
98	2	43	21.158	22.649	0	2	24.5	15.983	0.872	NA	0.394	NA	95.711	41.248
99	2	44	21.354	22.532	0	2	49	16.212	0.984	NA	0.229	NA	-30.964	-126.674
100	2	45	21.276	22.571	0	2	82.5	16.3	0.931	NA	0.088	NA	153.435	-175.601
101	2	46	21.276	22.571	0	2	32.5	16.3	0.931	NA	0	NA	0	-153.435
102	2	47	21.276	22.061	0	2	66	16.81	0.828	NA	0.51	NA	-90	-90
103	2	48	21.433	22.139	0	2	82	16.986	0.981	NA	0.176	NA	26.565	116.565
104	2	49	21.433	22.139	0	2	66	16.986	0.981	NA	0	NA	0	-26.565
105	2	50	21.59	22.296	0	2	115	17.208	1.149	NA	0.222	NA	45	45
106	3	1	23.879	16.159	0	2	251.667	0	0	NA	NA	NA	NA	NA
107	3	2	23.906	16.159	0	2	255	0.026	0.026	NA	0.026	NA	0	NA
108	3	3	23.906	16.159	0	2	240.25	0.026	0.026	NA	0	NA	0	0
109	3	4	24.063	15.898	0	2	226.75	0.331	0.319	NA	0.305	NA	-59.036	-59.036
110	3	5	23.932	16.081	0	2	129.028	0.556	0.094	NA	0.225	NA	125.538	-175.426
111	3	6	24.089	16.002	0	2	245.056	0.732	0.262	NA	0.176	NA	-26.565	-152.103
112	3	7	24.324	16.945	0	2	188.528	1.703	0.902	NA	0.971	NA	75.964	102.529
113	3	8	24.22	18.41	0	2	86.25	3.172	2.276	NA	1.469	NA	94.086	18.122
114	3	9	24.063	18.462	0	2	187.25	3.338	2.31	NA	0.166	NA	161.565	67.479
115	3	10	23.984	18.358	0	2	173.25	3.469	2.201	NA	0.131	NA	-126.87	71.565
116	3	11	23.958	18.41	0	2	169.333	3.527	2.252	NA	0.059	NA	116.565	-116.565
117	3	12	23.906	17.913	0	2	215.917	4.027	1.754	NA	0.5	NA	-96.009	147.426
118	3	13	24.403	16.264	0	2	219.611	5.749	0.534	NA	1.722	NA	-73.217	22.792
119	3	14	24.429	14.144	0	2	188.389	7.869	2.089	NA	2.12	NA	-89.293	-16.075
120	3	15	23.879	12.234	0	2	149.5	9.857	3.925	NA	1.988	NA	-106.049	-16.756
121	3	16	24.455	10.926	0	2	30	11.286	5.265	NA	1.43	NA	-66.251	39.798
122	3	17	24.612	10.193	0	2	30	12.036	6.011	NA	0.749	NA	-77.905	-11.655
123	3	18	24.638	10.35	0	2	98.056	12.195	5.859	NA	0.159	NA	80.538	158.443
124	3	19	24.952	10.35	0	2	36.139	12.509	5.908	NA	0.314	NA	0	-80.538
125	4	1	23.749	21.995	0	2	203.75	0	0	NA	NA	NA	NA	NA
126	4	2	23.749	21.995	0	2	80.667	0	0	NA	0	NA	0	NA
127	4	3	23.696	20.844	0	2	141.417	1.153	1.153	NA	1.153	NA	-92.603	-92.603
128	4	4	23.801	18.881	0	2	167.917	3.118	3.115	NA	1.965	NA	-86.947	5.655
129	5	1	23.251	23.487	0	2	100.556	0	0	NA	NA	NA	NA	NA
130	5	2	23.251	23.487	0	2	83.472	0	0	NA	0	NA	0	NA
131	5	3	23.251	23.591	0	2	125.333	0.105	0.105	NA	0.105	NA	90	90
132	5	4	23.487	23.591	0	2	108.833	0.34	0.258	NA	0.236	NA	0	-90
133	5	5	23.382	23.277	0	2	72.75	0.671	0.247	NA	0.331	NA	-108.435	-108.435
134	5	6	23.434	23.958	0	2	88.167	1.354	0.505	NA	0.682	NA	85.601	-165.964
135	5	7	23.618	23.434	0	2	109.75	1.908	0.37	NA	0.555	NA	-70.71	-156.311
136	5	8	23.722	22.885	0	2	103.083	2.468	0.764	NA	0.559	NA	-79.216	-8.506
137	5	9	23.775	22.676	0	2	124.528	2.683	0.965	NA	0.216	NA	-75.964	3.252
138	5	10	23.775	22.676	0	2	114.139	2.683	0.965	NA	0	NA	0	75.964
139	5	11	23.775	22.414	0	2	114.25	2.945	1.194	NA	0.262	NA	-90	-90
140	5	12	23.906	21.786	0	2	103	3.587	1.822	NA	0.642	NA	-78.232	11.768
141	5	13	23.932	21.524	0	2	111.639	3.85	2.077	NA	0.263	NA	-84.289	-6.058
142	5	14	24.324	20.818	0	2	133.083	4.658	2.877	NA	0.808	NA	-60.945	23.344
143	5	15	24.298	19.98	0	2	183.5	5.496	3.66	NA	0.838	NA	-91.79	-30.845
144	5	16	24.089	20.216	0	2	107	5.811	3.377	NA	0.315	NA	131.634	-136.577
145	5	17	24.481	20.059	0	2	97.417	6.234	3.642	NA	0.423	NA	-21.801	-153.435
146	5	18	24.429	20.19	0	2	32.111	6.375	3.501	NA	0.141	NA	111.801	133.603
147	5	19	24.403	20.216	0	2	78.083	6.412	3.468	NA	0.037	NA	135	23.199
148	5	20	24.586	20.059	0	2	100.167	6.653	3.679	NA	0.241	NA	-40.601	-175.601
149	5	21	24.586	20.32	0	2	147.722	6.914	3.436	NA	0.262	NA	90	130.601
150	5	22	24.717	20.425	0	2	158.583	7.082	3.394	NA	0.168	NA	38.66	-51.34
151	5	23	24.664	20.425	0	2	149.417	7.134	3.372	NA	0.052	NA	180	141.34
152	5	24	24.507	20.634	0	2	204	7.396	3.117	NA	0.262	NA	126.87	-53.13
153	5	25	24.638	20.922	0	2	151.25	7.712	2.916	NA	0.316	NA	65.556	-61.314
154	5	26	25.005	22.702	0	2	21.75	9.529	1.921	NA	1.817	NA	78.366	12.81
155	5	27	24.638	21.76	0	2	168.25	10.54	2.215	NA	1.011	NA	-111.251	170.383
156	5	28	24.717	22.048	0	2	160.889	10.838	2.054	NA	0.298	NA	74.745	-174.005
157	5	29	24.848	22.074	0	2	161.25	10.972	2.132	NA	0.133	NA	11.31	-63.435
158	5	30	24.821	22.414	0	2	163.667	11.313	1.902	NA	0.341	NA	94.399	83.089
159	5	31	24.743	22.178	0	2	108.417	11.561	1.984	NA	0.248	NA	-108.435	157.166
160	5	32	24.743	22.178	0	2	167.917	11.561	1.984	NA	0	NA	0	108.435
161	5	33	24.795	22.205	0	2	143.333	11.62	2.007	NA	0.059	NA	26.565	26.565
162	5	34	24.795	22.231	0	2	133.944	11.646	1.99	NA	0.026	NA	90	63.435
163	5	35	24.717	22.649	0	2	194.083	12.072	1.688	NA	0.426	NA	100.62	10.62
164	5	36	24.743	22.1	0	2	130.5	12.622	2.037	NA	0.55	NA	-87.274	172.107
165	5	37	24.848	22.728	0	2	157	13.259	1.768	NA	0.637	NA	80.538	167.811
166	5	38	24.874	23.094	0	2	140.556	13.626	1.669	NA	0.367	NA	85.914	5.377
167	5	39	24.717	23.434	0	2	187.25	14.001	1.466	NA	0.375	NA	114.775	28.861
168	5	40	24.691	24.507	0	2	236.917	15.074	1.764	NA	1.073	NA	91.397	-23.378
169	5	41	24.821	24.455	0	2	118	15.215	1.845	NA	0.141	NA	-21.801	-113.199
170	5	42	24.612	25.083	0	2	169.25	15.877	2.098	NA	0.662	NA	108.435	130.236
171	5	43	24.848	25.79	0	2	123.75	16.622	2.802	NA	0.745	NA	71.565	-36.87
172	5	44	24.612	25.423	0	2	94.917	17.057	2.367	NA	0.436	NA	-122.735	165.7
173	5	45	24.612	25.319	0	2	136	17.162	2.282	NA	0.105	NA	-90	32.735
174	5	46	24.481	25.188	0	2	118.167	17.347	2.099	NA	0.185	NA	-135	-45
175	5	47	24.377	25.528	0	2	159.917	17.703	2.331	NA	0.356	NA	107.103	-117.897
176	5	48	24.481	25.737	0	2	95.806	17.937	2.565	NA	0.234	NA	63.435	-43.668
177	5	49	24.272	25.397	0	2	93.25	18.337	2.166	NA	0.399	NA	-121.608	174.958
178	5	50	24.507	25.266	0	2	96.361	18.606	2.178	NA	0.269	NA	-29.055	92.553
179	5	51	24.377	25.371	0	2	133.583	18.773	2.195	NA	0.168	NA	141.34	170.395
180	5	52	24.377	25.397	0	2	99	18.8	2.217	NA	0.026	NA	90	-51.34
181	5	53	24.429	25.397	0	2	155.583	18.852	2.244	NA	0.052	NA	0	-90
182	5	54	24.795	26.313	0	2	75.111	19.838	3.221	NA	0.986	NA	68.199	68.199
183	5	55	25.005	27.412	0	2	86.25	20.957	4.299	NA	1.119	NA	79.216	11.017
184	5	56	25.292	28.433	0	2	87.583	22.018	5.351	NA	1.06	NA	74.249	-4.967
185	5	57	25.423	29.061	0	2	89.806	22.659	5.982	NA	0.642	NA	78.232	3.983
186	5	58	25.528	29.296	0	2	44.389	22.917	6.24	NA	0.258	NA	66.038	-12.194
187	5	59	25.266	27.857	0	2	70.444	24.38	4.812	NA	1.463	NA	-100.305	-166.342
188	5	60	25.476	28.25	0	2	91.917	24.825	5.257	NA	0.445	NA	61.928	162.232
189	5	61	25.423	28.38	0	2	57.25	24.966	5.354	NA	0.141	NA	111.801	49.874
190	5	62	25.214	28.668	0	2	47.667	25.322	5.541	NA	0.356	NA	126.027	14.226
191	5	63	25.24	28.694	0	2	61.75	25.359	5.575	NA	0.037	NA	45	-81.027
192	5	64	25.476	28.537	0	2	90.5	25.642	5.519	NA	0.283	NA	-33.69	-78.69
193	5	65	25.502	29.82	0	2	114.194	26.924	6.721	NA	1.283	NA	88.831	122.521
194	5	66	25.319	30.788	0	2	142.917	27.91	7.588	NA	0.985	NA	100.713	11.882
195	5	67	25.319	30.631	0	2	103.083	28.067	7.437	NA	0.157	NA	-90	169.287
196	5	68	25.319	30.631	0	2	134.917	28.067	7.437	NA	0	NA	0	90
197	5	69	25.319	30.631	0	2	166.333	28.067	7.437	NA	0	NA	0	0
198	5	70	25.292	30.552	0	2	143.722	28.15	7.355	NA	0.083	NA	-108.435	-108.435
199	5	71	25.24	30.448	0	2	101.5	28.267	7.24	NA	0.117	NA	-116.565	-8.13
200	5	72	25.266	30.343	0	2	107.083	28.374	7.146	NA	0.108	NA	-75.964	40.601
201	5	73	25.292	30.422	0	2	128.083	28.457	7.229	NA	0.083	NA	71.565	147.529
202	5	74	25.528	30.919	0	2	74.694	29.007	7.773	NA	0.55	NA	64.654	-6.911
203	5	75	25.633	31.207	0	2	33	29.314	8.079	NA	0.306	NA	70.017	5.363
204	5	76	25.607	30.971	0	2	99.917	29.551	7.846	NA	0.237	NA	-96.34	-166.357
205	5	77	25.554	30.997	0	2	142.917	29.609	7.856	NA	0.059	NA	153.435	-110.225
206	5	78	25.528	30.788	0	2	128.667	29.82	7.648	NA	0.211	NA	-97.125	109.44
207	5	79	25.528	30.997	0	2	117.333	30.029	7.848	NA	0.209	NA	90	-172.875
208	5	80	25.554	31.181	0	2	108.583	30.215	8.031	NA	0.185	NA	81.87	-8.13
209	5	81	25.45	30.945	0	2	79.778	30.472	7.775	NA	0.258	NA	-113.962	164.168
210	6	1	22.414	10.769	0	2	105.583	0	0	NA	NA	NA	NA	NA
211	6	2	22.414	10.769	0	2	109.833	0	0	NA	0	NA	0	NA
212	6	3	22.414	10.769	0	2	126.417	0	0	NA	0	NA	0	0
213	6	4	22.519	10.742	0	2	89.361	0.108	0.108	NA	0.108	NA	-14.036	-14.036
214	6	5	22.597	10.481	0	2	118	0.381	0.341	NA	0.273	NA	-73.301	-59.265
215	6	6	22.597	10.481	0	2	80.667	0.381	0.341	NA	0	NA	0	73.301
216	6	7	22.597	10.481	0	2	145.583	0.381	0.341	NA	0	NA	0	0
217	6	8	22.571	10.585	0	2	116.833	0.489	0.241	NA	0.108	NA	104.036	104.036
218	6	9	22.571	10.69	0	2	101.75	0.594	0.176	NA	0.105	NA	90	-14.036
219	6	10	22.571	10.69	0	2	104.25	0.594	0.176	NA	0	NA	0	-90
220	6	11	22.545	10.69	0	2	133.75	0.62	0.153	NA	0.026	NA	180	180
221	6	12	22.388	10.978	0	2	130.694	0.948	0.211	NA	0.328	NA	118.61	-61.39
222	6	13	22.388	11.266	0	2	193	1.236	0.498	NA	0.288	NA	90	-28.61
223	6	14	22.388	11.318	0	2	82.111	1.288	0.55	NA	0.052	NA	90	0
224	6	15	22.388	11.318	0	2	148.389	1.288	0.55	NA	0	NA	0	-90
225	6	16	22.44	12.548	0	2	104.5	2.519	1.78	NA	1.231	NA	87.563	87.563
226	6	17	22.335	12.914	0	2	148.75	2.9	2.147	NA	0.381	NA	105.945	18.382
227	6	18	22.257	13.202	0	2	119.417	3.198	2.439	NA	0.298	NA	105.255	-0.69
228	6	19	22.78	14.118	0	2	76.083	4.253	3.37	NA	1.055	NA	60.255	-45
229	6	20	22.937	14.223	0	2	139.861	4.442	3.494	NA	0.189	NA	33.69	-26.565
230	6	21	22.937	14.223	0	2	139.694	4.442	3.494	NA	0	NA	0	-33.69
231	6	22	22.937	14.223	0	2	71.222	4.442	3.494	NA	0	NA	0	0
232	6	23	22.937	14.223	0	2	35.222	4.442	3.494	NA	0	NA	0	0
233	6	24	23.827	14.93	0	2	135	5.578	4.394	NA	1.136	NA	38.454	38.454
234	6	25	23.749	14.982	0	2	156.75	5.673	4.42	NA	0.094	NA	146.31	107.856
235	6	26	23.749	14.982	0	2	131.917	5.673	4.42	NA	0	NA	0	-146.31
236	6	27	23.932	15.374	0	2	102.278	6.106	4.849	NA	0.433	NA	64.983	64.983
237	6	28	23.827	15.688	0	2	87.75	6.437	5.119	NA	0.331	NA	108.435	43.452
238	6	29	23.591	15.898	0	2	156.75	6.752	5.263	NA	0.315	NA	138.366	29.932
239	6	30	23.408	15.636	0	2	144.444	7.071	4.968	NA	0.319	NA	-124.992	96.642
240	6	31	23.644	15.27	0	2	120.75	7.507	4.666	NA	0.436	NA	-57.265	67.727
241	6	32	23.591	15.296	0	2	107.25	7.565	4.678	NA	0.059	NA	153.435	-149.3
242	6	33	23.618	15.27	0	2	137.5	7.602	4.659	NA	0.037	NA	-45	161.565
243	6	34	23.618	15.27	0	2	161.083	7.602	4.659	NA	0	NA	0	45
244	6	35	23.932	14.458	0	2	103.528	8.472	3.99	NA	0.87	NA	-68.839	-68.839
245	6	36	23.722	12.888	0	2	80.194	10.056	2.491	NA	1.584	NA	-97.595	-28.756
246	6	37	23.696	11.972	0	2	65.75	10.973	1.759	NA	0.916	NA	-91.637	5.958
247	6	38	23.984	11.24	0	2	87.75	11.76	1.639	NA	0.787	NA	-68.552	23.084
248	7	1	24.272	13.673	0	2	100.889	0	0	NA	NA	NA	NA	NA
249	7	2	24.272	13.673	0	2	191.25	0	0	NA	0	NA	0	NA
250	7	3	24.272	13.516	0	2	110	0.157	0.157	NA	0.157	NA	-90	-90
251	7	4	24.455	13.752	0	2	155.75	0.455	0.199	NA	0.298	NA	52.125	142.125
252	7	5	24.429	13.935	0	2	147.167	0.64	0.305	NA	0.185	NA	98.13	46.005
253	7	6	24.377	14.197	0	2	152.833	0.907	0.534	NA	0.267	NA	101.31	3.18
254	7	7	24.377	14.197	0	2	135.917	0.907	0.534	NA	0	NA	0	-101.31
255	7	8	24.507	13.935	0	2	136.25	1.2	0.352	NA	0.293	NA	-63.435	-63.435
256	7	9	24.455	14.04	0	2	173.5	1.317	0.41	NA	0.117	NA	116.565	-180
257	7	10	24.377	14.615	0	2	122.167	1.898	0.948	NA	0.581	NA	97.765	-18.8
258	7	11	24.403	14.642	0	2	96	1.935	0.977	NA	0.037	NA	45	-52.765
259	7	12	24.377	14.144	0	2	71.417	2.433	0.483	NA	0.498	NA	-93.013	-138.013
260	7	13	24.298	14.354	0	2	104.25	2.656	0.681	NA	0.224	NA	110.556	-156.431
261	8	1	24.952	30.683	0	2	168.194	0	0	NA	NA	NA	NA	NA
262	8	2	25.528	28.694	0	2	187.833	2.071	2.071	NA	2.071	NA	-73.856	NA
263	8	3	25.554	28.459	0	2	156.75	2.307	2.304	NA	0.237	NA	-83.66	-9.804
264	8	4	25.502	28.982	0	2	167.361	2.833	1.788	NA	0.526	NA	95.711	179.37
265	8	5	25.607	28.773	0	2	132	3.068	2.019	NA	0.234	NA	-63.435	-159.146
266	8	6	25.214	26.601	0	2	117.194	5.275	4.091	NA	2.207	NA	-100.244	-36.809
267	8	7	24.429	24.193	0	2	109.972	7.807	6.511	NA	2.532	NA	-108.06	-7.816
268	8	8	24.324	22.257	0	2	112.75	9.746	8.45	NA	1.939	NA	-93.094	14.966
269	8	9	24.22	21.079	0	2	160.75	10.929	9.632	NA	1.182	NA	-95.08	-1.986
270	9	1	22.205	24.429	0	2	30.278	0	0	NA	NA	NA	NA	NA
271	9	2	22.545	23.853	0	2	110	0.669	0.669	NA	0.669	NA	-59.421	NA
272	9	3	22.885	23.801	0	2	108.417	1.013	0.926	NA	0.344	NA	-8.746	50.675
273	9	4	22.885	23.801	0	2	96	1.013	0.926	NA	0	NA	0	8.746
274	9	5	22.728	23.749	0	2	173.25	1.178	0.858	NA	0.166	NA	-161.565	-161.565
275	9	6	23.147	22.283	0	2	152.75	2.703	2.344	NA	1.524	NA	-74.055	87.51
276	9	7	23.277	20.425	0	2	110.25	4.565	4.145	NA	1.863	NA	-85.972	-11.917
277	10	1	22.466	28.302	0	2	90.75	0	0	NA	NA	NA	NA	NA
278	10	2	22.257	28.904	0	2	65.5	0.637	0.637	NA	0.637	NA	109.179	NA
279	10	3	21.681	29.349	0	2	85.278	1.365	1.308	NA	0.728	NA	142.306	33.127
280	10	4	21.341	30.134	0	2	75.167	2.22	2.15	NA	0.856	NA	113.429	-28.877
281	10	5	20.922	30.762	0	2	84.75	2.975	2.904	NA	0.755	NA	123.69	10.261
282	10	6	20.922	31.024	0	2	41	3.237	3.129	NA	0.262	NA	90	-33.69
283	10	7	20.765	31.259	0	2	52.25	3.52	3.411	NA	0.283	NA	123.69	33.69
284	10	8	20.896	31.416	0	2	85.556	3.724	3.488	NA	0.204	NA	50.194	-73.496
285	10	9	20.844	31.311	0	2	56.333	3.841	3.419	NA	0.117	NA	-116.565	-166.759
286	10	10	20.791	31.861	0	2	73.306	4.394	3.933	NA	0.552	NA	95.44	-147.995
287	11	1	24.193	17.625	0	2	106.083	0	0	NA	NA	NA	NA	NA
288	11	2	24.063	17.834	0	2	137.417	0.247	0.247	NA	0.247	NA	122.005	NA
289	11	3	24.089	18.201	0	2	52.278	0.614	0.585	NA	0.367	NA	85.914	-36.091
290	11	4	24.089	18.174	0	2	98.75	0.64	0.559	NA	0.026	NA	-90	-175.914
291	11	5	24.036	18.384	0	2	90.222	0.856	0.775	NA	0.216	NA	104.036	-165.964
292	11	6	24.691	19.561	0	2	111.333	2.203	1.999	NA	1.347	NA	60.945	-43.091
293	11	7	24.298	18.227	0	2	122.417	3.594	0.611	NA	1.391	NA	-106.39	-167.335
294	11	8	24.089	18.227	0	2	150.722	3.804	0.611	NA	0.209	NA	180	-73.61
295	11	9	23.906	18.803	0	2	123.75	4.408	1.212	NA	0.604	NA	107.65	-72.35
296	11	10	24.089	19.195	0	2	177.583	4.841	1.574	NA	0.433	NA	64.983	-42.667
297	11	11	24.089	19.195	0	2	141.833	4.841	1.574	NA	0	NA	0	-64.983
298	11	12	24.403	18.907	0	2	43.944	5.267	1.299	NA	0.426	NA	-42.51	-42.51
299	11	13	24.377	18.907	0	2	109.75	5.293	1.295	NA	0.026	NA	180	-137.49
300	11	14	24.298	18.855	0	2	113.917	5.388	1.234	NA	0.094	NA	-146.31	33.69
301	11	15	24.298	18.96	0	2	140.25	5.492	1.339	NA	0.105	NA	90	-123.69
302	11	16	24.272	18.855	0	2	193.028	5.6	1.232	NA	0.108	NA	-104.036	165.964
303	11	17	24.246	19.326	0	2	182.444	6.072	1.702	NA	0.472	NA	93.18	-162.784
304	11	18	24.298	19.666	0	2	119.5	6.416	2.044	NA	0.344	NA	81.254	-11.926
305	11	19	24.455	19.666	0	2	111.25	6.573	2.058	NA	0.157	NA	0	-81.254
306	11	20	24.455	19.666	0	2	65.75	6.573	2.058	NA	0	NA	0	0
307	11	21	24.534	19.875	0	2	111.333	6.797	2.276	NA	0.224	NA	69.444	69.444
308	11	22	24.769	20.739	0	2	92.083	7.692	3.167	NA	0.895	NA	74.745	5.301
309	11	23	24.481	20.765	0	2	91.917	7.981	3.153	NA	0.289	NA	174.806	100.061
310	11	24	24.56	20.661	0	2	104.889	8.112	3.058	NA	0.131	NA	-53.13	132.064
311	11	25	24.507	21.132	0	2	147	8.586	3.521	NA	0.474	NA	96.34	149.47
312	11	26	24.507	21.733	0	2	162.528	9.188	4.121	NA	0.602	NA	90	-6.34
313	11	27	24.403	21.603	0	2	115.694	9.355	3.983	NA	0.168	NA	-128.66	141.34
