Nr	TID	PID	x [micron]	y [micron]	t [sec]	c [idx]	I [val]	Len [micron]	D2S [micron]	D2R [micron]	D2P [micron]	v [micron/sec]	? [deg]	?? [deg]
1	1	1	23.321	16.099	0	2	83	0	0	NA	NA	NA	NA	NA
2	1	2	23.686	15.231	0	2	37	0.942	0.942	NA	0.942	NA	-67.166	NA
3	1	3	22.041	16.145	0	2	46	2.824	1.281	NA	1.882	NA	150.945	-141.888
4	1	4	23.092	15.871	0	2	27	3.911	0.323	NA	1.086	NA	-14.621	-165.566
5	1	5	23.869	15.642	0	2	18	4.721	0.714	NA	0.81	NA	-16.39	-1.769
6	1	6	23.915	16.145	0	2	18	5.226	0.596	NA	0.505	NA	84.806	101.195
7	1	7	24.28	15.642	0	2	18	5.847	1.063	NA	0.622	NA	-53.973	-138.778
8	1	8	23.96	15.871	0	2	65	6.24	0.679	NA	0.393	NA	144.462	-161.565
9	1	9	24.143	16.191	0	2	37	6.609	0.828	NA	0.368	NA	60.255	-84.207
10	1	10	23.823	16.191	0	2	27	6.929	0.511	NA	0.32	NA	180	119.745
11	1	11	23.778	16.191	0	2	65	6.974	0.466	NA	0.046	NA	180	0
12	1	12	23.366	16.008	0	2	65	7.425	0.102	NA	0.45	NA	-156.038	23.962
13	1	13	23.001	16.282	0	2	46	7.882	0.368	NA	0.457	NA	143.13	-60.832
14	1	14	23.275	16.648	0	2	37	8.339	0.55	NA	0.457	NA	53.13	-90
15	1	15	23.321	16.648	0	2	46	8.384	0.548	NA	0.046	NA	0	-53.13
16	1	16	23.366	16.693	0	2	9	8.449	0.596	NA	0.065	NA	45	45
17	1	17	23.641	16.099	0	2	18	9.103	0.32	NA	0.654	NA	-65.225	-110.225
18	1	18	23.641	16.236	0	2	65	9.24	0.348	NA	0.137	NA	90	155.225
19	1	19	23.732	16.191	0	2	37	9.343	0.421	NA	0.102	NA	-26.565	-116.565
20	1	20	23.915	16.282	0	2	18	9.547	0.622	NA	0.204	NA	26.565	53.13
21	1	21	23.915	16.282	0	2	65	9.547	0.622	NA	0	NA	0	-26.565
22	1	22	24.235	16.465	0	2	46	9.916	0.984	NA	0.368	NA	29.745	29.745
23	2	1	26.109	16.419	0	2	9	0	0	NA	NA	NA	NA	NA
24	2	2	26.017	15.231	0	2	37	1.192	1.192	NA	1.192	NA	-94.399	NA
25	2	3	25.88	15.231	0	2	83	1.329	1.21	NA	0.137	NA	180	-85.601
26	2	4	25.88	15.231	0	2	55	1.329	1.21	NA	0	NA	0	-180
27	2	5	25.834	15.459	0	2	83	1.562	0.998	NA	0.233	NA	101.31	101.31
28	2	6	25.606	15.597	0	2	46	1.828	0.964	NA	0.266	NA	149.036	47.726
29	2	7	25.012	15.916	0	2	139	2.503	1.207	NA	0.675	NA	151.699	2.663
30	2	8	25.149	16.374	0	2	149	2.98	0.961	NA	0.477	NA	73.301	-78.398
31	2	9	25.149	16.374	0	2	149	2.98	0.961	NA	0	NA	0	-73.301
32	2	10	25.057	16.831	0	2	111	3.447	1.129	NA	0.466	NA	101.31	101.31
33	2	11	25.057	16.922	0	2	130	3.538	1.165	NA	0.091	NA	90	-11.31
34	2	12	24.829	16.785	0	2	65	3.804	1.331	NA	0.266	NA	-149.036	120.964
35	2	13	24.783	16.785	0	2	121	3.85	1.375	NA	0.046	NA	180	-30.964
36	2	14	25.012	16.648	0	2	74	4.117	1.12	NA	0.266	NA	-30.964	149.036
37	2	15	25.194	16.511	0	2	83	4.345	0.919	NA	0.229	NA	-36.87	-5.906
38	2	16	25.423	16.648	0	2	130	4.612	0.723	NA	0.266	NA	30.964	67.834
39	2	17	25.332	16.739	0	2	233	4.741	0.84	NA	0.129	NA	135	104.036
40	2	18	25.469	16.419	0	2	55	5.089	0.64	NA	0.348	NA	-66.801	158.199
41	2	19	25.423	16.602	0	2	46	5.277	0.71	NA	0.188	NA	104.036	170.838
42	2	20	25.514	16.602	0	2	46	5.369	0.622	NA	0.091	NA	0	-104.036
43	2	21	25.514	16.511	0	2	55	5.46	0.601	NA	0.091	NA	-90	-90
44	2	22	25.743	16.693	0	2	55	5.753	0.457	NA	0.293	NA	38.66	128.66
45	2	23	25.56	16.693	0	2	46	5.936	0.613	NA	0.183	NA	180	141.34
46	2	24	25.423	16.831	0	2	93	6.13	0.799	NA	0.194	NA	135	-45
47	2	25	25.606	16.876	0	2	27	6.318	0.679	NA	0.188	NA	14.036	-120.964
48	2	26	25.971	16.876	0	2	37	6.684	0.477	NA	0.366	NA	0	-14.036
49	2	27	25.652	16.602	0	2	18	7.105	0.492	NA	0.421	NA	-139.399	-139.399
50	2	28	25.606	16.602	0	2	9	7.151	0.535	NA	0.046	NA	180	-40.601
51	2	29	25.423	16.648	0	2	37	7.339	0.723	NA	0.188	NA	165.964	-14.036
52	2	30	25.194	16.282	0	2	55	7.77	0.924	NA	0.431	NA	-122.005	72.031
53	2	31	25.194	16.511	0	2	9	7.999	0.919	NA	0.229	NA	90	-147.995
54	2	32	25.194	16.511	0	2	9	7.999	0.919	NA	0	NA	0	-90
55	2	33	25.012	16.419	0	2	18	8.203	1.097	NA	0.204	NA	-153.435	-153.435
56	2	34	25.012	16.374	0	2	0	8.249	1.098	NA	0.046	NA	-90	63.435
57	2	35	25.103	16.099	0	2	18	8.538	1.055	NA	0.289	NA	-71.565	18.435
58	2	36	25.012	16.145	0	2	0	8.64	1.131	NA	0.102	NA	153.435	-135
59	2	37	25.012	16.374	0	2	65	8.869	1.098	NA	0.229	NA	90	-63.435
60	2	38	25.057	16.556	0	2	46	9.057	1.06	NA	0.188	NA	75.964	-14.036
61	2	39	25.24	16.511	0	2	18	9.246	0.873	NA	0.188	NA	-14.036	-90
62	2	40	25.012	16.374	0	2	37	9.512	1.098	NA	0.266	NA	-149.036	-135
63	2	41	24.646	16.374	0	2	9	9.878	1.463	NA	0.366	NA	180	-30.964
64	2	42	24.646	16.465	0	2	46	9.969	1.463	NA	0.091	NA	90	-90
65	2	43	24.692	16.511	0	2	55	10.034	1.42	NA	0.065	NA	45	-45
66	3	1	25.469	19.344	0	2	18	0	0	NA	NA	NA	NA	NA
67	3	2	25.469	19.39	0	2	9	0.046	0.046	NA	0.046	NA	90	NA
68	3	3	25.971	19.436	0	2	46	0.551	0.511	NA	0.505	NA	5.194	-84.806
69	3	4	25.834	19.436	0	2	46	0.688	0.377	NA	0.137	NA	180	174.806
70	3	5	26.109	19.756	0	2	65	1.109	0.761	NA	0.421	NA	49.399	-130.601
71	3	6	26.611	19.481	0	2	65	1.682	1.151	NA	0.573	NA	-28.61	-78.009
72	3	7	26.977	19.573	0	2	9	2.059	1.525	NA	0.377	NA	14.036	42.647
73	3	8	27.16	20.076	0	2	46	2.594	1.842	NA	0.535	NA	70.017	55.981
74	3	9	26.748	19.984	0	2	18	3.015	1.431	NA	0.421	NA	-167.471	122.512
75	3	10	26.2	20.213	0	2	37	3.609	1.135	NA	0.594	NA	157.38	-35.149
76	3	11	26.2	20.076	0	2	9	3.746	1.034	NA	0.137	NA	-90	112.62
77	3	12	25.971	20.258	0	2	18	4.039	1.043	NA	0.293	NA	141.34	-128.66
78	3	13	26.246	20.258	0	2	9	4.313	1.2	NA	0.274	NA	0	-141.34
79	3	14	26.246	19.801	0	2	9	4.77	0.901	NA	0.457	NA	-90	-90
80	3	15	26.474	18.796	0	2	46	5.801	1.145	NA	1.031	NA	-77.196	12.804
81	3	16	26.2	19.39	0	2	18	6.456	0.733	NA	0.654	NA	114.775	-168.029
82	3	17	26.291	19.573	0	2	18	6.66	0.854	NA	0.204	NA	63.435	-51.34
83	3	18	26.154	19.801	0	2	37	6.926	0.824	NA	0.266	NA	120.964	57.529
84	3	19	26.566	18.979	0	2	46	7.846	1.156	NA	0.92	NA	-63.435	175.601
85	3	20	26.611	19.344	0	2	55	8.215	1.143	NA	0.368	NA	82.875	146.31
86	3	21	26.52	19.984	0	2	9	8.861	1.231	NA	0.646	NA	98.13	15.255
87	3	22	26.474	19.984	0	2	18	8.907	1.192	NA	0.046	NA	180	81.87
88	3	23	26.109	20.167	0	2	46	9.316	1.042	NA	0.409	NA	153.435	-26.565
89	3	24	26.154	20.304	0	2	27	9.46	1.179	NA	0.145	NA	71.565	-81.87
90	3	25	26.2	20.167	0	2	27	9.605	1.101	NA	0.145	NA	-71.565	-143.13
91	3	26	25.971	20.578	0	2	9	10.075	1.332	NA	0.471	NA	119.055	-169.38
92	3	27	26.291	20.441	0	2	27	10.423	1.371	NA	0.348	NA	-23.199	-142.253
93	3	28	26.383	20.578	0	2	27	10.588	1.536	NA	0.165	NA	56.31	79.509
94	3	29	26.109	20.853	0	2	37	10.976	1.638	NA	0.388	NA	135	78.69
95	3	30	25.789	20.99	0	2	46	11.324	1.676	NA	0.348	NA	156.801	21.801
96	3	31	26.2	21.127	0	2	18	11.758	1.927	NA	0.434	NA	18.435	-138.366
97	4	1	24.646	22.178	0	2	27	0	0	NA	NA	NA	NA	NA
98	4	2	25.012	22.224	0	2	18	0.368	0.368	NA	0.368	NA	7.125	NA
99	4	3	25.332	22.315	0	2	9	0.701	0.699	NA	0.333	NA	15.945	8.82
100	4	4	25.56	22.224	0	2	9	0.947	0.915	NA	0.246	NA	-21.801	-37.747
101	4	5	25.194	22.132	0	2	46	1.324	0.55	NA	0.377	NA	-165.964	-144.162
102	4	6	25.377	22.132	0	2	9	1.507	0.733	NA	0.183	NA	0	165.964
103	4	7	25.697	22.132	0	2	9	1.827	1.052	NA	0.32	NA	0	0
104	4	8	25.743	22.087	0	2	18	1.892	1.101	NA	0.065	NA	-45	-45
105	4	9	25.423	21.949	0	2	9	2.24	0.81	NA	0.348	NA	-156.801	-111.801
106	4	10	25.469	22.132	0	2	18	2.428	0.824	NA	0.188	NA	75.964	-127.235
107	4	11	26.017	21.904	0	2	18	3.022	1.398	NA	0.594	NA	-22.62	-98.584
108	4	12	26.063	21.858	0	2	0	3.087	1.453	NA	0.065	NA	-45	-22.38
109	4	13	25.149	22.452	0	2	9	4.177	0.573	NA	1.09	NA	146.976	-168.024
110	4	14	24.92	22.681	0	2	27	4.5	0.573	NA	0.323	NA	135	-11.976
111	4	15	25.24	22.315	0	2	18	4.986	0.61	NA	0.486	NA	-48.814	176.186
112	4	16	25.332	22.178	0	2	18	5.151	0.686	NA	0.165	NA	-56.31	-7.496
113	4	17	25.423	22.178	0	2	37	5.242	0.777	NA	0.091	NA	0	56.31
114	4	18	25.56	22.178	0	2	9	5.379	0.914	NA	0.137	NA	0	0
115	4	19	25.606	21.904	0	2	9	5.657	0.998	NA	0.278	NA	-80.538	-80.538
116	4	20	25.332	21.812	0	2	27	5.947	0.777	NA	0.289	NA	-161.565	-81.027
117	4	21	25.652	21.675	0	2	0	6.295	1.124	NA	0.348	NA	-23.199	138.366
118	4	22	25.652	21.767	0	2	9	6.386	1.086	NA	0.091	NA	90	113.199
119	4	23	26.109	21.401	0	2	9	6.971	1.656	NA	0.585	NA	-38.66	-128.66
120	5	1	17.836	22.955	0	2	27	0	0	NA	NA	NA	NA	NA
121	5	2	17.882	23.183	0	2	9	0.233	0.233	NA	0.233	NA	78.69	NA
122	5	3	16.511	22.818	0	2	37	1.652	1.332	NA	1.419	NA	-165.069	116.241
123	5	4	16.511	23.046	0	2	55	1.881	1.329	NA	0.229	NA	90	-104.931
124	5	5	17.105	23.046	0	2	9	2.475	0.737	NA	0.594	NA	0	-90
125	5	6	17.196	23.046	0	2	0	2.566	0.646	NA	0.091	NA	0	0
126	5	7	16.968	23.046	0	2	9	2.795	0.873	NA	0.229	NA	180	180
127	5	8	17.836	23.001	0	2	9	3.664	0.046	NA	0.87	NA	-3.013	176.987
128	6	1	16.968	20.35	0	2	18	0	0	NA	NA	NA	NA	NA
129	6	2	17.882	19.207	0	2	55	1.463	1.463	NA	1.463	NA	-51.34	NA
130	6	3	18.43	18.613	0	2	65	2.272	2.271	NA	0.809	NA	-47.291	4.05
131	6	4	19.207	18.156	0	2	9	3.173	3.135	NA	0.901	NA	-30.466	16.825
132	6	5	20.121	17.562	0	2	65	4.263	4.209	NA	1.09	NA	-33.024	-2.558
133	6	6	20.761	17.013	0	2	18	5.106	5.052	NA	0.843	NA	-40.601	-7.577
134	6	7	21.31	16.785	0	2	18	5.7	5.618	NA	0.594	NA	-22.62	17.981
135	6	8	21.447	16.419	0	2	18	6.091	5.959	NA	0.39	NA	-69.444	-46.824
136	6	9	21.904	16.145	0	2	37	6.624	6.484	NA	0.533	NA	-30.964	38.48
137	6	10	22.178	16.099	0	2	18	6.902	6.724	NA	0.278	NA	-9.462	21.501
138	6	11	23.549	15.551	0	2	55	8.379	8.145	NA	1.477	NA	-21.801	-12.339
139	6	12	25.149	14.865	0	2	9	10.119	9.849	NA	1.74	NA	-23.199	-1.397
140	6	13	26.017	14.545	0	2	37	11.044	10.751	NA	0.925	NA	-20.225	2.974
141	6	14	26.2	14.408	0	2	18	11.273	10.979	NA	0.229	NA	-36.87	-16.645
142	6	15	26.794	13.311	0	2	18	12.52	12.087	NA	1.247	NA	-61.557	-24.687
143	6	16	27.205	12.671	0	2	0	13.281	12.797	NA	0.761	NA	-57.265	4.292
144	7	1	20.076	12.077	0	2	74	0	0	NA	NA	NA	NA	NA
145	7	2	20.076	12.077	0	2	55	0	0	NA	0	NA	0	NA
146	7	3	20.167	12.123	0	2	93	0.102	0.102	NA	0.102	NA	26.565	26.565
147	7	4	20.167	12.123	0	2	93	0.102	0.102	NA	0	NA	0	-26.565
148	7	5	20.167	12.123	0	2	74	0.102	0.102	NA	0	NA	0	0
149	7	6	19.893	12.306	0	2	74	0.432	0.293	NA	0.33	NA	146.31	146.31
150	7	7	19.847	12.032	0	2	121	0.71	0.233	NA	0.278	NA	-99.462	114.228
151	7	8	19.984	12.032	0	2	102	0.847	0.102	NA	0.137	NA	0	99.462
152	7	9	19.984	12.169	0	2	93	0.984	0.129	NA	0.137	NA	90	90
153	7	10	19.938	12.169	0	2	65	1.03	0.165	NA	0.046	NA	180	90
154	7	11	19.938	12.169	0	2	65	1.03	0.165	NA	0	NA	0	-180
155	7	12	19.938	12.169	0	2	65	1.03	0.165	NA	0	NA	0	0
156	7	13	19.938	12.169	0	2	102	1.03	0.165	NA	0	NA	0	0
157	7	14	20.076	12.214	0	2	102	1.174	0.137	NA	0.145	NA	18.435	18.435
158	7	15	20.076	12.352	0	2	46	1.311	0.274	NA	0.137	NA	90	71.565
159	7	16	19.893	12.352	0	2	55	1.494	0.33	NA	0.183	NA	180	90
160	7	17	19.893	12.352	0	2	9	1.494	0.33	NA	0	NA	0	-180
161	7	18	19.619	13.083	0	2	0	2.275	1.104	NA	0.781	NA	110.556	110.556
162	7	19	19.573	13.403	0	2	55	2.598	1.418	NA	0.323	NA	98.13	-12.426
163	7	20	19.801	13.129	0	2	37	2.955	1.086	NA	0.357	NA	-50.194	-148.325
164	7	21	19.801	13.129	0	2	27	2.955	1.086	NA	0	NA	0	50.194
165	7	22	19.573	12.991	0	2	46	3.222	1.043	NA	0.266	NA	-149.036	-149.036
166	7	23	19.573	13.037	0	2	18	3.268	1.083	NA	0.046	NA	90	-120.964
167	7	24	19.299	13.174	0	2	9	3.574	1.344	NA	0.307	NA	153.435	63.435
168	7	25	19.207	13.083	0	2	46	3.703	1.329	NA	0.129	NA	-135	71.565
169	7	26	19.207	12.946	0	2	37	3.84	1.228	NA	0.137	NA	-90	45
170	7	27	19.299	12.809	0	2	46	4.005	1.067	NA	0.165	NA	-56.31	33.69
171	7	28	19.299	13.083	0	2	18	4.28	1.271	NA	0.274	NA	90	146.31
172	7	29	20.304	12.809	0	2	9	5.322	0.766	NA	1.042	NA	-15.255	-105.255
173	7	30	21.31	12.717	0	2	9	6.331	1.39	NA	1.01	NA	-5.194	10.061
174	7	31	22.041	12.306	0	2	9	7.17	1.979	NA	0.839	NA	-29.358	-24.163
175	7	32	23.366	11.895	0	2	0	8.558	3.296	NA	1.388	NA	-17.241	12.116
176	8	1	17.196	20.99	0	2	18	0	0	NA	NA	NA	NA	NA
177	8	2	16.876	20.898	0	2	18	0.333	0.333	NA	0.333	NA	-164.055	NA
178	8	3	16.968	20.853	0	2	18	0.435	0.266	NA	0.102	NA	-26.565	137.49
179	8	4	16.693	20.396	0	2	9	0.968	0.778	NA	0.533	NA	-120.964	-94.399
180	8	5	16.511	20.35	0	2	18	1.156	0.938	NA	0.188	NA	-165.964	-45
181	8	6	16.602	20.487	0	2	37	1.321	0.778	NA	0.165	NA	56.31	-137.726
182	8	7	16.693	20.533	0	2	9	1.423	0.679	NA	0.102	NA	26.565	-29.745
183	8	8	17.105	20.944	0	2	27	2.005	0.102	NA	0.582	NA	45	18.435
184	8	9	17.242	20.898	0	2	0	2.15	0.102	NA	0.145	NA	-18.435	-63.435
185	8	10	16.511	21.081	0	2	9	2.903	0.692	NA	0.754	NA	165.964	-175.601
186	8	11	16.419	20.853	0	2	0	3.15	0.789	NA	0.246	NA	-111.801	82.235
187	8	12	16.556	20.761	0	2	0	3.314	0.679	NA	0.165	NA	-33.69	78.111
188	8	13	16.602	20.715	0	2	27	3.379	0.654	NA	0.065	NA	-45	-11.31
189	8	14	16.282	20.578	0	2	9	3.727	1.002	NA	0.348	NA	-156.801	-111.801
190	8	15	16.282	20.898	0	2	18	4.047	0.919	NA	0.32	NA	90	-113.199
191	8	16	16.648	21.218	0	2	0	4.533	0.594	NA	0.486	NA	41.186	-48.814
192	8	17	16.465	20.99	0	2	46	4.825	0.731	NA	0.293	NA	-128.66	-169.846
193	8	18	16.282	20.898	0	2	0	5.03	0.919	NA	0.204	NA	-153.435	-24.775
194	8	19	16.739	20.944	0	2	18	5.489	0.459	NA	0.459	NA	5.711	159.146
195	8	20	16.785	20.67	0	2	27	5.767	0.521	NA	0.278	NA	-80.538	-86.248
196	8	21	16.922	20.67	0	2	18	5.904	0.421	NA	0.137	NA	0	80.538
197	8	22	17.425	20.35	0	2	9	6.5	0.679	NA	0.596	NA	-32.471	-32.471
198	8	23	17.653	20.304	0	2	27	6.733	0.824	NA	0.233	NA	-11.31	21.161
199	8	24	17.379	20.213	0	2	18	7.022	0.798	NA	0.289	NA	-161.565	-150.255
200	8	25	17.562	20.487	0	2	9	7.352	0.622	NA	0.33	NA	56.31	-142.125
201	8	26	17.151	20.213	0	2	18	7.846	0.778	NA	0.494	NA	-146.31	157.38
202	8	27	16.831	20.624	0	2	27	8.367	0.517	NA	0.521	NA	127.875	-85.815
203	8	28	17.151	20.761	0	2	18	8.715	0.233	NA	0.348	NA	23.199	-104.676
204	8	29	16.876	21.035	0	2	27	9.103	0.323	NA	0.388	NA	135	111.801
205	8	30	16.556	21.035	0	2	0	9.423	0.641	NA	0.32	NA	180	45
206	9	1	22.772	13.906	0	2	74	0	0	NA	NA	NA	NA	NA
207	9	2	23.503	13.723	0	2	46	0.754	0.754	NA	0.754	NA	-14.036	NA
208	9	3	23.823	13.631	0	2	18	1.087	1.086	NA	0.333	NA	-15.945	-1.909
209	9	4	22.452	14.225	0	2	27	2.581	0.452	NA	1.494	NA	156.571	172.517
210	9	5	21.995	14.363	0	2	18	3.058	0.901	NA	0.477	NA	163.301	6.729
211	9	6	21.218	14.865	0	2	27	3.983	1.826	NA	0.925	NA	147.095	-16.206
212	9	7	21.31	14.454	0	2	55	4.405	1.562	NA	0.421	NA	-77.471	135.434
213	9	8	21.63	14.408	0	2	55	4.728	1.248	NA	0.323	NA	-8.13	69.341
214	9	9	21.31	14.317	0	2	46	5.061	1.519	NA	0.333	NA	-164.055	-155.925
215	9	10	21.31	14.317	0	2	46	5.061	1.519	NA	0	NA	0	164.055
216	9	11	21.401	14.408	0	2	46	5.19	1.46	NA	0.129	NA	45	45
217	9	12	21.355	14.408	0	2	46	5.236	1.503	NA	0.046	NA	180	135
218	9	13	21.264	14.5	0	2	55	5.365	1.621	NA	0.129	NA	135	-45
219	9	14	21.264	14.682	0	2	9	5.548	1.697	NA	0.183	NA	90	-45
220	9	15	21.812	14.5	0	2	18	6.126	1.129	NA	0.578	NA	-18.435	-108.435
221	9	16	21.218	14.637	0	2	46	6.736	1.717	NA	0.61	NA	167.005	-174.56
222	9	17	21.492	14.637	0	2	18	7.01	1.474	NA	0.274	NA	0	-167.005
223	9	18	21.492	14.637	0	2	9	7.01	1.474	NA	0	NA	0	0
224	9	19	21.492	14.637	0	2	9	7.01	1.474	NA	0	NA	0	0
225	9	20	21.401	14.82	0	2	9	7.214	1.648	NA	0.204	NA	116.565	116.565
226	9	21	21.492	14.865	0	2	0	7.316	1.6	NA	0.102	NA	26.565	-90
227	9	22	21.538	14.728	0	2	18	7.461	1.483	NA	0.145	NA	-71.565	-98.13
228	9	23	21.584	14.728	0	2	37	7.507	1.445	NA	0.046	NA	0	71.565
229	9	24	21.767	14.728	0	2	18	7.69	1.299	NA	0.183	NA	0	0
230	9	25	21.904	14.774	0	2	0	7.834	1.228	NA	0.145	NA	18.435	18.435
231	9	26	21.675	14.682	0	2	74	8.08	1.344	NA	0.246	NA	-158.199	-176.634
232	9	27	21.675	14.545	0	2	18	8.217	1.27	NA	0.137	NA	-90	68.199
233	9	28	22.041	14.408	0	2	9	8.608	0.887	NA	0.39	NA	-20.556	69.444
234	9	29	22.726	14.225	0	2	27	9.317	0.323	NA	0.71	NA	-14.931	5.625
235	9	30	23.915	13.54	0	2	27	10.689	1.2	NA	1.372	NA	-29.982	-15.05
236	9	31	24.326	13.311	0	2	46	11.16	1.664	NA	0.471	NA	-29.055	0.927
237	9	32	24.372	13.311	0	2	27	11.205	1.706	NA	0.046	NA	0	29.055
238	9	33	24.372	13.311	0	2	0	11.205	1.706	NA	0	NA	0	0
239	9	34	24.006	13.129	0	2	37	11.614	1.458	NA	0.409	NA	-153.435	-153.435
240	9	35	23.138	13.631	0	2	18	12.618	0.457	NA	1.003	NA	149.931	-56.634
241	9	36	22.726	13.677	0	2	37	13.032	0.233	NA	0.414	NA	173.66	23.728
242	9	37	22.635	13.677	0	2	37	13.123	0.266	NA	0.091	NA	180	6.34
243	9	38	22.452	13.677	0	2	18	13.306	0.393	NA	0.183	NA	180	0
244	9	39	22.772	13.677	0	2	18	13.626	0.229	NA	0.32	NA	0	-180
245	9	40	22.772	13.677	0	2	18	13.626	0.229	NA	0	NA	0	0
246	9	41	23.092	13.814	0	2	27	13.974	0.333	NA	0.348	NA	23.199	23.199
247	9	42	23.869	13.768	0	2	27	14.752	1.105	NA	0.778	NA	-3.366	-26.565
248	9	43	24.829	12.626	0	2	27	16.244	2.422	NA	1.492	NA	-49.97	-46.603
249	10	1	24.6	13.494	0	2	27	0	0	NA	NA	NA	NA	NA
250	10	2	24.052	13.311	0	2	18	0.578	0.578	NA	0.578	NA	-161.565	NA
251	10	3	24.098	13.357	0	2	46	0.643	0.521	NA	0.065	NA	45	-153.435
252	10	4	24.417	13.083	0	2	37	1.064	0.45	NA	0.421	NA	-40.601	-85.601
253	10	5	24.875	13.083	0	2	18	1.521	0.494	NA	0.457	NA	0	40.601
254	10	6	24.875	13.083	0	2	9	1.521	0.494	NA	0	NA	0	0
255	10	7	24.783	13.037	0	2	37	1.623	0.492	NA	0.102	NA	-153.435	-153.435
256	10	8	24.737	12.991	0	2	9	1.688	0.521	NA	0.065	NA	-135	18.435
257	10	9	24.692	13.357	0	2	46	2.056	0.165	NA	0.368	NA	97.125	-127.875
258	11	1	26.383	11.62	0	2	46	0	0	NA	NA	NA	NA	NA
259	11	2	26.017	11.986	0	2	9	0.517	0.517	NA	0.517	NA	135	NA
260	11	3	25.926	12.489	0	2	9	1.028	0.981	NA	0.511	NA	100.305	-34.695
261	11	4	24.28	12.9	0	2	74	2.724	2.461	NA	1.696	NA	165.964	65.659
262	11	5	24.6	12.854	0	2	55	3.047	2.168	NA	0.323	NA	-8.13	-174.094
263	11	6	24.6	12.854	0	2	37	3.047	2.168	NA	0	NA	0	8.13
264	11	7	25.24	12.534	0	2	18	3.763	1.463	NA	0.715	NA	-26.565	-26.565
265	11	8	25.56	11.94	0	2	55	4.437	0.883	NA	0.675	NA	-61.699	-35.134
266	11	9	25.56	11.94	0	2	37	4.437	0.883	NA	0	NA	0	61.699
267	11	10	25.697	11.94	0	2	46	4.575	0.757	NA	0.137	NA	0	0
268	11	11	25.926	11.803	0	2	9	4.841	0.492	NA	0.266	NA	-30.964	-30.964
269	11	12	25.926	11.575	0	2	0	5.07	0.459	NA	0.229	NA	-90	-59.036
270	11	13	25.469	11.575	0	2	27	5.527	0.915	NA	0.457	NA	180	-90
271	11	14	25.652	11.712	0	2	27	5.755	0.737	NA	0.229	NA	36.87	-143.13
272	11	15	26.063	11.437	0	2	18	6.25	0.368	NA	0.494	NA	-33.69	-70.56
273	11	16	26.109	11.666	0	2	18	6.483	0.278	NA	0.233	NA	78.69	112.38
274	11	17	25.697	11.757	0	2	27	6.904	0.699	NA	0.421	NA	167.471	88.781
275	11	18	25.88	11.62	0	2	0	7.132	0.503	NA	0.229	NA	-36.87	155.659
276	11	19	26.246	11.483	0	2	0	7.523	0.194	NA	0.39	NA	-20.556	16.314
277	11	20	25.834	11.712	0	2	9	7.993	0.556	NA	0.471	NA	150.945	171.501
278	11	21	25.88	11.757	0	2	27	8.058	0.521	NA	0.065	NA	45	-105.945
279	11	22	25.469	12.534	0	2	9	8.937	1.293	NA	0.879	NA	117.897	72.897
280	11	23	24.966	13.037	0	2	9	9.648	2.004	NA	0.711	NA	135	17.103
281	11	24	24.6	13.448	0	2	18	10.199	2.553	NA	0.55	NA	131.634	-3.366
282	12	1	23.092	10.752	0	2	65	0	0	NA	NA	NA	NA	NA
283	12	2	24.326	10.341	0	2	65	1.301	1.301	NA	1.301	NA	-18.435	NA
284	12	3	25.057	10.341	0	2	93	2.032	2.008	NA	0.731	NA	0	18.435
285	12	4	25.88	10.249	0	2	9	2.86	2.833	NA	0.828	NA	-6.34	-6.34
286	12	5	26.109	10.249	0	2	27	3.088	3.058	NA	0.229	NA	0	6.34
287	12	6	26.2	9.975	0	2	9	3.377	3.204	NA	0.289	NA	-71.565	-71.565
288	13	1	25.286	14.363	0	2	46	0	0	NA	NA	NA	NA	NA
289	13	2	25.743	14.545	0	2	18	0.492	0.492	NA	0.492	NA	21.801	NA
290	13	3	25.514	14.5	0	2	46	0.725	0.266	NA	0.233	NA	-168.69	169.509
291	13	4	25.652	14.225	0	2	74	1.032	0.39	NA	0.307	NA	-63.435	105.255
292	13	5	25.514	14.225	0	2	83	1.169	0.266	NA	0.137	NA	180	-116.565
293	13	6	25.652	14.408	0	2	74	1.398	0.368	NA	0.229	NA	53.13	-126.87
294	13	7	25.789	14.682	0	2	93	1.704	0.596	NA	0.307	NA	63.435	10.305
295	13	8	25.834	14.774	0	2	55	1.806	0.686	NA	0.102	NA	63.435	0
296	13	9	25.971	14.454	0	2	37	2.154	0.692	NA	0.348	NA	-66.801	-130.236
297	13	10	25.926	14.317	0	2	74	2.299	0.641	NA	0.145	NA	-108.435	-41.634
298	13	11	25.606	14.408	0	2	74	2.632	0.323	NA	0.333	NA	164.055	-87.51
299	13	12	26.383	14.5	0	2	37	3.414	1.105	NA	0.782	NA	6.71	-157.345
300	13	13	25.743	14.682	0	2	27	4.079	0.558	NA	0.665	NA	164.055	157.345
301	13	14	25.926	14.774	0	2	18	4.284	0.761	NA	0.204	NA	26.565	-137.49
302	13	15	25.697	14.865	0	2	18	4.53	0.65	NA	0.246	NA	158.199	131.634
303	13	16	25.834	14.865	0	2	46	4.667	0.744	NA	0.137	NA	0	-158.199
304	13	17	25.332	15.414	0	2	102	5.411	1.052	NA	0.744	NA	132.51	132.51
305	13	18	25.377	15.597	0	2	65	5.6	1.237	NA	0.188	NA	75.964	-56.547
306	14	1	17.059	11.3	0	2	37	0	0	NA	NA	NA	NA	NA
307	14	2	17.745	11.163	0	2	37	0.699	0.699	NA	0.699	NA	-11.31	NA
308	14	3	18.339	10.889	0	2	27	1.354	1.344	NA	0.654	NA	-24.775	-13.465
309	14	4	19.07	10.889	0	2	27	2.085	2.053	NA	0.731	NA	0	24.775
310	14	5	20.67	10.706	0	2	37	3.695	3.659	NA	1.61	NA	-6.52	-6.52
311	14	6	20.35	10.615	0	2	27	4.028	3.361	NA	0.333	NA	-164.055	-157.535
312	14	7	19.847	10.889	0	2	18	4.6	2.818	NA	0.573	NA	151.39	-44.556
