Nr	TID	PID	x [micron]	y [micron]	t [sec]	c [idx]	I [val]	Len [micron]	D2S [micron]	D2R [micron]	D2P [micron]	v [micron/sec]	? [deg]	?? [deg]
1	1	1	13.774	32.801	0	2	251	0	0	NA	NA	NA	NA	NA
2	1	2	13.774	32.801	0	2	139	0	0	NA	0	NA	0	NA
3	1	3	13.836	32.801	0	2	233	0.062	0.062	NA	0.062	NA	0	0
4	1	4	13.34	32.801	0	2	158	0.558	0.434	NA	0.496	NA	180	180
5	1	5	13.34	32.801	0	2	177	0.558	0.434	NA	0	NA	0	-180
6	1	6	13.402	32.924	0	2	167	0.696	0.392	NA	0.139	NA	63.435	63.435
7	1	7	13.464	32.986	0	2	177	0.784	0.361	NA	0.088	NA	45	-18.435
8	1	8	13.464	32.986	0	2	149	0.784	0.361	NA	0	NA	0	-45
9	1	9	13.526	33.048	0	2	158	0.872	0.351	NA	0.088	NA	45	45
10	1	10	13.712	33.048	0	2	195	1.058	0.256	NA	0.186	NA	0	-45
11	1	11	13.712	33.048	0	2	121	1.058	0.256	NA	0	NA	0	0
12	1	12	13.278	33.048	0	2	130	1.491	0.554	NA	0.434	NA	180	180
13	1	13	13.588	33.172	0	2	149	1.825	0.416	NA	0.334	NA	21.801	-158.199
14	1	14	13.278	33.234	0	2	139	2.141	0.659	NA	0.316	NA	168.69	146.889
15	1	15	13.216	33.11	0	2	158	2.28	0.638	NA	0.139	NA	-116.565	74.745
16	1	16	13.278	33.11	0	2	121	2.342	0.585	NA	0.062	NA	0	116.565
17	1	17	13.34	33.172	0	2	121	2.429	0.571	NA	0.088	NA	45	45
18	1	18	13.34	33.296	0	2	65	2.553	0.659	NA	0.124	NA	90	45
19	1	19	13.34	33.296	0	2	83	2.553	0.659	NA	0	NA	0	-90
20	1	20	13.34	33.296	0	2	65	2.553	0.659	NA	0	NA	0	0
21	1	21	13.278	33.296	0	2	139	2.615	0.701	NA	0.062	NA	180	180
22	1	22	13.154	33.296	0	2	74	2.739	0.794	NA	0.124	NA	180	0
23	1	23	12.906	33.296	0	2	55	2.987	0.999	NA	0.248	NA	180	0
24	1	24	13.03	33.42	0	2	83	3.162	0.968	NA	0.175	NA	45	-135
25	1	25	13.092	33.544	0	2	65	3.301	1.009	NA	0.139	NA	63.435	18.435
26	1	26	13.216	33.668	0	2	18	3.476	1.031	NA	0.175	NA	45	-18.435
27	1	27	13.278	33.358	0	2	111	3.792	0.746	NA	0.316	NA	-78.69	-123.69
28	1	28	12.844	33.048	0	2	93	4.325	0.962	NA	0.533	NA	-144.462	-65.772
29	1	29	12.844	33.048	0	2	65	4.325	0.962	NA	0	NA	0	144.462
30	1	30	12.844	33.048	0	2	83	4.325	0.962	NA	0	NA	0	0
31	1	31	13.092	33.048	0	2	139	4.573	0.725	NA	0.248	NA	0	0
32	1	32	13.34	33.048	0	2	93	4.821	0.5	NA	0.248	NA	0	0
33	1	33	13.402	33.358	0	2	74	5.137	0.67	NA	0.316	NA	78.69	78.69
34	1	34	13.526	33.42	0	2	55	5.276	0.667	NA	0.139	NA	26.565	-52.125
35	1	35	13.65	33.42	0	2	74	5.4	0.632	NA	0.124	NA	0	-26.565
36	1	36	13.526	33.42	0	2	65	5.524	0.667	NA	0.124	NA	180	180
37	1	37	13.402	33.42	0	2	55	5.648	0.723	NA	0.124	NA	180	0
38	1	38	13.526	33.11	0	2	37	5.981	0.397	NA	0.334	NA	-68.199	111.801
39	1	39	13.526	33.11	0	2	37	5.981	0.397	NA	0	NA	0	68.199
40	1	40	13.526	33.11	0	2	46	5.981	0.397	NA	0	NA	0	0
41	1	41	13.278	33.11	0	2	55	6.229	0.585	NA	0.248	NA	180	180
42	1	42	12.906	32.986	0	2	27	6.621	0.887	NA	0.392	NA	-161.565	18.435
43	1	43	12.597	33.296	0	2	37	7.06	1.278	NA	0.438	NA	135	-63.435
44	1	44	12.597	33.544	0	2	37	7.307	1.393	NA	0.248	NA	90	-45
45	1	45	13.03	33.482	0	2	55	7.746	1.009	NA	0.438	NA	-8.13	-98.13
46	1	46	13.154	33.172	0	2	83	8.079	0.723	NA	0.334	NA	-68.199	-60.068
47	1	47	13.154	33.172	0	2	46	8.079	0.723	NA	0	NA	0	68.199
48	1	48	13.154	33.11	0	2	37	8.141	0.693	NA	0.062	NA	-90	-90
49	1	49	13.154	32.986	0	2	46	8.265	0.647	NA	0.124	NA	-90	0
50	1	50	13.278	32.924	0	2	37	8.404	0.511	NA	0.139	NA	-26.565	63.435
51	2	1	23.504	29.888	0	2	111	0	0	NA	NA	NA	NA	NA
52	2	2	23.504	29.888	0	2	37	0	0	NA	0	NA	0	NA
53	2	3	23.504	29.888	0	2	74	0	0	NA	0	NA	0	0
54	2	4	23.194	29.888	0	2	65	0.31	0.31	NA	0.31	NA	180	180
55	2	5	23.008	29.888	0	2	37	0.496	0.496	NA	0.186	NA	180	0
56	2	6	22.884	30.136	0	2	65	0.773	0.667	NA	0.277	NA	116.565	-63.435
57	2	7	22.946	30.321	0	2	46	0.969	0.707	NA	0.196	NA	71.565	-45
58	2	8	23.008	30.383	0	2	46	1.057	0.701	NA	0.088	NA	45	-26.565
59	2	9	22.946	30.445	0	2	55	1.144	0.789	NA	0.088	NA	135	90
60	2	10	22.76	30.383	0	2	83	1.34	0.894	NA	0.196	NA	-161.565	63.435
61	2	11	22.76	30.321	0	2	65	1.402	0.861	NA	0.062	NA	-90	71.565
62	2	12	23.194	29.95	0	2	83	1.974	0.316	NA	0.571	NA	-40.601	49.399
63	2	13	22.76	29.95	0	2	93	2.407	0.746	NA	0.434	NA	180	-139.399
64	2	14	22.699	29.95	0	2	55	2.469	0.808	NA	0.062	NA	180	0
65	2	15	22.699	29.95	0	2	74	2.469	0.808	NA	0	NA	0	-180
66	2	16	23.194	29.888	0	2	46	2.969	0.31	NA	0.5	NA	-7.125	-7.125
67	2	17	23.194	29.826	0	2	93	3.031	0.316	NA	0.062	NA	-90	-82.875
68	2	18	23.318	29.64	0	2	111	3.254	0.31	NA	0.223	NA	-56.31	33.69
69	2	19	23.318	29.578	0	2	55	3.316	0.361	NA	0.062	NA	-90	-33.69
70	2	20	23.876	29.578	0	2	93	3.874	0.484	NA	0.558	NA	0	90
71	2	21	24.682	29.02	0	2	27	4.854	1.463	NA	0.98	NA	-34.695	-34.695
72	2	22	24.62	28.958	0	2	46	4.942	1.452	NA	0.088	NA	-135	-100.305
73	2	23	24.434	28.896	0	2	46	5.138	1.359	NA	0.196	NA	-161.565	-26.565
74	2	24	24	29.02	0	2	74	5.589	0.999	NA	0.451	NA	164.055	-34.38
75	2	25	23.938	29.144	0	2	65	5.728	0.861	NA	0.139	NA	116.565	-47.49
76	2	26	24.124	29.206	0	2	27	5.924	0.921	NA	0.196	NA	18.435	-98.13
77	2	27	23.938	29.144	0	2	55	6.12	0.861	NA	0.196	NA	-161.565	-180
78	2	28	23.938	29.144	0	2	46	6.12	0.861	NA	0	NA	0	161.565
79	2	29	24.558	29.02	0	2	27	6.752	1.365	NA	0.632	NA	-11.31	-11.31
80	2	30	24.682	28.772	0	2	46	7.029	1.622	NA	0.277	NA	-63.435	-52.125
81	2	31	24.372	28.834	0	2	37	7.345	1.365	NA	0.316	NA	168.69	-127.875
82	2	32	24.372	28.958	0	2	37	7.469	1.272	NA	0.124	NA	90	-78.69
83	2	33	23.566	29.144	0	2	55	8.296	0.746	NA	0.827	NA	167.005	77.005
84	2	34	23.566	29.268	0	2	93	8.419	0.623	NA	0.124	NA	90	-77.005
85	2	35	23.566	29.33	0	2	37	8.481	0.561	NA	0.062	NA	90	0
86	2	36	23.938	28.958	0	2	46	9.007	1.026	NA	0.526	NA	-45	-135
87	2	37	23.814	28.896	0	2	74	9.146	1.039	NA	0.139	NA	-153.435	-108.435
88	2	38	23.938	28.896	0	2	37	9.27	1.082	NA	0.124	NA	0	153.435
89	2	39	24.682	28.524	0	2	46	10.101	1.802	NA	0.831	NA	-26.565	-26.565
90	2	40	24.868	28.4	0	2	27	10.325	2.018	NA	0.223	NA	-33.69	-7.125
91	2	41	24.744	28.4	0	2	37	10.449	1.936	NA	0.124	NA	180	-146.31
92	2	42	24.806	28.71	0	2	46	10.765	1.755	NA	0.316	NA	78.69	-101.31
93	2	43	24.31	29.206	0	2	9	11.466	1.055	NA	0.701	NA	135	56.31
94	2	44	24	29.206	0	2	37	11.776	0.843	NA	0.31	NA	180	45
95	2	45	24	29.206	0	2	37	11.776	0.843	NA	0	NA	0	-180
96	2	46	24.434	28.958	0	2	37	12.275	1.315	NA	0.5	NA	-29.745	-29.745
97	2	47	24.372	28.958	0	2	27	12.337	1.272	NA	0.062	NA	180	-150.255
98	2	48	24.434	28.834	0	2	18	12.476	1.405	NA	0.139	NA	-63.435	116.565
99	2	49	24.868	28.648	0	2	74	12.948	1.843	NA	0.472	NA	-23.199	40.236
100	2	50	24.868	28.648	0	2	46	12.948	1.843	NA	0	NA	0	23.199
101	3	1	9.25	28.834	0	2	74	0	0	NA	NA	NA	NA	NA
102	3	2	9.25	28.834	0	2	74	0	0	NA	0	NA	0	NA
103	3	3	9.188	28.834	0	2	65	0.062	0.062	NA	0.062	NA	180	180
104	3	4	9.188	28.834	0	2	55	0.062	0.062	NA	0	NA	0	-180
105	3	5	9.126	28.834	0	2	46	0.124	0.124	NA	0.062	NA	180	180
106	3	6	9.064	28.896	0	2	93	0.212	0.196	NA	0.088	NA	135	-45
107	3	7	9.002	28.896	0	2	93	0.274	0.256	NA	0.062	NA	180	45
108	3	8	9.126	28.896	0	2	46	0.398	0.139	NA	0.124	NA	0	-180
109	3	9	9.126	28.896	0	2	27	0.398	0.139	NA	0	NA	0	0
110	3	10	9.064	29.144	0	2	37	0.653	0.361	NA	0.256	NA	104.036	104.036
111	3	11	9.064	29.144	0	2	37	0.653	0.361	NA	0	NA	0	-104.036
112	3	12	9.002	29.144	0	2	46	0.715	0.397	NA	0.062	NA	180	180
113	3	13	9.002	29.144	0	2	37	0.715	0.397	NA	0	NA	0	-180
114	3	14	8.878	29.144	0	2	83	0.839	0.484	NA	0.124	NA	180	180
115	3	15	8.816	29.082	0	2	55	0.927	0.5	NA	0.088	NA	-135	45
116	3	16	8.816	29.02	0	2	37	0.989	0.472	NA	0.062	NA	-90	45
117	3	17	8.816	29.02	0	2	83	0.989	0.472	NA	0	NA	0	90
118	3	18	9.002	29.082	0	2	27	1.185	0.351	NA	0.196	NA	18.435	18.435
119	3	19	9.002	29.268	0	2	27	1.371	0.5	NA	0.186	NA	90	71.565
120	3	20	9.002	29.268	0	2	55	1.371	0.5	NA	0	NA	0	-90
121	3	21	9.312	29.144	0	2	9	1.704	0.316	NA	0.334	NA	-21.801	-21.801
122	3	22	9.312	29.144	0	2	9	1.704	0.316	NA	0	NA	0	21.801
123	3	23	9.312	29.144	0	2	9	1.704	0.316	NA	0	NA	0	0
124	3	24	9.188	28.462	0	2	18	2.397	0.377	NA	0.693	NA	-100.305	-100.305
125	3	25	9.188	28.462	0	2	0	2.397	0.377	NA	0	NA	0	100.305
126	3	26	9.498	28.462	0	2	27	2.707	0.447	NA	0.31	NA	0	0
127	3	27	9.374	28.586	0	2	27	2.882	0.277	NA	0.175	NA	135	135
128	3	28	9.374	28.71	0	2	37	3.006	0.175	NA	0.124	NA	90	-45
129	3	29	9.374	28.772	0	2	9	3.068	0.139	NA	0.062	NA	90	0
130	3	30	9.002	28.772	0	2	37	3.44	0.256	NA	0.372	NA	180	90
131	3	31	9.126	28.772	0	2	27	3.564	0.139	NA	0.124	NA	0	-180
132	3	32	9.126	28.772	0	2	27	3.564	0.139	NA	0	NA	0	0
133	3	33	8.878	28.958	0	2	9	3.874	0.392	NA	0.31	NA	143.13	143.13
134	3	34	8.94	28.958	0	2	0	3.936	0.334	NA	0.062	NA	0	-143.13
135	3	35	9.064	28.834	0	2	65	4.111	0.186	NA	0.175	NA	-45	-45
136	3	36	9.064	28.772	0	2	27	4.173	0.196	NA	0.062	NA	-90	-45
137	3	37	9.56	28.462	0	2	9	4.758	0.484	NA	0.585	NA	-32.005	57.995
138	3	38	9.56	28.462	0	2	9	4.758	0.484	NA	0	NA	0	32.005
139	3	39	9.312	28.586	0	2	18	5.035	0.256	NA	0.277	NA	153.435	153.435
140	3	40	9.312	28.586	0	2	9	5.035	0.256	NA	0	NA	0	-153.435
141	3	41	9.312	28.524	0	2	18	5.097	0.316	NA	0.062	NA	-90	-90
142	3	42	9.746	28.648	0	2	37	5.548	0.53	NA	0.451	NA	15.945	105.945
143	3	43	9.25	28.338	0	2	46	6.133	0.496	NA	0.585	NA	-147.995	-163.94
144	3	44	9.374	28.276	0	2	18	6.271	0.571	NA	0.139	NA	-26.565	121.43
145	3	45	9.932	28.586	0	2	37	6.91	0.725	NA	0.638	NA	29.055	55.62
146	3	46	9.622	28.586	0	2	9	7.219	0.447	NA	0.31	NA	180	150.945
147	3	47	9.87	28.648	0	2	55	7.475	0.647	NA	0.256	NA	14.036	-165.964
148	3	48	9.87	28.586	0	2	37	7.537	0.667	NA	0.062	NA	-90	-104.036
149	3	49	9.622	28.586	0	2	9	7.785	0.447	NA	0.248	NA	180	-90
150	3	50	9.622	28.648	0	2	18	7.847	0.416	NA	0.062	NA	90	-90
151	4	1	14.332	33.916	0	2	83	0	0	NA	NA	NA	NA	NA
152	4	2	14.89	33.978	0	2	27	0.561	0.561	NA	0.561	NA	6.34	NA
153	4	3	14.394	33.978	0	2	37	1.057	0.088	NA	0.496	NA	180	173.66
154	4	4	14.642	33.978	0	2	18	1.305	0.316	NA	0.248	NA	0	-180
155	4	5	14.642	33.978	0	2	0	1.305	0.316	NA	0	NA	0	0
156	4	6	14.828	34.102	0	2	0	1.528	0.53	NA	0.223	NA	33.69	33.69
157	4	7	14.828	34.102	0	2	0	1.528	0.53	NA	0	NA	0	-33.69
158	4	8	14.952	33.792	0	2	37	1.862	0.632	NA	0.334	NA	-68.199	-68.199
159	4	9	15.014	33.792	0	2	18	1.924	0.693	NA	0.062	NA	0	68.199
160	4	10	15.199	33.916	0	2	18	2.148	0.868	NA	0.223	NA	33.69	33.69
161	4	11	15.076	34.102	0	2	0	2.371	0.767	NA	0.223	NA	123.69	90
162	4	12	15.076	34.102	0	2	37	2.371	0.767	NA	0	NA	0	-123.69
163	4	13	14.89	34.536	0	2	9	2.843	0.834	NA	0.472	NA	113.199	113.199
164	4	14	14.766	34.66	0	2	9	3.018	0.861	NA	0.175	NA	135	21.801
165	4	15	14.518	34.412	0	2	37	3.369	0.53	NA	0.351	NA	-135	90
166	4	16	15.076	34.412	0	2	9	3.927	0.894	NA	0.558	NA	0	135
167	4	17	14.766	34.66	0	2	27	4.323	0.861	NA	0.397	NA	141.34	141.34
168	4	18	14.518	34.846	0	2	0	4.633	0.948	NA	0.31	NA	143.13	1.79
169	4	19	15.014	34.846	0	2	0	5.129	1.153	NA	0.496	NA	0	-143.13
170	5	1	12.287	31.003	0	2	37	0	0	NA	NA	NA	NA	NA
171	5	2	12.658	30.941	0	2	18	0.377	0.377	NA	0.377	NA	-9.462	NA
172	5	3	12.163	30.941	0	2	37	0.873	0.139	NA	0.496	NA	180	-170.538
173	5	4	12.349	30.817	0	2	27	1.096	0.196	NA	0.223	NA	-33.69	146.31
174	5	5	11.915	31.003	0	2	27	1.568	0.372	NA	0.472	NA	156.801	-169.509
175	5	6	11.915	31.065	0	2	27	1.63	0.377	NA	0.062	NA	90	-66.801
176	5	7	11.853	31.127	0	2	27	1.718	0.451	NA	0.088	NA	135	45
177	5	8	11.977	31.251	0	2	0	1.893	0.397	NA	0.175	NA	45	-90
178	5	9	12.535	31.685	0	2	9	2.6	0.725	NA	0.707	NA	37.875	-7.125
179	5	10	12.101	31.933	0	2	9	3.099	0.948	NA	0.5	NA	150.255	112.38
180	5	11	10.551	31.313	0	2	9	4.768	1.763	NA	1.669	NA	-158.199	51.546
181	5	12	10.613	31.561	0	2	27	5.024	1.764	NA	0.256	NA	75.964	-125.838
182	5	13	10.241	31.623	0	2	18	5.401	2.137	NA	0.377	NA	170.538	94.574
183	5	14	10.056	31.189	0	2	55	5.873	2.239	NA	0.472	NA	-113.199	76.264
184	5	15	9.436	31.313	0	2	9	6.505	2.868	NA	0.632	NA	168.69	-78.111
185	5	16	9.808	31.189	0	2	27	6.897	2.486	NA	0.392	NA	-18.435	172.875
186	5	17	10.117	31.189	0	2	0	7.207	2.177	NA	0.31	NA	0	18.435
187	5	18	9.436	31.189	0	2	9	7.888	2.857	NA	0.682	NA	180	180
188	5	19	9.56	31.189	0	2	9	8.012	2.733	NA	0.124	NA	0	-180
189	5	20	9.622	31.127	0	2	9	8.1	2.668	NA	0.088	NA	-45	-45
190	5	21	9.498	30.693	0	2	9	8.551	2.806	NA	0.451	NA	-105.945	-60.945
191	5	22	9.188	30.941	0	2	18	8.948	3.099	NA	0.397	NA	141.34	-112.714
192	5	23	9.064	30.445	0	2	9	9.459	3.271	NA	0.511	NA	-104.036	114.624
193	5	24	8.63	30.445	0	2	0	9.893	3.699	NA	0.434	NA	180	-75.964
194	6	1	10.489	29.454	0	2	37	0	0	NA	NA	NA	NA	NA
195	6	2	10.489	29.454	0	2	37	0	0	NA	0	NA	0	NA
196	6	3	10.737	29.454	0	2	37	0.248	0.248	NA	0.248	NA	0	0
197	6	4	10.737	29.454	0	2	65	0.248	0.248	NA	0	NA	0	0
198	6	5	10.737	29.454	0	2	18	0.248	0.248	NA	0	NA	0	0
199	6	6	10.737	29.702	0	2	9	0.496	0.351	NA	0.248	NA	90	90
200	6	7	10.799	29.764	0	2	9	0.583	0.438	NA	0.088	NA	45	-45
201	6	8	10.613	29.764	0	2	27	0.769	0.334	NA	0.186	NA	180	135
202	6	9	10.613	29.764	0	2	37	0.769	0.334	NA	0	NA	0	-180
203	6	10	10.613	29.764	0	2	18	0.769	0.334	NA	0	NA	0	0
204	6	11	10.613	29.764	0	2	83	0.769	0.334	NA	0	NA	0	0
205	6	12	10.303	29.764	0	2	18	1.079	0.361	NA	0.31	NA	180	180
206	6	13	10.489	29.888	0	2	9	1.303	0.434	NA	0.223	NA	33.69	-146.31
207	6	14	10.427	30.074	0	2	27	1.499	0.623	NA	0.196	NA	108.435	74.745
208	6	15	10.737	29.826	0	2	18	1.896	0.447	NA	0.397	NA	-38.66	-147.095
209	6	16	10.799	30.074	0	2	9	2.151	0.693	NA	0.256	NA	75.964	114.624
210	6	17	11.171	30.321	0	2	18	2.598	1.103	NA	0.447	NA	33.69	-42.274
211	6	18	11.233	30.507	0	2	9	2.794	1.29	NA	0.196	NA	71.565	37.875
212	6	19	11.481	30.198	0	2	18	3.191	1.24	NA	0.397	NA	-51.34	-122.905
213	6	20	11.667	29.888	0	2	0	3.552	1.255	NA	0.361	NA	-59.036	-7.696
214	6	21	11.977	30.012	0	2	9	3.886	1.589	NA	0.334	NA	21.801	80.838
215	6	22	11.357	30.012	0	2	0	4.506	1.031	NA	0.62	NA	180	158.199
216	6	23	11.357	30.012	0	2	0	4.506	1.031	NA	0	NA	0	-180
217	6	24	10.737	30.074	0	2	27	5.129	0.667	NA	0.623	NA	174.289	174.289
218	6	25	10.737	29.888	0	2	27	5.314	0.5	NA	0.186	NA	-90	95.711
219	6	26	10.737	29.888	0	2	27	5.314	0.5	NA	0	NA	0	90
220	6	27	10.675	29.888	0	2	0	5.376	0.472	NA	0.062	NA	180	180
221	6	28	11.543	30.321	0	2	65	6.346	1.365	NA	0.97	NA	26.565	-153.435
222	6	29	11.605	30.445	0	2	9	6.485	1.493	NA	0.139	NA	63.435	36.87
223	6	30	11.543	30.445	0	2	0	6.547	1.447	NA	0.062	NA	180	116.565
224	6	31	11.419	30.507	0	2	9	6.686	1.405	NA	0.139	NA	153.435	-26.565
225	6	32	11.915	30.321	0	2	46	7.215	1.669	NA	0.53	NA	-20.556	-173.991
226	6	33	12.349	30.631	0	2	18	7.748	2.201	NA	0.533	NA	35.538	56.094
227	6	34	12.287	30.321	0	2	27	8.064	1.996	NA	0.316	NA	-101.31	-136.848
228	6	35	12.72	30.136	0	2	9	8.536	2.333	NA	0.472	NA	-23.199	78.111
229	6	36	12.782	30.26	0	2	0	8.675	2.431	NA	0.139	NA	63.435	86.634
230	6	37	12.968	30.383	0	2	0	8.898	2.648	NA	0.223	NA	33.69	-29.745
231	7	1	10.861	30.507	0	2	9	0	0	NA	NA	NA	NA	NA
232	7	2	11.171	30.755	0	2	18	0.397	0.397	NA	0.397	NA	38.66	NA
233	7	3	10.737	30.569	0	2	37	0.869	0.139	NA	0.472	NA	-156.801	164.539
234	7	4	10.861	30.631	0	2	0	1.007	0.124	NA	0.139	NA	26.565	-176.634
235	7	5	11.047	31.499	0	2	18	1.895	1.009	NA	0.887	NA	77.905	51.34
236	7	6	11.233	31.747	0	2	37	2.205	1.294	NA	0.31	NA	53.13	-24.775
237	7	7	11.109	32.119	0	2	9	2.597	1.63	NA	0.392	NA	108.435	55.305
238	7	8	10.613	31.747	0	2	37	3.216	1.264	NA	0.62	NA	-143.13	108.435
239	7	9	10.923	31.747	0	2	18	3.526	1.241	NA	0.31	NA	0	143.13
240	7	10	11.109	32.119	0	2	0	3.942	1.63	NA	0.416	NA	63.435	63.435
241	7	11	11.109	32.057	0	2	18	4.004	1.569	NA	0.062	NA	-90	-153.435
242	7	12	11.171	31.871	0	2	46	4.2	1.398	NA	0.196	NA	-71.565	18.435
243	7	13	11.667	32.739	0	2	9	5.199	2.372	NA	0.999	NA	60.255	131.82
244	7	14	12.225	33.978	0	2	27	6.558	3.729	NA	1.359	NA	65.772	5.517
245	7	15	12.287	34.288	0	2	18	6.875	4.04	NA	0.316	NA	78.69	12.918
246	7	16	11.977	34.164	0	2	37	7.208	3.823	NA	0.334	NA	-158.199	123.111
247	7	17	11.605	34.226	0	2	9	7.585	3.792	NA	0.377	NA	170.538	-31.264
248	7	18	11.729	34.226	0	2	9	7.709	3.818	NA	0.124	NA	0	-170.538
249	7	19	12.473	34.226	0	2	9	8.453	4.053	NA	0.744	NA	0	0
250	8	1	10.427	32.862	0	2	18	0	0	NA	NA	NA	NA	NA
251	8	2	10.427	32.862	0	2	9	0	0	NA	0	NA	0	NA
252	8	3	10.427	32.862	0	2	9	0	0	NA	0	NA	0	0
253	8	4	10.427	32.862	0	2	0	0	0	NA	0	NA	0	0
254	8	5	9.932	32.553	0	2	18	0.585	0.585	NA	0.585	NA	-147.995	-147.995
255	8	6	10.303	32.615	0	2	0	0.962	0.277	NA	0.377	NA	9.462	157.457
256	8	7	10.056	32.677	0	2	37	1.217	0.416	NA	0.256	NA	165.964	156.501
257	8	8	10.056	32.615	0	2	9	1.279	0.447	NA	0.062	NA	-90	104.036
258	8	9	9.994	32.677	0	2	9	1.367	0.472	NA	0.088	NA	135	-135
259	8	10	9.622	32.801	0	2	9	1.759	0.808	NA	0.392	NA	161.565	26.565
260	8	11	10.303	32.739	0	2	9	2.443	0.175	NA	0.685	NA	-5.194	-166.759
261	8	12	10.365	32.739	0	2	9	2.505	0.139	NA	0.062	NA	0	5.194
262	8	13	9.87	32.986	0	2	9	3.06	0.571	NA	0.554	NA	153.435	153.435
263	8	14	10.179	32.986	0	2	0	3.369	0.277	NA	0.31	NA	0	-153.435
264	8	15	10.056	33.11	0	2	0	3.545	0.447	NA	0.175	NA	135	135
265	8	16	9.994	33.11	0	2	0	3.607	0.5	NA	0.062	NA	180	45
266	8	17	9.684	33.048	0	2	9	3.923	0.767	NA	0.316	NA	-168.69	11.31
267	9	1	16.439	33.73	0	2	27	0	0	NA	NA	NA	NA	NA
268	9	2	16.935	33.234	0	2	46	0.701	0.701	NA	0.701	NA	-45	NA
269	9	3	16.935	33.482	0	2	0	0.949	0.554	NA	0.248	NA	90	135
270	9	4	16.687	33.544	0	2	0	1.205	0.31	NA	0.256	NA	165.964	75.964
271	9	5	16.253	33.606	0	2	27	1.643	0.223	NA	0.438	NA	171.87	5.906
272	9	6	16.253	33.668	0	2	18	1.705	0.196	NA	0.062	NA	90	-81.87
273	9	7	16.253	33.42	0	2	9	1.953	0.361	NA	0.248	NA	-90	-180
274	9	8	16.563	33.482	0	2	37	2.269	0.277	NA	0.316	NA	11.31	101.31
275	9	9	16.563	33.544	0	2	0	2.331	0.223	NA	0.062	NA	90	78.69
276	9	10	16.873	33.854	0	2	9	2.769	0.451	NA	0.438	NA	45	-45
277	9	11	16.935	33.854	0	2	0	2.831	0.511	NA	0.062	NA	0	-45
278	9	12	17.183	33.606	0	2	9	3.181	0.754	NA	0.351	NA	-45	-45
279	9	13	17.183	33.606	0	2	9	3.181	0.754	NA	0	NA	0	45
280	9	14	17.121	33.854	0	2	9	3.437	0.693	NA	0.256	NA	104.036	104.036
281	10	1	17.369	31.127	0	2	18	0	0	NA	NA	NA	NA	NA
282	10	2	16.997	31.251	0	2	55	0.392	0.392	NA	0.392	NA	161.565	NA
283	10	3	16.625	31.499	0	2	0	0.839	0.831	NA	0.447	NA	146.31	-15.255
284	10	4	15.757	31.809	0	2	18	1.76	1.75	NA	0.921	NA	160.346	14.036
285	10	5	15.138	32.243	0	2	37	2.517	2.494	NA	0.757	NA	145.008	-15.338
286	10	6	14.642	32.491	0	2	27	3.071	3.049	NA	0.554	NA	153.435	8.427
287	10	7	15.695	32.491	0	2	18	4.125	2.158	NA	1.054	NA	0	-153.435
288	10	8	16.067	32.243	0	2	27	4.572	1.714	NA	0.447	NA	-33.69	-33.69
289	10	9	16.067	32.181	0	2	55	4.634	1.674	NA	0.062	NA	-90	-56.31
290	10	10	16.067	32.119	0	2	37	4.695	1.636	NA	0.062	NA	-90	0
291	10	11	16.191	32.119	0	2	27	4.819	1.539	NA	0.124	NA	0	90
292	10	12	16.191	32.305	0	2	27	5.005	1.665	NA	0.186	NA	90	90
293	10	13	15.943	31.809	0	2	37	5.56	1.58	NA	0.554	NA	-116.565	153.435
294	10	14	16.191	31.933	0	2	46	5.837	1.427	NA	0.277	NA	26.565	143.13
295	10	15	16.191	31.933	0	2	18	5.837	1.427	NA	0	NA	0	-26.565
296	10	16	16.501	31.623	0	2	18	6.275	0.999	NA	0.438	NA	-45	-45
297	10	17	16.501	32.119	0	2	55	6.771	1.318	NA	0.496	NA	90	135
298	10	18	16.439	31.809	0	2	46	7.087	1.153	NA	0.316	NA	-101.31	168.69
299	10	19	16.439	31.809	0	2	9	7.087	1.153	NA	0	NA	0	101.31
300	10	20	16.315	31.933	0	2	74	7.262	1.326	NA	0.175	NA	135	135
301	10	21	16.749	31.623	0	2	9	7.795	0.794	NA	0.533	NA	-35.538	-170.538
302	10	22	17.183	31.685	0	2	0	8.234	0.588	NA	0.438	NA	8.13	43.668
303	10	23	16.935	31.995	0	2	9	8.63	0.97	NA	0.397	NA	128.66	120.53
304	10	24	16.749	31.933	0	2	18	8.826	1.016	NA	0.196	NA	-161.565	69.775
305	10	25	16.749	31.933	0	2	46	8.826	1.016	NA	0	NA	0	161.565
306	10	26	16.439	31.995	0	2	18	9.142	1.272	NA	0.316	NA	168.69	168.69
307	10	27	16.439	31.995	0	2	37	9.142	1.272	NA	0	NA	0	-168.69
308	10	28	16.439	31.995	0	2	27	9.142	1.272	NA	0	NA	0	0
309	10	29	16.625	32.057	0	2	74	9.338	1.191	NA	0.196	NA	18.435	18.435
310	10	30	16.563	32.057	0	2	37	9.4	1.23	NA	0.062	NA	180	161.565
311	10	31	16.873	32.181	0	2	18	9.734	1.164	NA	0.334	NA	21.801	-158.199
312	10	32	16.563	32.181	0	2	18	10.044	1.326	NA	0.31	NA	180	158.199
313	10	33	17.245	31.933	0	2	18	10.769	0.815	NA	0.725	NA	-19.983	160.017
314	10	34	16.687	31.747	0	2	0	11.357	0.921	NA	0.588	NA	-161.565	-141.582
315	10	35	16.811	31.747	0	2	18	11.481	0.834	NA	0.124	NA	0	161.565
316	10	36	16.811	31.747	0	2	27	11.481	0.834	NA	0	NA	0	0
317	11	1	20.467	32.801	0	2	9	0	0	NA	NA	NA	NA	NA
318	11	2	20.777	32.924	0	2	9	0.334	0.334	NA	0.334	NA	21.801	NA
319	11	3	20.963	32.924	0	2	27	0.52	0.511	NA	0.186	NA	0	-21.801
320	11	4	21.211	32.924	0	2	9	0.768	0.754	NA	0.248	NA	0	0
321	11	5	21.211	32.924	0	2	0	0.768	0.754	NA	0	NA	0	0
322	12	1	17.369	33.172	0	2	27	0	0	NA	NA	NA	NA	NA
323	12	2	17.864	33.172	0	2	37	0.496	0.496	NA	0.496	NA	0	NA
324	12	3	19.042	33.11	0	2	18	1.675	1.674	NA	1.179	NA	-3.013	-3.013
325	12	4	19.352	33.234	0	2	9	2.009	1.984	NA	0.334	NA	21.801	24.814
326	12	5	19.786	32.986	0	2	18	2.508	2.424	NA	0.5	NA	-29.745	-51.546
327	12	6	19.972	32.924	0	2	9	2.704	2.615	NA	0.196	NA	-18.435	11.31
328	12	7	20.405	33.048	0	2	9	3.156	3.039	NA	0.451	NA	15.945	34.38
329	12	8	20.281	33.11	0	2	0	3.294	2.914	NA	0.139	NA	153.435	137.49
330	12	9	21.769	32.801	0	2	9	4.813	4.416	NA	1.519	NA	-11.768	-165.203
331	12	10	21.707	32.553	0	2	0	5.069	4.382	NA	0.256	NA	-104.036	-92.268
332	12	11	21.707	32.862	0	2	9	5.379	4.349	NA	0.31	NA	90	-165.964
333	12	12	22.389	33.048	0	2	0	6.086	5.022	NA	0.707	NA	15.255	-74.745
334	12	13	22.884	33.048	0	2	27	6.581	5.517	NA	0.496	NA	0	-15.255
335	12	14	22.327	33.048	0	2	27	7.139	4.96	NA	0.558	NA	180	180
336	12	15	22.637	33.048	0	2	18	7.449	5.269	NA	0.31	NA	0	-180
337	12	16	23.132	32.862	0	2	9	7.978	5.772	NA	0.53	NA	-20.556	-20.556
338	12	17	22.513	33.172	0	2	0	8.671	5.144	NA	0.693	NA	153.435	173.991
339	13	1	26.479	29.888	0	2	46	0	0	NA	NA	NA	NA	NA
340	13	2	26.479	29.888	0	2	46	0	0	NA	0	NA	0	NA
341	13	3	26.417	30.012	0	2	130	0.139	0.139	NA	0.139	NA	116.565	116.565
342	13	4	26.355	30.074	0	2	55	0.226	0.223	NA	0.088	NA	135	18.435
343	13	5	26.355	30.136	0	2	83	0.288	0.277	NA	0.062	NA	90	-45
344	13	6	26.727	30.198	0	2	9	0.665	0.397	NA	0.377	NA	9.462	-80.538
345	13	7	26.479	30.198	0	2	18	0.913	0.31	NA	0.248	NA	180	170.538
346	13	8	26.417	30.26	0	2	9	1.001	0.377	NA	0.088	NA	135	-45
347	13	9	26.417	30.26	0	2	0	1.001	0.377	NA	0	NA	0	-135
348	13	10	26.789	29.764	0	2	37	1.62	0.334	NA	0.62	NA	-53.13	-53.13
349	13	11	26.293	29.826	0	2	9	2.12	0.196	NA	0.5	NA	172.875	-133.995
350	13	12	26.665	29.95	0	2	27	2.512	0.196	NA	0.392	NA	18.435	-154.44
351	13	13	26.665	29.95	0	2	27	2.512	0.196	NA	0	NA	0	-18.435
352	13	14	26.665	29.95	0	2	37	2.512	0.196	NA	0	NA	0	0
353	13	15	26.665	29.95	0	2	46	2.512	0.196	NA	0	NA	0	0
354	13	16	26.665	29.95	0	2	37	2.512	0.196	NA	0	NA	0	0
355	13	17	25.178	30.074	0	2	0	4.005	1.315	NA	1.493	NA	175.236	175.236
356	13	18	24.31	30.507	0	2	9	4.975	2.256	NA	0.97	NA	153.435	-21.801
357	14	1	14.828	27.842	0	2	18	0	0	NA	NA	NA	NA	NA
358	14	2	14.952	27.842	0	2	18	0.124	0.124	NA	0.124	NA	0	NA
359	14	3	15.323	27.842	0	2	18	0.496	0.496	NA	0.372	NA	0	0
360	14	4	15.757	27.842	0	2	18	0.93	0.93	NA	0.434	NA	0	0
361	14	5	15.571	27.78	0	2	27	1.126	0.746	NA	0.196	NA	-161.565	-161.565
362	14	6	15.881	27.78	0	2	0	1.435	1.055	NA	0.31	NA	0	161.565
363	14	7	14.456	28.4	0	2	0	2.99	0.67	NA	1.554	NA	156.501	156.501
364	14	8	13.402	28.4	0	2	0	4.043	1.531	NA	1.054	NA	180	23.499
365	15	1	20.963	33.978	0	2	0	0	0	NA	NA	NA	NA	NA
366	15	2	21.087	34.04	0	2	18	0.139	0.139	NA	0.139	NA	26.565	NA
367	15	3	20.839	33.978	0	2	9	0.394	0.124	NA	0.256	NA	-165.964	167.471
368	15	4	20.715	33.978	0	2	9	0.518	0.248	NA	0.124	NA	180	-14.036
369	15	5	21.025	33.978	0	2	0	0.828	0.062	NA	0.31	NA	0	-180
370	15	6	21.273	34.04	0	2	0	1.083	0.316	NA	0.256	NA	14.036	14.036
371	15	7	21.831	33.358	0	2	0	1.964	1.066	NA	0.881	NA	-50.711	-64.747
372	15	8	22.079	33.172	0	2	0	2.274	1.376	NA	0.31	NA	-36.87	13.841
373	15	9	22.079	33.482	0	2	0	2.584	1.221	NA	0.31	NA	90	126.87
374	15	10	22.141	33.358	0	2	0	2.723	1.331	NA	0.139	NA	-63.435	-153.435
375	15	11	22.513	33.172	0	2	9	3.138	1.746	NA	0.416	NA	-26.565	36.87
376	15	12	23.132	33.172	0	2	0	3.758	2.314	NA	0.62	NA	0	26.565
377	15	13	24.186	32.057	0	2	0	5.293	3.752	NA	1.534	NA	-46.637	-46.637
378	15	14	24.744	31.933	0	2	0	5.864	4.298	NA	0.571	NA	-12.529	34.108
379	15	15	25.178	31.623	0	2	9	6.397	4.828	NA	0.533	NA	-35.538	-23.009
380	15	16	26.665	30.941	0	2	0	8.033	6.46	NA	1.636	NA	-24.624	10.914
381	15	17	26.355	30.755	0	2	9	8.395	6.282	NA	0.361	NA	-149.036	-124.413
382	15	18	25.859	31.003	0	2	0	8.949	5.729	NA	0.554	NA	153.435	-57.529
383	16	1	28.958	28.772	0	2	18	0	0	NA	NA	NA	NA	NA
384	16	2	29.02	28.834	0	2	0	0.088	0.088	NA	0.088	NA	45	NA
385	16	3	28.896	28.896	0	2	74	0.226	0.139	NA	0.139	NA	153.435	108.435
386	16	4	28.462	28.71	0	2	27	0.698	0.5	NA	0.472	NA	-156.801	49.764
387	16	5	28.772	28.71	0	2	74	1.008	0.196	NA	0.31	NA	0	156.801
388	16	6	28.834	28.772	0	2	27	1.096	0.124	NA	0.088	NA	45	45
389	16	7	28.896	28.834	0	2	9	1.183	0.088	NA	0.088	NA	45	0
390	16	8	28.71	28.896	0	2	9	1.379	0.277	NA	0.196	NA	161.565	116.565
391	16	9	28.71	28.896	0	2	27	1.379	0.277	NA	0	NA	0	-161.565
392	16	10	28.772	28.896	0	2	0	1.441	0.223	NA	0.062	NA	0	0
393	16	11	28.772	28.896	0	2	9	1.441	0.223	NA	0	NA	0	0
394	16	12	28.586	28.772	0	2	18	1.665	0.372	NA	0.223	NA	-146.31	-146.31
395	16	13	28.772	28.772	0	2	0	1.851	0.186	NA	0.186	NA	0	146.31
396	16	14	28.462	28.834	0	2	9	2.167	0.5	NA	0.316	NA	168.69	168.69
397	16	15	28.71	28.71	0	2	18	2.444	0.256	NA	0.277	NA	-26.565	164.745
398	16	16	28.586	28.71	0	2	9	2.568	0.377	NA	0.124	NA	180	-153.435
399	16	17	29.33	28.772	0	2	9	3.314	0.372	NA	0.746	NA	4.764	-175.236
400	16	18	28.834	28.71	0	2	27	3.814	0.139	NA	0.5	NA	-172.875	-177.639
401	16	19	29.02	29.082	0	2	37	4.23	0.316	NA	0.416	NA	63.435	-123.69
402	16	20	29.082	28.958	0	2	0	4.368	0.223	NA	0.139	NA	-63.435	-126.87
403	16	21	28.524	29.02	0	2	27	4.929	0.5	NA	0.561	NA	173.66	-122.905
404	16	22	28.834	29.206	0	2	27	5.291	0.451	NA	0.361	NA	30.964	-142.696
405	16	23	28.71	29.206	0	2	18	5.415	0.5	NA	0.124	NA	180	149.036
406	16	24	28.71	29.206	0	2	37	5.415	0.5	NA	0	NA	0	-180
407	16	25	28.71	29.206	0	2	27	5.415	0.5	NA	0	NA	0	0
408	16	26	28.834	29.268	0	2	27	5.553	0.511	NA	0.139	NA	26.565	26.565
409	16	27	28.834	29.268	0	2	9	5.553	0.511	NA	0	NA	0	-26.565
410	16	28	28.834	29.268	0	2	9	5.553	0.511	NA	0	NA	0	0
411	16	29	29.64	28.834	0	2	0	6.468	0.685	NA	0.915	NA	-28.301	-28.301
412	16	30	28.772	28.338	0	2	0	7.468	0.472	NA	0.999	NA	-150.255	-121.954
413	16	31	28.586	28.462	0	2	18	7.691	0.484	NA	0.223	NA	146.31	-63.435
414	16	32	29.02	28.152	0	2	18	8.224	0.623	NA	0.533	NA	-35.538	178.152
415	16	33	28.896	28.524	0	2	37	8.616	0.256	NA	0.392	NA	108.435	143.973
416	16	34	28.71	28.524	0	2	9	8.802	0.351	NA	0.186	NA	180	71.565
417	16	35	29.144	28.71	0	2	0	9.274	0.196	NA	0.472	NA	23.199	-156.801
418	17	1	26.293	27.223	0	2	27	0	0	NA	NA	NA	NA	NA
419	17	2	25.549	27.533	0	2	9	0.806	0.806	NA	0.806	NA	157.38	NA
420	17	3	25.611	27.347	0	2	18	1.002	0.693	NA	0.196	NA	-71.565	131.055
421	17	4	26.107	27.347	0	2	55	1.497	0.223	NA	0.496	NA	0	71.565
422	17	5	24.992	27.347	0	2	0	2.613	1.307	NA	1.116	NA	180	180
423	17	6	25.425	27.471	0	2	9	3.064	0.902	NA	0.451	NA	15.945	-164.055
424	17	7	24.682	27.471	0	2	65	3.808	1.63	NA	0.744	NA	180	164.055
425	17	8	25.054	27.471	0	2	0	4.18	1.264	NA	0.372	NA	0	-180
426	17	9	24.806	27.223	0	2	0	4.53	1.487	NA	0.351	NA	-135	-135
427	17	10	25.178	27.223	0	2	9	4.902	1.116	NA	0.372	NA	0	135
428	17	11	25.178	27.285	0	2	27	4.964	1.117	NA	0.062	NA	90	90
429	17	12	25.178	27.285	0	2	9	4.964	1.117	NA	0	NA	0	-90
430	17	13	25.178	27.285	0	2	0	4.964	1.117	NA	0	NA	0	0
431	17	14	25.425	27.285	0	2	27	5.212	0.87	NA	0.248	NA	0	0
432	17	15	25.487	27.347	0	2	18	5.3	0.815	NA	0.088	NA	45	45
433	17	16	25.611	27.409	0	2	9	5.438	0.707	NA	0.139	NA	26.565	-18.435
434	17	17	25.301	27.347	0	2	46	5.754	0.999	NA	0.316	NA	-168.69	164.745
435	17	18	25.797	27.409	0	2	9	6.254	0.53	NA	0.5	NA	7.125	175.815
436	17	19	25.983	27.409	0	2	0	6.44	0.361	NA	0.186	NA	0	-7.125
437	17	20	25.301	26.913	0	2	27	7.283	1.039	NA	0.843	NA	-143.973	-143.973
438	17	21	25.673	26.913	0	2	9	7.655	0.693	NA	0.372	NA	0	143.973
439	17	22	25.611	27.037	0	2	18	7.793	0.707	NA	0.139	NA	116.565	116.565
440	17	23	25.921	27.161	0	2	9	8.127	0.377	NA	0.334	NA	21.801	-94.764
441	17	24	25.921	27.161	0	2	18	8.127	0.377	NA	0	NA	0	-21.801
442	17	25	26.169	27.099	0	2	9	8.383	0.175	NA	0.256	NA	-14.036	-14.036
443	17	26	25.983	27.099	0	2	9	8.569	0.334	NA	0.186	NA	180	-165.964
444	17	27	26.107	27.223	0	2	9	8.744	0.186	NA	0.175	NA	45	-135
445	17	28	25.797	27.409	0	2	9	9.105	0.53	NA	0.361	NA	149.036	104.036
446	17	29	26.045	27.533	0	2	0	9.382	0.397	NA	0.277	NA	26.565	-122.471
447	17	30	25.859	27.471	0	2	0	9.578	0.5	NA	0.196	NA	-161.565	171.87
448	17	31	26.045	27.471	0	2	9	9.764	0.351	NA	0.186	NA	0	161.565
449	17	32	25.921	27.533	0	2	9	9.903	0.484	NA	0.139	NA	153.435	153.435
450	17	33	25.921	27.533	0	2	0	9.903	0.484	NA	0	NA	0	-153.435
451	17	34	25.673	27.471	0	2	18	10.158	0.667	NA	0.256	NA	-165.964	-165.964
452	17	35	26.045	27.471	0	2	9	10.53	0.351	NA	0.372	NA	0	165.964
453	17	36	26.045	27.409	0	2	18	10.592	0.31	NA	0.062	NA	-90	-90
454	17	37	25.921	27.347	0	2	9	10.731	0.392	NA	0.139	NA	-153.435	-63.435
455	17	38	26.045	27.347	0	2	9	10.855	0.277	NA	0.124	NA	0	153.435
456	17	39	26.107	27.719	0	2	0	11.232	0.53	NA	0.377	NA	80.538	80.538
457	17	40	25.983	27.719	0	2	9	11.356	0.585	NA	0.124	NA	180	99.462
458	17	41	26.293	27.719	0	2	0	11.666	0.496	NA	0.31	NA	0	-180
459	17	42	26.355	27.904	0	2	18	11.862	0.685	NA	0.196	NA	71.565	71.565
460	17	43	26.851	27.966	0	2	18	12.361	0.93	NA	0.5	NA	7.125	-64.44
461	17	44	26.355	27.966	0	2	0	12.857	0.746	NA	0.496	NA	180	172.875
462	17	45	26.107	27.966	0	2	0	13.105	0.767	NA	0.248	NA	180	0
463	17	46	26.293	27.966	0	2	0	13.291	0.744	NA	0.186	NA	0	-180
464	17	47	26.293	27.966	0	2	0	13.291	0.744	NA	0	NA	0	0
465	18	1	34.598	24.868	0	2	46	0	0	NA	NA	NA	NA	NA
466	18	2	33.978	24.868	0	2	27	0.62	0.62	NA	0.62	NA	180	NA
467	18	3	34.226	24.93	0	2	27	0.875	0.377	NA	0.256	NA	14.036	-165.964
468	18	4	34.35	24.868	0	2	37	1.014	0.248	NA	0.139	NA	-26.565	-40.601
469	18	5	34.474	24.806	0	2	9	1.152	0.139	NA	0.139	NA	-26.565	0
470	18	6	34.474	24.806	0	2	9	1.152	0.139	NA	0	NA	0	26.565
471	18	7	34.722	24.496	0	2	27	1.549	0.392	NA	0.397	NA	-51.34	-51.34
472	18	8	34.908	24.372	0	2	9	1.773	0.585	NA	0.223	NA	-33.69	17.65
473	18	9	35.094	24.31	0	2	27	1.969	0.746	NA	0.196	NA	-18.435	15.255
474	18	10	35.094	24.124	0	2	18	2.155	0.894	NA	0.186	NA	-90	-71.565
475	18	11	34.598	24	0	2	18	2.666	0.868	NA	0.511	NA	-165.964	-75.964
476	18	12	34.598	24.372	0	2	37	3.038	0.496	NA	0.372	NA	90	-104.036
477	18	13	34.846	24.434	0	2	0	3.293	0.5	NA	0.256	NA	14.036	-75.964
478	18	14	34.846	24	0	2	0	3.727	0.902	NA	0.434	NA	-90	-104.036
479	18	15	34.97	23.752	0	2	0	4.004	1.176	NA	0.277	NA	-63.435	26.565
480	19	1	30.569	22.327	0	2	9	0	0	NA	NA	NA	NA	NA
481	19	2	30.012	22.389	0	2	65	0.561	0.561	NA	0.561	NA	173.66	NA
482	19	3	29.268	22.637	0	2	74	1.345	1.338	NA	0.784	NA	161.565	-12.095
483	19	4	29.392	22.699	0	2	37	1.484	1.235	NA	0.139	NA	26.565	-135
484	19	5	28.834	22.946	0	2	18	2.094	1.843	NA	0.61	NA	156.038	129.472
485	19	6	28.586	23.194	0	2	9	2.445	2.165	NA	0.351	NA	135	-21.038
486	19	7	28.834	23.132	0	2	0	2.7	1.913	NA	0.256	NA	-14.036	-149.036
487	19	8	29.206	23.07	0	2	0	3.077	1.553	NA	0.377	NA	-9.462	4.574
488	19	9	29.516	23.008	0	2	9	3.393	1.255	NA	0.316	NA	-11.31	-1.848
489	19	10	29.95	22.699	0	2	9	3.926	0.723	NA	0.533	NA	-35.538	-24.228
490	19	11	30.012	22.637	0	2	27	4.014	0.638	NA	0.088	NA	-45	-9.462
491	19	12	30.136	22.575	0	2	9	4.153	0.5	NA	0.139	NA	-26.565	18.435
492	19	13	30.941	22.513	0	2	0	4.961	0.416	NA	0.808	NA	-4.399	22.166
493	19	14	30.817	22.079	0	2	9	5.412	0.351	NA	0.451	NA	-105.945	-101.547
494	19	15	30.693	22.017	0	2	0	5.55	0.334	NA	0.139	NA	-153.435	-47.49
495	19	16	31.065	21.893	0	2	55	5.942	0.659	NA	0.392	NA	-18.435	135
496	20	1	27.161	25.983	0	2	9	0	0	NA	NA	NA	NA	NA
497	20	2	27.285	26.107	0	2	0	0.175	0.175	NA	0.175	NA	45	NA
498	20	3	27.161	26.355	0	2	0	0.452	0.372	NA	0.277	NA	116.565	71.565
499	20	4	27.099	26.169	0	2	18	0.648	0.196	NA	0.196	NA	-108.435	135
500	20	5	27.471	26.169	0	2	0	1.02	0.361	NA	0.372	NA	0	108.435
501	20	6	26.913	26.169	0	2	9	1.578	0.31	NA	0.558	NA	180	180
502	20	7	26.603	26.045	0	2	27	1.912	0.561	NA	0.334	NA	-158.199	21.801
503	20	8	26.479	25.983	0	2	18	2.05	0.682	NA	0.139	NA	-153.435	4.764
504	20	9	26.231	25.983	0	2	18	2.298	0.93	NA	0.248	NA	180	-26.565
505	20	10	26.665	25.983	0	2	0	2.732	0.496	NA	0.434	NA	0	-180
506	20	11	26.603	25.983	0	2	27	2.794	0.558	NA	0.062	NA	180	180
507	20	12	26.851	26.169	0	2	9	3.104	0.361	NA	0.31	NA	36.87	-143.13
508	20	13	26.789	26.231	0	2	0	3.192	0.447	NA	0.088	NA	135	98.13
509	20	14	26.975	26.169	0	2	0	3.388	0.263	NA	0.196	NA	-18.435	-153.435
510	20	15	26.603	26.293	0	2	0	3.78	0.638	NA	0.392	NA	161.565	-180
511	20	16	26.479	26.541	0	2	0	4.057	0.881	NA	0.277	NA	116.565	-45
512	20	17	26.851	26.231	0	2	0	4.541	0.397	NA	0.484	NA	-39.806	-156.371
513	21	1	32.615	19.724	0	2	37	0	0	NA	NA	NA	NA	NA
514	21	2	32.243	19.848	0	2	18	0.392	0.392	NA	0.392	NA	161.565	NA
515	21	3	32.615	19.848	0	2	9	0.764	0.124	NA	0.372	NA	0	-161.565
516	21	4	32.243	19.786	0	2	0	1.141	0.377	NA	0.377	NA	-170.538	-170.538
517	21	5	32.553	19.786	0	2	18	1.451	0.088	NA	0.31	NA	0	170.538
518	21	6	32.429	20.343	0	2	9	2.022	0.647	NA	0.571	NA	102.529	102.529
519	21	7	31.933	20.096	0	2	0	2.576	0.777	NA	0.554	NA	-153.435	104.036
520	21	8	32.305	20.158	0	2	18	2.953	0.533	NA	0.377	NA	9.462	162.897
521	21	9	32.862	19.848	0	2	0	3.591	0.277	NA	0.638	NA	-29.055	-38.517
522	21	10	32.429	19.786	0	2	18	4.03	0.196	NA	0.438	NA	-171.87	-142.815
523	22	1	14.89	35.156	0	2	0	0	0	NA	NA	NA	NA	NA
524	22	2	15.076	35.218	0	2	0	0.196	0.196	NA	0.196	NA	18.435	NA
525	22	3	14.952	34.598	0	2	9	0.828	0.561	NA	0.632	NA	-101.31	-119.745
526	22	4	15.385	35.032	0	2	18	1.442	0.511	NA	0.614	NA	45	146.31
527	22	5	15.447	35.032	0	2	9	1.504	0.571	NA	0.062	NA	0	-45
528	22	6	15.323	34.598	0	2	9	1.955	0.707	NA	0.451	NA	-105.945	-105.945
529	22	7	16.005	34.722	0	2	0	2.648	1.197	NA	0.693	NA	10.305	116.25
530	22	8	16.997	34.412	0	2	9	3.687	2.235	NA	1.039	NA	-17.354	-27.659
531	22	9	17.059	34.288	0	2	0	3.825	2.336	NA	0.139	NA	-63.435	-46.081
532	22	10	18.236	33.916	0	2	18	5.06	3.569	NA	1.235	NA	-17.526	45.909
533	22	11	19.166	33.73	0	2	0	6.008	4.508	NA	0.948	NA	-11.31	6.216
534	22	12	19.476	33.358	0	2	9	6.492	4.926	NA	0.484	NA	-50.194	-38.884
535	23	1	13.65	17.617	0	2	102	0	0	NA	NA	NA	NA	NA
536	23	2	13.526	17.617	0	2	149	0.124	0.124	NA	0.124	NA	180	NA
537	23	3	13.526	17.617	0	2	149	0.124	0.124	NA	0	NA	0	-180
538	23	4	13.34	17.678	0	2	158	0.32	0.316	NA	0.196	NA	161.565	161.565
539	23	5	13.464	17.617	0	2	130	0.459	0.186	NA	0.139	NA	-26.565	171.87
540	23	6	13.712	17.617	0	2	102	0.706	0.062	NA	0.248	NA	0	26.565
541	23	7	13.774	17.555	0	2	158	0.794	0.139	NA	0.088	NA	-45	-45
542	23	8	13.464	17.493	0	2	214	1.11	0.223	NA	0.316	NA	-168.69	-123.69
543	23	9	13.65	17.493	0	2	186	1.296	0.124	NA	0.186	NA	0	168.69
544	23	10	14.084	17.493	0	2	130	1.73	0.451	NA	0.434	NA	0	0
545	23	11	14.146	17.617	0	2	149	1.868	0.496	NA	0.139	NA	63.435	63.435
546	23	12	14.394	17.555	0	2	186	2.124	0.746	NA	0.256	NA	-14.036	-77.471
547	23	13	14.394	17.555	0	2	37	2.124	0.746	NA	0	NA	0	14.036
548	23	14	14.394	17.617	0	2	130	2.186	0.744	NA	0.062	NA	90	90
549	23	15	14.89	17.864	0	2	102	2.74	1.264	NA	0.554	NA	26.565	-63.435
550	23	16	14.89	17.864	0	2	55	2.74	1.264	NA	0	NA	0	-26.565
551	23	17	14.766	18.05	0	2	167	2.964	1.197	NA	0.223	NA	123.69	123.69
552	23	18	14.58	18.236	0	2	149	3.227	1.117	NA	0.263	NA	135	11.31
553	23	19	14.58	18.36	0	2	83	3.351	1.191	NA	0.124	NA	90	-45
554	23	20	15.014	18.422	0	2	111	3.789	1.584	NA	0.438	NA	8.13	-81.87
555	23	21	15.509	18.608	0	2	46	4.318	2.107	NA	0.53	NA	20.556	12.426
556	23	22	16.439	18.918	0	2	37	5.298	3.078	NA	0.98	NA	18.435	-2.121
557	23	23	16.873	19.29	0	2	149	5.87	3.631	NA	0.571	NA	40.601	22.166
558	23	24	17.307	19.538	0	2	55	6.369	4.131	NA	0.5	NA	29.745	-10.856
559	23	25	17.245	19.538	0	2	83	6.431	4.076	NA	0.062	NA	180	150.255
560	23	26	17.431	19.476	0	2	102	6.627	4.213	NA	0.196	NA	-18.435	161.565
561	23	27	17.617	19.724	0	2	27	6.937	4.491	NA	0.31	NA	53.13	71.565
562	23	28	18.422	19.972	0	2	46	7.78	5.322	NA	0.843	NA	17.103	-36.027
563	23	29	18.608	19.972	0	2	0	7.966	5.489	NA	0.186	NA	0	-17.103
564	23	30	19.042	20.034	0	2	9	8.404	5.909	NA	0.438	NA	8.13	8.13
565	24	1	29.578	13.092	0	2	93	0	0	NA	NA	NA	NA	NA
566	24	2	29.578	13.092	0	2	65	0	0	NA	0	NA	0	NA
567	24	3	29.64	13.154	0	2	74	0.088	0.088	NA	0.088	NA	45	45
568	24	4	29.95	13.154	0	2	46	0.398	0.377	NA	0.31	NA	0	-45
569	24	5	30.012	13.278	0	2	65	0.536	0.472	NA	0.139	NA	63.435	63.435
570	24	6	30.26	13.464	0	2	37	0.846	0.777	NA	0.31	NA	36.87	-26.565
571	24	7	30.26	13.464	0	2	93	0.846	0.777	NA	0	NA	0	-36.87
572	24	8	29.64	13.526	0	2	121	1.469	0.438	NA	0.623	NA	174.289	174.289
573	24	9	29.516	13.588	0	2	149	1.607	0.5	NA	0.139	NA	153.435	-20.854
574	24	10	29.764	13.65	0	2	93	1.863	0.588	NA	0.256	NA	14.036	-139.399
575	24	11	29.516	13.712	0	2	74	2.118	0.623	NA	0.256	NA	165.964	151.928
576	24	12	29.454	13.712	0	2	111	2.18	0.632	NA	0.062	NA	180	14.036
577	24	13	29.64	13.836	0	2	111	2.404	0.746	NA	0.223	NA	33.69	-146.31
578	24	14	29.33	13.898	0	2	83	2.72	0.843	NA	0.316	NA	168.69	135
579	24	15	28.958	13.588	0	2	83	3.204	0.794	NA	0.484	NA	-140.194	51.116
580	24	16	29.206	13.65	0	2	93	3.459	0.67	NA	0.256	NA	14.036	154.231
581	24	17	28.834	14.022	0	2	102	3.985	1.191	NA	0.526	NA	135	120.964
582	24	18	28.648	14.022	0	2	93	4.171	1.315	NA	0.186	NA	180	45
583	24	19	28.648	14.022	0	2	93	4.171	1.315	NA	0	NA	0	-180
584	24	20	28.586	14.022	0	2	27	4.233	1.359	NA	0.062	NA	180	180
585	24	21	28.648	13.836	0	2	111	4.429	1.191	NA	0.196	NA	-71.565	108.435
586	24	22	28.71	13.836	0	2	93	4.491	1.143	NA	0.062	NA	0	71.565
587	24	23	28.71	14.022	0	2	121	4.677	1.272	NA	0.186	NA	90	90
588	24	24	28.462	14.084	0	2	55	4.933	1.493	NA	0.256	NA	165.964	75.964
589	24	25	28.834	14.146	0	2	37	5.31	1.29	NA	0.377	NA	9.462	-156.501
590	24	26	29.02	14.146	0	2	55	5.496	1.192	NA	0.186	NA	0	-9.462
591	24	27	29.02	13.96	0	2	102	5.682	1.031	NA	0.186	NA	-90	-90
592	24	28	29.02	13.96	0	2	111	5.682	1.031	NA	0	NA	0	90
593	24	29	29.33	13.712	0	2	139	6.078	0.667	NA	0.397	NA	-38.66	-38.66
594	24	30	29.33	13.712	0	2	46	6.078	0.667	NA	0	NA	0	38.66
595	24	31	29.702	13.65	0	2	149	6.455	0.571	NA	0.377	NA	-9.462	-9.462
596	24	32	30.012	13.464	0	2	102	6.817	0.571	NA	0.361	NA	-30.964	-21.501
597	24	33	30.631	13.216	0	2	111	7.484	1.061	NA	0.667	NA	-21.801	9.162
598	24	34	30.879	12.968	0	2	27	7.835	1.307	NA	0.351	NA	-45	-23.199
599	24	35	31.561	12.782	0	2	46	8.541	2.007	NA	0.707	NA	-15.255	29.745
600	24	36	31.561	12.782	0	2	111	8.541	2.007	NA	0	NA	0	15.255
601	24	37	32.119	12.535	0	2	102	9.152	2.601	NA	0.61	NA	-23.962	-23.962
602	24	38	32.739	12.287	0	2	111	9.819	3.262	NA	0.667	NA	-21.801	2.161
603	24	39	32.739	12.287	0	2	83	9.819	3.262	NA	0	NA	0	21.801
604	24	40	32.429	12.225	0	2	139	10.135	2.98	NA	0.316	NA	-168.69	-168.69
605	24	41	32.677	12.225	0	2	121	10.383	3.218	NA	0.248	NA	0	168.69
606	24	42	33.358	11.915	0	2	83	11.132	3.96	NA	0.749	NA	-24.444	-24.444
607	24	43	33.916	11.481	0	2	83	11.839	4.628	NA	0.707	NA	-37.875	-13.431
608	24	44	34.846	10.923	0	2	83	12.923	5.697	NA	1.084	NA	-30.964	6.911
609	24	45	35.342	10.675	0	2	139	13.477	6.25	NA	0.554	NA	-26.565	4.399
610	24	46	36.147	10.489	0	2	46	14.304	7.066	NA	0.827	NA	-12.995	13.57
611	24	47	36.519	10.303	0	2	74	14.72	7.481	NA	0.416	NA	-26.565	-13.57
612	24	48	36.581	10.303	0	2	93	14.782	7.538	NA	0.062	NA	0	26.565
613	24	49	37.015	10.303	0	2	74	15.216	7.943	NA	0.434	NA	0	0
614	24	50	37.697	10.303	0	2	55	15.897	8.584	NA	0.682	NA	0	0
615	25	1	29.64	18.36	0	2	46	0	0	NA	NA	NA	NA	NA
616	25	2	29.702	18.36	0	2	0	0.062	0.062	NA	0.062	NA	0	NA
617	25	3	29.826	18.174	0	2	46	0.285	0.263	NA	0.223	NA	-56.31	-56.31
618	25	4	29.826	18.05	0	2	46	0.409	0.361	NA	0.124	NA	-90	-33.69
619	25	5	29.826	18.05	0	2	55	0.409	0.361	NA	0	NA	0	90
620	25	6	29.64	18.298	0	2	18	0.719	0.062	NA	0.31	NA	126.87	126.87
621	25	7	30.012	18.422	0	2	65	1.111	0.377	NA	0.392	NA	18.435	-108.435
622	25	8	29.95	18.236	0	2	37	1.307	0.334	NA	0.196	NA	-108.435	-126.87
623	25	9	30.136	18.236	0	2	27	1.493	0.511	NA	0.186	NA	0	108.435
624	25	10	29.95	18.236	0	2	18	1.679	0.334	NA	0.186	NA	180	180
625	25	11	30.136	18.236	0	2	74	1.865	0.511	NA	0.186	NA	0	-180
626	25	12	29.95	18.236	0	2	9	2.051	0.334	NA	0.186	NA	180	180
627	25	13	29.95	17.988	0	2	37	2.299	0.484	NA	0.248	NA	-90	90
628	25	14	29.392	18.422	0	2	18	3.005	0.256	NA	0.707	NA	142.125	-127.875
629	25	15	29.392	18.298	0	2	37	3.129	0.256	NA	0.124	NA	-90	127.875
630	25	16	29.392	18.174	0	2	65	3.253	0.31	NA	0.124	NA	-90	0
631	25	17	29.826	18.36	0	2	0	3.725	0.186	NA	0.472	NA	23.199	113.199
632	25	18	29.33	18.422	0	2	46	4.225	0.316	NA	0.5	NA	172.875	149.676
633	25	19	29.826	18.484	0	2	18	4.725	0.223	NA	0.5	NA	7.125	-165.75
634	25	20	29.764	18.484	0	2	18	4.787	0.175	NA	0.062	NA	180	172.875
635	25	21	29.826	18.36	0	2	18	4.925	0.186	NA	0.139	NA	-63.435	116.565
636	25	22	30.012	18.36	0	2	9	5.111	0.372	NA	0.186	NA	0	63.435
637	25	23	29.764	18.36	0	2	55	5.359	0.124	NA	0.248	NA	180	180
638	25	24	29.764	18.546	0	2	74	5.545	0.223	NA	0.186	NA	90	-90
639	25	25	29.764	18.608	0	2	27	5.607	0.277	NA	0.062	NA	90	0
640	25	26	29.702	18.608	0	2	18	5.669	0.256	NA	0.062	NA	180	90
641	25	27	29.64	18.794	0	2	27	5.865	0.434	NA	0.196	NA	108.435	-71.565
642	25	28	29.64	18.732	0	2	37	5.927	0.372	NA	0.062	NA	-90	161.565
643	25	29	29.516	18.732	0	2	9	6.051	0.392	NA	0.124	NA	180	-90
644	25	30	29.64	18.732	0	2	9	6.175	0.372	NA	0.124	NA	0	-180
645	25	31	29.64	18.856	0	2	9	6.299	0.496	NA	0.124	NA	90	90
646	26	1	26.231	17.121	0	2	46	0	0	NA	NA	NA	NA	NA
647	26	2	26.355	17.245	0	2	93	0.175	0.175	NA	0.175	NA	45	NA
648	26	3	26.603	17.369	0	2	18	0.452	0.447	NA	0.277	NA	26.565	-18.435
649	26	4	26.355	17.617	0	2	46	0.803	0.511	NA	0.351	NA	135	108.435
650	26	5	26.231	17.678	0	2	65	0.942	0.558	NA	0.139	NA	153.435	18.435
651	26	6	26.479	17.678	0	2	65	1.19	0.61	NA	0.248	NA	0	-153.435
652	26	7	26.479	17.678	0	2	37	1.19	0.61	NA	0	NA	0	0
653	26	8	27.099	17.617	0	2	9	1.812	0.999	NA	0.623	NA	-5.711	-5.711
654	26	9	26.541	17.617	0	2	37	2.37	0.585	NA	0.558	NA	180	-174.289
655	26	10	25.116	17.926	0	2	65	3.829	1.376	NA	1.459	NA	167.735	-12.265
656	26	11	22.203	18.98	0	2	0	6.926	4.437	NA	3.098	NA	160.115	-7.62
657	26	12	21.025	19.6	0	2	0	8.257	5.766	NA	1.331	NA	152.241	-7.873
658	26	13	20.405	19.724	0	2	0	8.889	6.381	NA	0.632	NA	168.69	16.449
659	26	14	19.414	19.724	0	2	0	9.881	7.297	NA	0.992	NA	180	11.31
660	26	15	18.98	19.724	0	2	18	10.315	7.704	NA	0.434	NA	180	0
661	26	16	18.236	19.724	0	2	18	11.058	8.408	NA	0.744	NA	180	0
662	26	17	17.369	19.166	0	2	18	12.09	9.095	NA	1.031	NA	-147.265	32.735
663	27	1	25.425	19.786	0	2	27	0	0	NA	NA	NA	NA	NA
664	27	2	25.983	19.786	0	2	0	0.558	0.558	NA	0.558	NA	0	NA
665	27	3	25.859	19.786	0	2	9	0.682	0.434	NA	0.124	NA	180	180
666	27	4	24.992	20.034	0	2	0	1.584	0.5	NA	0.902	NA	164.055	-15.945
667	27	5	25.549	19.848	0	2	18	2.172	0.139	NA	0.588	NA	-18.435	177.51
668	27	6	26.169	20.158	0	2	0	2.865	0.831	NA	0.693	NA	26.565	45
669	27	7	25.797	20.219	0	2	0	3.242	0.571	NA	0.377	NA	170.538	143.973
670	27	8	25.735	19.91	0	2	9	3.558	0.334	NA	0.316	NA	-101.31	88.152
671	27	9	26.169	20.034	0	2	18	4.009	0.784	NA	0.451	NA	15.945	117.255
672	27	10	26.355	19.91	0	2	27	4.233	0.938	NA	0.223	NA	-33.69	-49.635
673	27	11	25.611	19.91	0	2	9	4.976	0.223	NA	0.744	NA	180	-146.31
674	27	12	25.178	20.158	0	2	46	5.476	0.447	NA	0.5	NA	150.255	-29.745
675	27	13	25.24	20.405	0	2	0	5.732	0.647	NA	0.256	NA	75.964	-74.291
676	27	14	25.24	20.158	0	2	0	5.979	0.416	NA	0.248	NA	-90	-165.964
677	28	1	23.938	14.89	0	2	46	0	0	NA	NA	NA	NA	NA
678	28	2	25.054	15.199	0	2	9	1.158	1.158	NA	1.158	NA	15.524	NA
679	28	3	24.558	15.261	0	2	46	1.657	0.723	NA	0.5	NA	172.875	157.351
680	28	4	24.186	15.138	0	2	27	2.049	0.351	NA	0.392	NA	-161.565	25.56
681	28	5	24.93	15.138	0	2	0	2.793	1.022	NA	0.744	NA	0	161.565
682	28	6	26.169	14.456	0	2	18	4.208	2.273	NA	1.415	NA	-28.811	-28.811
683	28	7	26.045	14.456	0	2	46	4.332	2.151	NA	0.124	NA	180	-151.189
684	28	8	26.665	14.456	0	2	9	4.951	2.761	NA	0.62	NA	0	-180
685	28	9	26.541	14.208	0	2	18	5.229	2.691	NA	0.277	NA	-116.565	-116.565
686	28	10	26.479	14.084	0	2	46	5.367	2.666	NA	0.139	NA	-116.565	0
687	28	11	26.603	14.208	0	2	27	5.542	2.751	NA	0.175	NA	45	161.565
688	28	12	26.975	14.394	0	2	9	5.958	3.077	NA	0.416	NA	26.565	-18.435
689	28	13	27.037	14.394	0	2	18	6.02	3.138	NA	0.062	NA	0	-26.565
690	28	14	27.037	14.394	0	2	18	6.02	3.138	NA	0	NA	0	0
691	28	15	26.727	14.332	0	2	37	6.336	2.844	NA	0.316	NA	-168.69	-168.69
692	28	16	27.285	14.022	0	2	18	6.974	3.457	NA	0.638	NA	-29.055	139.635
693	28	17	27.347	14.146	0	2	55	7.113	3.489	NA	0.139	NA	63.435	92.49
694	29	1	37.511	10.923	0	2	102	0	0	NA	NA	NA	NA	NA
695	29	2	37.449	10.799	0	2	55	0.139	0.139	NA	0.139	NA	-116.565	NA
696	29	3	37.449	10.861	0	2	27	0.201	0.088	NA	0.062	NA	90	-153.435
697	29	4	37.449	10.985	0	2	46	0.325	0.088	NA	0.124	NA	90	0
698	29	5	37.759	10.985	0	2	18	0.634	0.256	NA	0.31	NA	0	-90
699	29	6	37.697	10.923	0	2	55	0.722	0.186	NA	0.088	NA	-135	-135
700	29	7	37.263	10.923	0	2	65	1.156	0.248	NA	0.434	NA	180	-45
701	29	8	36.147	11.791	0	2	27	2.569	1.616	NA	1.413	NA	142.125	-37.875
702	29	9	34.598	11.915	0	2	46	4.123	3.077	NA	1.554	NA	175.426	33.301
703	29	10	33.73	12.473	0	2	9	5.155	4.086	NA	1.031	NA	147.265	-28.161
704	29	11	32.862	13.03	0	2	0	6.186	5.103	NA	1.031	NA	147.265	0
705	29	12	32.243	13.464	0	2	0	6.943	5.849	NA	0.757	NA	145.008	-2.257
706	29	13	31.747	13.65	0	2	0	7.472	6.376	NA	0.53	NA	159.444	14.436
707	29	14	31.561	13.65	0	2	18	7.658	6.545	NA	0.186	NA	180	20.556
708	29	15	31.251	13.65	0	2	9	7.968	6.828	NA	0.31	NA	180	0
709	29	16	30.631	13.898	0	2	18	8.636	7.495	NA	0.667	NA	158.199	-21.801
710	29	17	30.383	13.526	0	2	27	9.083	7.588	NA	0.447	NA	-123.69	78.111
711	29	18	30.012	13.588	0	2	37	9.46	7.958	NA	0.377	NA	170.538	-65.772
712	29	19	30.198	13.774	0	2	9	9.723	7.849	NA	0.263	NA	45	-125.538
713	29	20	30.569	13.836	0	2	18	10.1	7.528	NA	0.377	NA	9.462	-35.538
714	30	1	37.511	14.27	0	2	65	0	0	NA	NA	NA	NA	NA
715	30	2	37.821	14.332	0	2	9	0.316	0.316	NA	0.316	NA	11.31	NA
716	30	3	38.068	14.208	0	2	0	0.593	0.561	NA	0.277	NA	-26.565	-37.875
717	30	4	38.502	14.146	0	2	0	1.031	0.999	NA	0.438	NA	-8.13	18.435
718	30	5	38.502	14.146	0	2	0	1.031	0.999	NA	0	NA	0	8.13
719	30	6	39.432	14.022	0	2	0	1.969	1.937	NA	0.938	NA	-7.595	-7.595
720	31	1	36.395	17.121	0	2	0	0	0	NA	NA	NA	NA	NA
721	31	2	36.395	17.121	0	2	9	0	0	NA	0	NA	0	NA
722	31	3	36.767	16.935	0	2	0	0.416	0.416	NA	0.416	NA	-26.565	-26.565
723	31	4	37.015	16.873	0	2	9	0.671	0.667	NA	0.256	NA	-14.036	12.529
724	31	5	37.201	16.873	0	2	18	0.857	0.843	NA	0.186	NA	0	14.036
725	31	6	37.449	16.687	0	2	9	1.167	1.139	NA	0.31	NA	-36.87	-36.87
726	31	7	37.263	16.315	0	2	9	1.583	1.184	NA	0.416	NA	-116.565	-79.695
727	31	8	37.635	16.191	0	2	9	1.975	1.549	NA	0.392	NA	-18.435	98.13
728	31	9	37.882	15.943	0	2	0	2.325	1.897	NA	0.351	NA	-45	-26.565
729	31	10	37.882	15.695	0	2	9	2.573	2.06	NA	0.248	NA	-90	-45
730	31	11	37.882	15.757	0	2	9	2.635	2.018	NA	0.062	NA	90	180
731	31	12	37.882	15.881	0	2	0	2.759	1.936	NA	0.124	NA	90	0
732	31	13	37.759	15.881	0	2	9	2.883	1.843	NA	0.124	NA	180	90
733	31	14	37.697	16.315	0	2	18	3.321	1.531	NA	0.438	NA	98.13	-81.87
734	31	15	37.449	16.129	0	2	18	3.631	1.447	NA	0.31	NA	-143.13	118.74
735	31	16	37.511	16.625	0	2	9	4.131	1.221	NA	0.5	NA	82.875	-133.995
736	31	17	37.697	16.501	0	2	9	4.354	1.442	NA	0.223	NA	-33.69	-116.565
737	31	18	37.944	15.757	0	2	0	5.138	2.064	NA	0.784	NA	-71.565	-37.875
738	31	19	38.006	15.695	0	2	0	5.226	2.151	NA	0.088	NA	-45	26.565
739	31	20	37.697	16.067	0	2	9	5.71	1.674	NA	0.484	NA	129.806	174.806
740	31	21	37.573	16.253	0	2	9	5.933	1.463	NA	0.223	NA	123.69	-6.116
741	32	1	38.502	19.848	0	2	18	0	0	NA	NA	NA	NA	NA
742	32	2	38.378	19.972	0	2	9	0.175	0.175	NA	0.175	NA	135	NA
743	32	3	37.944	19.91	0	2	9	0.614	0.561	NA	0.438	NA	-171.87	53.13
744	32	4	38.13	19.91	0	2	9	0.799	0.377	NA	0.186	NA	0	171.87
745	32	5	37.944	19.91	0	2	9	0.985	0.561	NA	0.186	NA	180	180
746	32	6	37.944	20.034	0	2	9	1.109	0.588	NA	0.124	NA	90	-90
747	32	7	37.882	20.034	0	2	27	1.171	0.647	NA	0.062	NA	180	90
748	32	8	37.944	20.096	0	2	37	1.259	0.61	NA	0.088	NA	45	-135
749	32	9	37.635	19.786	0	2	0	1.697	0.87	NA	0.438	NA	-135	-180
750	32	10	38.068	19.29	0	2	9	2.356	0.707	NA	0.659	NA	-48.814	86.186
751	32	11	38.378	18.67	0	2	0	3.049	1.184	NA	0.693	NA	-63.435	-14.621
752	32	12	38.378	18.174	0	2	0	3.545	1.678	NA	0.496	NA	-90	-26.565
753	32	13	38.874	17.926	0	2	9	4.099	1.957	NA	0.554	NA	-26.565	63.435
754	33	1	29.64	18.732	0	2	0	0	0	NA	NA	NA	NA	NA
755	33	2	29.33	18.67	0	2	0	0.316	0.316	NA	0.316	NA	-168.69	NA
756	33	3	30.074	18.608	0	2	9	1.062	0.451	NA	0.746	NA	-4.764	163.926
757	33	4	29.206	18.732	0	2	0	1.939	0.434	NA	0.876	NA	171.87	176.634
758	33	5	29.206	18.732	0	2	18	1.939	0.434	NA	0	NA	0	-171.87
759	33	6	29.95	18.732	0	2	0	2.682	0.31	NA	0.744	NA	0	0
760	33	7	29.95	18.732	0	2	9	2.682	0.31	NA	0	NA	0	0
761	33	8	29.95	18.732	0	2	55	2.682	0.31	NA	0	NA	0	0
762	33	9	29.516	18.794	0	2	0	3.121	0.139	NA	0.438	NA	171.87	171.87
763	33	10	29.888	18.794	0	2	9	3.493	0.256	NA	0.372	NA	0	-171.87
764	33	11	30.074	18.918	0	2	0	3.716	0.472	NA	0.223	NA	33.69	33.69
765	33	12	29.268	18.918	0	2	46	4.522	0.416	NA	0.806	NA	180	146.31
766	33	13	26.975	18.732	0	2	27	6.822	2.665	NA	2.301	NA	-175.365	4.635
767	33	14	26.975	18.98	0	2	27	7.07	2.676	NA	0.248	NA	90	-94.635
768	33	15	26.913	18.856	0	2	9	7.209	2.73	NA	0.139	NA	-116.565	153.435
769	33	16	27.409	19.228	0	2	0	7.829	2.286	NA	0.62	NA	36.87	153.435
770	33	17	26.541	18.918	0	2	27	8.75	3.104	NA	0.921	NA	-160.346	162.784
771	33	18	24.992	18.36	0	2	9	10.397	4.663	NA	1.647	NA	-160.201	0.145
772	34	1	16.501	16.935	0	2	46	0	0	NA	NA	NA	NA	NA
773	34	2	16.563	17.369	0	2	37	0.438	0.438	NA	0.438	NA	81.87	NA
774	34	3	17.059	17.369	0	2	9	0.934	0.707	NA	0.496	NA	0	-81.87
775	34	4	16.997	17.555	0	2	0	1.13	0.794	NA	0.196	NA	108.435	108.435
776	34	5	16.625	17.183	0	2	18	1.656	0.277	NA	0.526	NA	-135	116.565
777	34	6	17.926	17.307	0	2	27	2.963	1.473	NA	1.307	NA	5.44	140.44
778	34	7	18.608	17.307	0	2	18	3.645	2.14	NA	0.682	NA	0	-5.44
779	34	8	19.352	17.307	0	2	18	4.389	2.875	NA	0.744	NA	0	0
780	34	9	19.91	17.307	0	2	27	4.946	3.429	NA	0.558	NA	0	0
781	34	10	20.405	17.369	0	2	18	5.446	3.928	NA	0.5	NA	7.125	7.125
782	34	11	21.397	17.183	0	2	9	6.455	4.902	NA	1.009	NA	-10.62	-17.745
783	34	12	21.459	17.183	0	2	27	6.517	4.964	NA	0.062	NA	0	10.62
784	34	13	21.645	17.245	0	2	18	6.713	5.153	NA	0.196	NA	18.435	18.435
785	34	14	21.211	17.369	0	2	27	7.164	4.73	NA	0.451	NA	164.055	145.62
786	34	15	21.211	17.493	0	2	9	7.288	4.743	NA	0.124	NA	90	-74.055
787	34	16	21.273	17.369	0	2	9	7.427	4.792	NA	0.139	NA	-63.435	-153.435
788	34	17	21.955	17.678	0	2	18	8.176	5.504	NA	0.749	NA	24.444	87.879
789	34	18	22.203	17.617	0	2	18	8.431	5.742	NA	0.256	NA	-14.036	-38.48
790	34	19	22.265	17.617	0	2	0	8.493	5.804	NA	0.062	NA	0	14.036
791	34	20	21.955	17.431	0	2	37	8.854	5.476	NA	0.361	NA	-149.036	-149.036
792	34	21	22.141	17.493	0	2	46	9.05	5.667	NA	0.196	NA	18.435	167.471
793	34	22	22.884	17.493	0	2	18	9.794	6.408	NA	0.744	NA	0	-18.435
794	34	23	23.938	17.617	0	2	9	10.855	7.468	NA	1.061	NA	6.71	6.71
795	34	24	24.93	17.802	0	2	37	11.864	8.473	NA	1.009	NA	10.62	3.91
796	34	25	25.549	17.74	0	2	18	12.487	9.084	NA	0.623	NA	-5.711	-16.33
797	34	26	26.045	17.678	0	2	9	12.986	9.573	NA	0.5	NA	-7.125	-1.414
798	34	27	26.479	17.493	0	2	0	13.458	9.994	NA	0.472	NA	-23.199	-16.074
799	35	1	17.121	17.678	0	2	18	0	0	NA	NA	NA	NA	NA
800	35	2	17.431	18.05	0	2	9	0.484	0.484	NA	0.484	NA	50.194	NA
801	35	3	18.298	17.864	0	2	0	1.371	1.192	NA	0.887	NA	-12.095	-62.289
802	35	4	18.484	18.05	0	2	18	1.634	1.413	NA	0.263	NA	45	57.095
803	35	5	18.856	18.05	0	2	18	2.006	1.775	NA	0.372	NA	0	-45
804	35	6	19.91	18.112	0	2	18	3.062	2.822	NA	1.055	NA	3.366	3.366
805	35	7	20.096	18.112	0	2	0	3.248	3.006	NA	0.186	NA	0	-3.366
806	35	8	19.662	17.74	0	2	0	3.819	2.542	NA	0.571	NA	-139.399	-139.399
807	35	9	19.91	17.988	0	2	27	4.169	2.806	NA	0.351	NA	45	-175.601
808	35	10	20.963	18.05	0	2	9	5.225	3.86	NA	1.055	NA	3.366	-41.634
809	35	11	20.158	18.174	0	2	18	6.04	3.077	NA	0.815	NA	171.254	167.887
810	35	12	20.715	18.05	0	2	9	6.611	3.614	NA	0.571	NA	-12.529	176.217
811	35	13	20.591	18.05	0	2	55	6.735	3.49	NA	0.124	NA	180	-167.471
812	35	14	21.211	18.174	0	2	18	7.367	4.12	NA	0.632	NA	11.31	-168.69
813	35	15	21.025	18.174	0	2	37	7.553	3.936	NA	0.186	NA	180	168.69
814	35	16	21.025	17.926	0	2	46	7.801	3.912	NA	0.248	NA	-90	90
815	35	17	21.769	17.988	0	2	9	8.548	4.658	NA	0.746	NA	4.764	94.764
816	35	18	22.946	17.864	0	2	18	9.732	5.829	NA	1.184	NA	-6.009	-10.773
817	35	19	23.194	17.926	0	2	18	9.987	6.079	NA	0.256	NA	14.036	20.045
818	35	20	23.69	17.864	0	2	9	10.487	6.572	NA	0.5	NA	-7.125	-21.161
819	35	21	23.256	17.864	0	2	46	10.921	6.138	NA	0.434	NA	180	-172.875
820	35	22	22.389	18.112	0	2	9	11.823	5.286	NA	0.902	NA	164.055	-15.945
821	35	23	20.653	18.36	0	2	27	13.576	3.598	NA	1.753	NA	171.87	7.815
822	35	24	19.848	17.864	0	2	0	14.522	2.733	NA	0.946	NA	-148.392	39.738
823	35	25	19.166	17.926	0	2	27	15.206	2.06	NA	0.685	NA	174.806	-36.802
824	35	26	17.307	18.112	0	2	27	17.075	0.472	NA	1.869	NA	174.289	-0.516
825	35	27	16.315	18.236	0	2	18	18.074	0.98	NA	0.999	NA	172.875	-1.414
826	35	28	14.022	18.422	0	2	18	20.375	3.187	NA	2.301	NA	175.365	2.49
827	35	29	13.092	18.608	0	2	18	21.323	4.134	NA	0.948	NA	168.69	-6.674
828	35	30	13.216	18.608	0	2	37	21.447	4.014	NA	0.124	NA	0	-168.69
829	35	31	13.278	18.856	0	2	55	21.702	4.019	NA	0.256	NA	75.964	75.964
830	35	32	12.535	18.794	0	2	18	22.449	4.72	NA	0.746	NA	-175.236	108.8
831	35	33	11.357	18.67	0	2	27	23.633	5.848	NA	1.184	NA	-173.991	1.245
832	35	34	10.861	18.67	0	2	9	24.129	6.338	NA	0.496	NA	180	-6.009
833	35	35	11.171	18.732	0	2	27	24.445	6.042	NA	0.316	NA	11.31	-168.69
834	35	36	11.233	18.794	0	2	27	24.532	5.992	NA	0.088	NA	45	33.69
835	35	37	11.233	18.794	0	2	27	24.532	5.992	NA	0	NA	0	-45
836	35	38	11.977	18.608	0	2	0	25.299	5.227	NA	0.767	NA	-14.036	-14.036
837	35	39	12.101	18.856	0	2	27	25.576	5.156	NA	0.277	NA	63.435	77.471
838	35	40	12.101	18.856	0	2	0	25.576	5.156	NA	0	NA	0	-63.435
839	35	41	12.101	18.856	0	2	0	25.576	5.156	NA	0	NA	0	0
840	35	42	11.791	18.732	0	2	0	25.91	5.433	NA	0.334	NA	-158.199	-158.199
841	35	43	11.791	18.732	0	2	27	25.91	5.433	NA	0	NA	0	158.199
842	35	44	12.039	18.608	0	2	46	26.187	5.166	NA	0.277	NA	-26.565	-26.565
843	35	45	12.039	18.608	0	2	0	26.187	5.166	NA	0	NA	0	26.565
844	36	1	35.775	9.56	0	2	9	0	0	NA	NA	NA	NA	NA
845	36	2	35.527	9.064	0	2	111	0.554	0.554	NA	0.554	NA	-116.565	NA
846	36	3	35.465	9.064	0	2	65	0.616	0.585	NA	0.062	NA	180	-63.435
847	36	4	34.722	9.932	0	2	0	1.759	1.117	NA	1.143	NA	130.601	-49.399
848	36	5	35.342	9.498	0	2	55	2.516	0.438	NA	0.757	NA	-34.992	-165.593
849	36	6	36.581	9.126	0	2	18	3.81	0.915	NA	1.294	NA	-16.699	18.293
850	36	7	37.387	8.568	0	2	55	4.79	1.892	NA	0.98	NA	-34.695	-17.996
851	36	8	37.759	8.754	0	2	9	5.205	2.141	NA	0.416	NA	26.565	61.26
852	36	9	39.308	8.63	0	2	46	6.76	3.653	NA	1.554	NA	-4.574	-31.139
853	36	10	39.618	8.63	0	2	9	7.07	3.953	NA	0.31	NA	0	4.574
854	36	11	40.052	8.63	0	2	18	7.503	4.376	NA	0.434	NA	0	0
855	37	1	37.635	13.464	0	2	9	0	0	NA	NA	NA	NA	NA
856	37	2	37.821	13.402	0	2	18	0.196	0.196	NA	0.196	NA	-18.435	NA
857	37	3	37.821	13.526	0	2	37	0.32	0.196	NA	0.124	NA	90	108.435
858	37	4	37.325	13.526	0	2	18	0.816	0.316	NA	0.496	NA	180	90
859	37	5	37.511	13.526	0	2	9	1.002	0.139	NA	0.186	NA	0	-180
860	37	6	37.821	13.526	0	2	9	1.312	0.196	NA	0.31	NA	0	0
861	37	7	37.821	13.464	0	2	27	1.374	0.186	NA	0.062	NA	-90	-90
862	37	8	38.068	13.526	0	2	9	1.629	0.438	NA	0.256	NA	14.036	104.036
863	37	9	37.759	13.65	0	2	18	1.963	0.223	NA	0.334	NA	158.199	144.162
864	37	10	37.882	13.712	0	2	9	2.101	0.351	NA	0.139	NA	26.565	-131.634
865	37	11	37.759	13.836	0	2	27	2.277	0.392	NA	0.175	NA	135	108.435
866	37	12	37.387	13.836	0	2	37	2.649	0.447	NA	0.372	NA	180	45
867	37	13	37.449	13.836	0	2	37	2.71	0.416	NA	0.062	NA	0	-180
868	37	14	37.449	14.27	0	2	9	3.144	0.827	NA	0.434	NA	90	90
869	37	15	37.387	14.332	0	2	9	3.232	0.902	NA	0.088	NA	135	45
870	37	16	37.201	14.27	0	2	0	3.428	0.915	NA	0.196	NA	-161.565	63.435
871	37	17	37.077	13.836	0	2	9	3.879	0.67	NA	0.451	NA	-105.945	55.62
872	37	18	37.325	13.836	0	2	37	4.127	0.484	NA	0.248	NA	0	105.945
873	37	19	37.201	13.898	0	2	37	4.266	0.614	NA	0.139	NA	153.435	153.435
874	37	20	37.511	14.084	0	2	0	4.627	0.632	NA	0.361	NA	30.964	-122.471
875	37	21	36.829	14.084	0	2	55	5.309	1.016	NA	0.682	NA	180	149.036
876	37	22	37.139	14.084	0	2	18	5.619	0.794	NA	0.31	NA	0	-180
877	37	23	37.387	14.146	0	2	0	5.874	0.725	NA	0.256	NA	14.036	14.036
878	37	24	37.139	14.394	0	2	9	6.225	1.054	NA	0.351	NA	135	120.964
879	37	25	36.829	14.456	0	2	27	6.541	1.278	NA	0.316	NA	168.69	33.69
880	37	26	37.201	14.642	0	2	18	6.956	1.255	NA	0.416	NA	26.565	-142.125
881	37	27	37.325	14.456	0	2	0	7.18	1.039	NA	0.223	NA	-56.31	-82.875
882	37	28	37.387	14.208	0	2	9	7.435	0.784	NA	0.256	NA	-75.964	-19.654
883	37	29	37.387	14.146	0	2	37	7.497	0.725	NA	0.062	NA	-90	-14.036
884	37	30	37.387	14.146	0	2	9	7.497	0.725	NA	0	NA	0	90
885	37	31	37.449	14.146	0	2	0	7.559	0.707	NA	0.062	NA	0	0
886	37	32	37.449	14.332	0	2	18	7.745	0.887	NA	0.186	NA	90	90
887	37	33	37.511	14.456	0	2	9	7.884	0.999	NA	0.139	NA	63.435	-26.565
888	37	34	37.511	13.836	0	2	37	8.504	0.392	NA	0.62	NA	-90	-153.435
889	37	35	37.759	13.96	0	2	18	8.781	0.511	NA	0.277	NA	26.565	116.565
890	38	1	38.998	13.898	0	2	9	0	0	NA	NA	NA	NA	NA
891	38	2	39.308	13.898	0	2	9	0.31	0.31	NA	0.31	NA	0	NA
892	38	3	39.556	13.774	0	2	0	0.587	0.571	NA	0.277	NA	-26.565	-26.565
893	38	4	39.556	13.712	0	2	27	0.649	0.588	NA	0.062	NA	-90	-63.435
894	38	5	39.68	13.402	0	2	27	0.983	0.843	NA	0.334	NA	-68.199	21.801
895	38	6	39.494	13.774	0	2	18	1.399	0.511	NA	0.416	NA	116.565	-175.236
896	38	7	39.494	13.774	0	2	27	1.399	0.511	NA	0	NA	0	-116.565
897	38	8	38.998	13.774	0	2	0	1.894	0.124	NA	0.496	NA	180	180
898	38	9	39.68	13.526	0	2	9	2.62	0.777	NA	0.725	NA	-19.983	160.017
899	38	10	39.866	13.278	0	2	27	2.93	1.066	NA	0.31	NA	-53.13	-33.147
900	38	11	40.052	13.216	0	2	18	3.126	1.255	NA	0.196	NA	-18.435	34.695
901	38	12	40.052	13.216	0	2	9	3.126	1.255	NA	0	NA	0	18.435
902	38	13	40.423	13.216	0	2	0	3.497	1.58	NA	0.372	NA	0	0
903	38	14	39.99	13.278	0	2	9	3.936	1.169	NA	0.438	NA	171.87	171.87
904	38	15	40.052	13.526	0	2	0	4.191	1.117	NA	0.256	NA	75.964	-95.906
905	38	16	39.804	13.278	0	2	37	4.542	1.016	NA	0.351	NA	-135	149.036
906	38	17	39.928	13.278	0	2	27	4.666	1.117	NA	0.124	NA	0	135
907	38	18	39.742	13.774	0	2	18	5.195	0.754	NA	0.53	NA	110.556	110.556
908	38	19	39.804	13.96	0	2	27	5.391	0.808	NA	0.196	NA	71.565	-38.991
909	38	20	40.238	14.022	0	2	0	5.829	1.246	NA	0.438	NA	8.13	-63.435
910	38	21	40.176	14.022	0	2	37	5.891	1.184	NA	0.062	NA	180	171.87
911	38	22	40.114	14.084	0	2	18	5.979	1.131	NA	0.088	NA	135	-45
912	38	23	40.238	14.022	0	2	9	6.118	1.246	NA	0.139	NA	-26.565	-161.565
913	38	24	40.547	13.402	0	2	0	6.811	1.627	NA	0.693	NA	-63.435	-36.87
914	38	25	40.981	12.968	0	2	9	7.424	2.19	NA	0.614	NA	-45	18.435
915	38	26	41.167	12.72	0	2	9	7.734	2.468	NA	0.31	NA	-53.13	-8.13
916	38	27	40.919	12.287	0	2	0	8.234	2.508	NA	0.5	NA	-119.745	-66.615
917	38	28	41.229	12.287	0	2	0	8.544	2.752	NA	0.31	NA	0	119.745
918	38	29	41.291	12.225	0	2	9	8.631	2.839	NA	0.088	NA	-45	-45
919	38	30	41.415	11.853	0	2	0	9.023	3.166	NA	0.392	NA	-71.565	-26.565
920	38	31	41.539	11.233	0	2	18	9.655	3.682	NA	0.632	NA	-78.69	-7.125
921	38	32	41.725	11.109	0	2	27	9.879	3.901	NA	0.223	NA	-33.69	45
922	38	33	42.159	11.357	0	2	9	10.378	4.055	NA	0.5	NA	29.745	63.435
923	38	34	41.663	11.295	0	2	0	10.878	3.725	NA	0.5	NA	-172.875	157.38
924	38	35	42.221	11.109	0	2	0	11.466	4.262	NA	0.588	NA	-18.435	154.44
925	38	36	41.787	11.109	0	2	9	11.9	3.944	NA	0.434	NA	180	-161.565
926	38	37	41.849	11.295	0	2	9	12.096	3.86	NA	0.196	NA	71.565	-108.435
927	38	38	42.159	11.233	0	2	0	12.412	4.134	NA	0.316	NA	-11.31	-82.875
928	39	1	19.29	18.546	0	2	0	0	0	NA	NA	NA	NA	NA
929	39	2	18.794	18.546	0	2	0	0.496	0.496	NA	0.496	NA	180	NA
930	39	3	17.926	18.67	0	2	18	1.372	1.369	NA	0.876	NA	171.87	-8.13
931	39	4	17.678	18.856	0	2	18	1.682	1.641	NA	0.31	NA	143.13	-28.74
932	39	5	17.121	18.918	0	2	9	2.243	2.201	NA	0.561	NA	173.66	30.53
