Nr	TID	PID	x [micron]	y [micron]	t [sec]	c [idx]	I [val]	Len [micron]	D2S [micron]	D2R [micron]	D2P [micron]	v [micron/sec]	? [deg]	?? [deg]
1	1	1	22.286	8.529	0	2	186	0	0	NA	NA	NA	NA	NA
2	1	2	22.513	8.529	0	2	255	0.228	0.228	NA	0.228	NA	0	NA
3	1	3	22.513	8.484	0	2	242	0.273	0.232	NA	0.046	NA	-90	-90
4	1	4	22.513	8.575	0	2	186	0.364	0.232	NA	0.091	NA	90	180
5	1	5	22.103	8.712	0	2	93	0.797	0.258	NA	0.432	NA	161.565	71.565
6	1	6	22.286	8.757	0	2	9	0.984	0.228	NA	0.188	NA	14.036	-147.529
7	1	7	24.472	8.712	0	2	177	3.171	2.194	NA	2.187	NA	-1.193	-15.23
8	1	8	24.563	8.985	0	2	195	3.459	2.323	NA	0.288	NA	71.565	72.759
9	1	9	24.244	8.985	0	2	139	3.778	2.011	NA	0.319	NA	180	108.435
10	1	10	24.153	8.939	0	2	149	3.88	1.912	NA	0.102	NA	-153.435	26.565
11	1	11	24.153	8.939	0	2	167	3.88	1.912	NA	0	NA	0	153.435
12	1	12	24.153	8.985	0	2	149	3.926	1.922	NA	0.046	NA	90	90
13	1	13	24.199	9.03	0	2	149	3.99	1.978	NA	0.064	NA	45	-45
14	1	14	24.108	9.03	0	2	37	4.081	1.89	NA	0.091	NA	180	135
15	1	15	23.743	9.076	0	2	93	4.448	1.557	NA	0.367	NA	172.875	-7.125
16	1	16	23.015	8.894	0	2	195	5.2	0.815	NA	0.751	NA	-165.964	21.161
17	1	17	23.015	8.894	0	2	139	5.2	0.815	NA	0	NA	0	165.964
18	1	18	23.151	8.757	0	2	149	5.393	0.895	NA	0.193	NA	-45	-45
19	1	19	23.47	8.666	0	2	167	5.724	1.192	NA	0.332	NA	-15.945	29.055
20	1	20	23.789	8.62	0	2	255	6.047	1.506	NA	0.322	NA	-8.13	7.815
21	1	21	23.834	8.62	0	2	167	6.092	1.551	NA	0.046	NA	0	8.13
22	1	22	23.652	8.666	0	2	242	6.28	1.373	NA	0.188	NA	165.964	165.964
23	1	23	23.926	8.666	0	2	177	6.553	1.646	NA	0.273	NA	0	-165.964
24	1	24	23.424	8.575	0	2	102	7.063	1.14	NA	0.509	NA	-169.695	-169.695
25	1	25	23.789	8.529	0	2	251	7.43	1.503	NA	0.367	NA	-7.125	162.57
26	1	26	24.017	8.62	0	2	242	7.675	1.733	NA	0.245	NA	21.801	28.926
27	1	27	23.926	8.803	0	2	242	7.879	1.662	NA	0.204	NA	116.565	94.764
28	1	28	23.106	8.803	0	2	186	8.699	0.864	NA	0.82	NA	180	63.435
29	1	29	23.151	8.712	0	2	167	8.801	0.884	NA	0.102	NA	-63.435	116.565
30	1	30	23.106	8.484	0	2	158	9.033	0.821	NA	0.232	NA	-101.31	-37.875
31	1	31	22.878	8.575	0	2	242	9.278	0.594	NA	0.245	NA	158.199	-100.491
32	1	32	23.015	8.62	0	2	158	9.422	0.734	NA	0.144	NA	18.435	-139.764
33	1	33	23.106	8.712	0	2	255	9.551	0.84	NA	0.129	NA	45	26.565
34	1	34	23.06	9.167	0	2	205	10.009	1.003	NA	0.458	NA	95.711	50.711
35	1	35	23.06	9.213	0	2	177	10.054	1.033	NA	0.046	NA	90	-5.711
36	1	36	22.969	9.213	0	2	233	10.145	0.966	NA	0.091	NA	180	90
37	1	37	22.65	9.167	0	2	233	10.467	0.734	NA	0.322	NA	-171.87	8.13
38	1	38	22.832	8.985	0	2	139	10.725	0.712	NA	0.258	NA	-45	126.87
39	1	39	22.832	8.939	0	2	93	10.771	0.683	NA	0.046	NA	-90	-45
40	1	40	22.331	8.939	0	2	83	11.272	0.412	NA	0.501	NA	180	-90
41	1	41	22.012	8.848	0	2	83	11.603	0.42	NA	0.332	NA	-164.055	15.945
42	1	42	22.331	8.803	0	2	139	11.925	0.277	NA	0.322	NA	-8.13	155.925
43	1	43	22.377	8.757	0	2	74	11.99	0.245	NA	0.064	NA	-45	-36.87
44	1	44	22.513	8.575	0	2	255	12.218	0.232	NA	0.228	NA	-53.13	-8.13
45	1	45	22.741	8.438	0	2	255	12.483	0.465	NA	0.266	NA	-30.964	22.166
46	1	46	22.377	8.393	0	2	167	12.851	0.164	NA	0.367	NA	-172.875	-141.911
47	1	47	22.377	8.393	0	2	121	12.851	0.164	NA	0	NA	0	172.875
48	1	48	22.377	8.666	0	2	205	13.124	0.164	NA	0.273	NA	90	90
49	1	49	22.377	8.985	0	2	255	13.443	0.465	NA	0.319	NA	90	0
50	1	50	22.377	9.03	0	2	195	13.488	0.509	NA	0.046	NA	90	0
51	2	1	17.503	5.979	0	2	167	0	0	NA	NA	NA	NA	NA
52	2	2	17.503	5.979	0	2	102	0	0	NA	0	NA	0	NA
53	2	3	17.503	5.979	0	2	102	0	0	NA	0	NA	0	0
54	2	4	17.503	5.979	0	2	74	0	0	NA	0	NA	0	0
55	2	5	17.958	5.979	0	2	111	0.456	0.456	NA	0.456	NA	0	0
56	2	6	17.958	5.979	0	2	158	0.456	0.456	NA	0	NA	0	0
57	2	7	17.958	5.933	0	2	102	0.501	0.458	NA	0.046	NA	-90	-90
58	2	8	17.64	5.842	0	2	158	0.833	0.193	NA	0.332	NA	-164.055	-74.055
59	2	9	17.64	5.842	0	2	111	0.833	0.193	NA	0	NA	0	164.055
60	2	10	17.64	5.842	0	2	130	0.833	0.193	NA	0	NA	0	0
61	2	11	17.64	5.796	0	2	195	0.878	0.228	NA	0.046	NA	-90	-90
62	2	12	17.64	5.796	0	2	139	0.878	0.228	NA	0	NA	0	90
63	2	13	17.503	5.796	0	2	167	1.015	0.182	NA	0.137	NA	180	180
64	2	14	17.366	5.796	0	2	139	1.152	0.228	NA	0.137	NA	180	0
65	2	15	17.047	5.523	0	2	149	1.571	0.644	NA	0.42	NA	-139.399	40.601
66	2	16	17.184	5.705	0	2	167	1.799	0.42	NA	0.228	NA	53.13	-167.471
67	2	17	17.457	5.66	0	2	167	2.076	0.322	NA	0.277	NA	-9.462	-62.592
68	2	18	17.867	4.931	0	2	177	2.913	1.109	NA	0.836	NA	-60.642	-51.18
69	2	19	17.867	4.931	0	2	149	2.913	1.109	NA	0	NA	0	60.642
70	2	20	17.822	4.931	0	2	74	2.958	1.095	NA	0.046	NA	180	180
71	2	21	17.958	4.612	0	2	130	3.305	1.44	NA	0.347	NA	-66.801	113.199
72	2	22	17.958	4.612	0	2	167	3.305	1.44	NA	0	NA	0	66.801
73	2	23	17.958	4.612	0	2	111	3.305	1.44	NA	0	NA	0	0
74	2	24	17.366	4.976	0	2	74	4	1.011	NA	0.695	NA	148.392	148.392
75	2	25	17.412	4.976	0	2	149	4.046	1.006	NA	0.046	NA	0	-148.392
76	2	26	17.457	4.931	0	2	121	4.11	1.049	NA	0.064	NA	-45	-45
77	2	27	17.457	4.931	0	2	121	4.11	1.049	NA	0	NA	0	45
78	2	28	17.412	5.25	0	2	102	4.432	0.734	NA	0.322	NA	98.13	98.13
79	2	29	17.093	5.204	0	2	121	4.754	0.876	NA	0.322	NA	-171.87	90
80	2	30	16.774	5.204	0	2	139	5.073	1.063	NA	0.319	NA	180	-8.13
81	2	31	16.774	5.204	0	2	177	5.073	1.063	NA	0	NA	0	-180
82	2	32	16.729	5.204	0	2	65	5.119	1.095	NA	0.046	NA	180	180
83	2	33	16.455	5.068	0	2	83	5.424	1.388	NA	0.306	NA	-153.435	26.565
84	2	34	16.637	5.022	0	2	93	5.612	1.29	NA	0.188	NA	-14.036	139.399
85	2	35	16.729	5.068	0	2	121	5.714	1.196	NA	0.102	NA	26.565	40.601
86	2	36	16.729	5.068	0	2	9	5.714	1.196	NA	0	NA	0	-26.565
87	2	37	17.275	4.885	0	2	121	6.29	1.117	NA	0.576	NA	-18.435	-18.435
88	2	38	17.366	4.931	0	2	83	6.392	1.057	NA	0.102	NA	26.565	45
89	2	39	17.366	4.931	0	2	111	6.392	1.057	NA	0	NA	0	-26.565
90	2	40	17.184	4.794	0	2	121	6.62	1.226	NA	0.228	NA	-143.13	-143.13
91	2	41	17.275	4.794	0	2	195	6.711	1.206	NA	0.091	NA	0	143.13
92	2	42	17.23	4.794	0	2	83	6.756	1.215	NA	0.046	NA	180	180
93	2	43	17.23	4.794	0	2	93	6.756	1.215	NA	0	NA	0	-180
94	2	44	17.047	4.749	0	2	121	6.944	1.312	NA	0.188	NA	-165.964	-165.964
95	2	45	17.366	4.794	0	2	111	7.266	1.192	NA	0.322	NA	8.13	174.094
96	2	46	17.366	4.794	0	2	65	7.266	1.192	NA	0	NA	0	-8.13
97	2	47	17.594	4.475	0	2	130	7.658	1.506	NA	0.392	NA	-54.462	-54.462
98	2	48	17.731	4.475	0	2	102	7.795	1.52	NA	0.137	NA	0	54.462
99	2	49	18.186	4.111	0	2	55	8.378	1.989	NA	0.583	NA	-38.66	-38.66
100	2	50	18.323	4.612	0	2	121	8.898	1.594	NA	0.519	NA	74.745	113.405
101	3	1	11.581	15.954	0	2	74	0	0	NA	NA	NA	NA	NA
102	3	2	10.852	15.863	0	2	111	0.734	0.734	NA	0.734	NA	-172.875	NA
103	3	3	11.627	15.59	0	2	74	1.556	0.367	NA	0.821	NA	-19.44	153.435
104	3	4	9.85	15.863	0	2	102	3.353	1.733	NA	1.797	NA	171.254	-169.306
105	3	5	9.03	16.045	0	2	83	4.193	2.552	NA	0.84	NA	167.471	-3.783
106	3	6	9.167	16.136	0	2	65	4.357	2.421	NA	0.164	NA	33.69	-133.781
107	4	1	14.77	16	0	2	74	0	0	NA	NA	NA	NA	NA
108	4	2	14.906	16	0	2	93	0.137	0.137	NA	0.137	NA	0	NA
109	4	3	14.724	16.136	0	2	83	0.364	0.144	NA	0.228	NA	143.13	143.13
110	4	4	14.724	16.136	0	2	74	0.364	0.144	NA	0	NA	0	-143.13
111	4	5	14.724	16.182	0	2	55	0.41	0.188	NA	0.046	NA	90	90
112	4	6	14.679	16.455	0	2	130	0.687	0.465	NA	0.277	NA	99.462	9.462
113	4	7	14.952	16.546	0	2	37	0.975	0.576	NA	0.288	NA	18.435	-81.027
114	4	8	14.815	16.546	0	2	37	1.112	0.549	NA	0.137	NA	180	161.565
115	4	9	14.405	16.546	0	2	83	1.522	0.657	NA	0.41	NA	180	0
116	4	10	13.768	16.729	0	2	37	2.185	1.239	NA	0.663	NA	164.055	-15.945
117	4	11	14.588	16.82	0	2	46	3.01	0.84	NA	0.825	NA	6.34	-157.714
118	4	12	13.995	16.82	0	2	55	3.602	1.128	NA	0.592	NA	180	173.66
119	4	13	13.995	16.82	0	2	55	3.602	1.128	NA	0	NA	0	-180
120	4	14	13.904	16.82	0	2	27	3.693	1.192	NA	0.091	NA	180	180
121	4	15	14.178	16.729	0	2	37	3.981	0.939	NA	0.288	NA	-18.435	161.565
122	4	16	13.904	16.546	0	2	27	4.31	1.024	NA	0.328	NA	-146.31	-127.875
123	4	17	13.904	16.546	0	2	9	4.31	1.024	NA	0	NA	0	146.31
124	4	18	13.54	16.41	0	2	55	4.699	1.296	NA	0.389	NA	-159.444	-159.444
125	4	19	13.813	16.501	0	2	46	4.987	1.08	NA	0.288	NA	18.435	177.879
126	4	20	13.722	16.045	0	2	37	5.452	1.049	NA	0.465	NA	-101.31	-119.745
127	4	21	13.403	15.909	0	2	55	5.798	1.37	NA	0.347	NA	-156.801	-55.491
128	4	22	13.312	15.909	0	2	27	5.89	1.46	NA	0.091	NA	180	-23.199
129	4	23	12.72	16.227	0	2	46	6.562	2.062	NA	0.673	NA	151.699	-28.301
130	4	24	12.902	16.182	0	2	9	6.75	1.876	NA	0.188	NA	-14.036	-165.735
131	5	1	21.375	9.349	0	2	130	0	0	NA	NA	NA	NA	NA
132	5	2	20.783	9.577	0	2	121	0.634	0.634	NA	0.634	NA	158.962	NA
133	5	3	21.056	9.531	0	2	55	0.912	0.367	NA	0.277	NA	-9.462	-168.425
134	5	4	21.056	9.531	0	2	111	0.912	0.367	NA	0	NA	0	9.462
135	5	5	21.147	9.03	0	2	65	1.421	0.392	NA	0.509	NA	-79.695	-79.695
136	5	6	21.01	9.258	0	2	130	1.686	0.376	NA	0.266	NA	120.964	-159.341
137	5	7	20.418	9.623	0	2	149	2.382	0.995	NA	0.695	NA	148.392	27.429
138	5	8	20.965	9.395	0	2	158	2.974	0.412	NA	0.592	NA	-22.62	-171.012
139	5	9	20.555	9.258	0	2	167	3.406	0.825	NA	0.432	NA	-161.565	-138.945
140	5	10	20.464	9.304	0	2	167	3.508	0.912	NA	0.102	NA	153.435	-45
141	5	11	20.965	9.304	0	2	214	4.009	0.412	NA	0.501	NA	0	-153.435
142	5	12	20.965	9.167	0	2	167	4.146	0.449	NA	0.137	NA	-90	-90
143	5	13	21.101	9.167	0	2	177	4.282	0.328	NA	0.137	NA	0	90
144	5	14	21.101	9.167	0	2	102	4.282	0.328	NA	0	NA	0	0
145	5	15	21.101	9.167	0	2	186	4.282	0.328	NA	0	NA	0	0
146	5	16	20.874	9.076	0	2	158	4.528	0.571	NA	0.245	NA	-158.199	-158.199
147	5	17	20.6	9.076	0	2	102	4.801	0.821	NA	0.273	NA	180	-21.801
148	5	18	20.464	9.076	0	2	177	4.937	0.951	NA	0.137	NA	180	0
149	5	19	20.464	9.076	0	2	167	4.937	0.951	NA	0	NA	0	-180
150	5	20	20.008	8.803	0	2	130	5.469	1.472	NA	0.531	NA	-149.036	-149.036
151	5	21	19.598	8.803	0	2	167	5.879	1.859	NA	0.41	NA	180	-30.964
152	5	22	19.598	8.803	0	2	167	5.879	1.859	NA	0	NA	0	-180
153	5	23	19.462	8.803	0	2	139	6.015	1.99	NA	0.137	NA	180	180
154	5	24	19.143	8.939	0	2	46	6.362	2.269	NA	0.347	NA	156.801	-23.199
155	5	25	18.96	8.985	0	2	167	6.55	2.442	NA	0.188	NA	165.964	9.162
156	5	26	18.642	9.395	0	2	158	7.069	2.733	NA	0.519	NA	127.875	-38.089
157	5	27	18.687	9.44	0	2	195	7.134	2.689	NA	0.064	NA	45	-82.875
158	5	28	18.96	9.44	0	2	139	7.407	2.416	NA	0.273	NA	0	-45
159	5	29	19.097	9.531	0	2	158	7.571	2.285	NA	0.164	NA	33.69	33.69
160	5	30	19.097	9.531	0	2	130	7.571	2.285	NA	0	NA	0	-33.69
161	5	31	19.052	9.577	0	2	158	7.636	2.334	NA	0.064	NA	135	135
162	5	32	19.006	9.531	0	2	255	7.7	2.376	NA	0.064	NA	-135	90
163	5	33	18.414	9.987	0	2	121	8.447	3.029	NA	0.747	NA	142.431	-82.569
164	5	34	18.687	10.033	0	2	65	8.724	2.773	NA	0.277	NA	9.462	-132.969
165	5	35	19.097	9.668	0	2	223	9.273	2.3	NA	0.549	NA	-41.634	-51.096
166	5	36	19.097	9.623	0	2	233	9.318	2.294	NA	0.046	NA	-90	-48.366
167	5	37	18.733	8.803	0	2	121	10.216	2.698	NA	0.897	NA	-113.962	-23.962
168	5	38	19.143	8.347	0	2	121	10.828	2.447	NA	0.613	NA	-48.013	65.95
169	5	39	19.143	8.347	0	2	83	10.828	2.447	NA	0	NA	0	48.013
170	5	40	19.143	8.347	0	2	205	10.828	2.447	NA	0	NA	0	0
171	5	41	19.052	8.028	0	2	149	11.16	2.672	NA	0.332	NA	-105.945	-105.945
172	5	42	19.052	8.028	0	2	205	11.16	2.672	NA	0	NA	0	105.945
173	5	43	19.052	8.302	0	2	83	11.433	2.548	NA	0.273	NA	90	90
174	5	44	19.143	8.438	0	2	93	11.598	2.411	NA	0.164	NA	56.31	-33.69
175	5	45	19.234	8.484	0	2	177	11.699	2.309	NA	0.102	NA	26.565	-29.745
176	5	46	19.37	8.757	0	2	121	12.005	2.09	NA	0.306	NA	63.435	36.87
177	5	47	19.37	8.62	0	2	139	12.142	2.133	NA	0.137	NA	-90	-153.435
178	5	48	19.234	8.62	0	2	214	12.278	2.262	NA	0.137	NA	180	-90
179	5	49	19.143	8.575	0	2	195	12.38	2.362	NA	0.102	NA	-153.435	26.565
180	5	50	19.325	8.529	0	2	251	12.568	2.208	NA	0.188	NA	-14.036	139.399
181	6	1	21.557	6.206	0	2	65	0	0	NA	NA	NA	NA	NA
182	6	2	20.783	6.07	0	2	37	0.786	0.786	NA	0.786	NA	-169.992	NA
183	6	3	20.783	6.07	0	2	37	0.786	0.786	NA	0	NA	0	169.992
184	6	4	20.236	6.07	0	2	111	1.333	1.328	NA	0.547	NA	180	180
185	6	5	19.963	6.115	0	2	55	1.61	1.597	NA	0.277	NA	170.538	-9.462
186	6	6	19.963	6.115	0	2	130	1.61	1.597	NA	0	NA	0	-170.538
187	6	7	19.644	6.115	0	2	205	1.929	1.915	NA	0.319	NA	180	180
188	6	8	19.553	6.07	0	2	242	2.031	2.009	NA	0.102	NA	-153.435	26.565
189	6	9	19.553	6.07	0	2	251	2.031	2.009	NA	0	NA	0	153.435
190	6	10	19.37	5.979	0	2	186	2.234	2.198	NA	0.204	NA	-153.435	-153.435
191	6	11	19.143	6.07	0	2	251	2.48	2.418	NA	0.245	NA	158.199	-48.366
192	6	12	19.143	6.115	0	2	255	2.525	2.416	NA	0.046	NA	90	-68.199
193	6	13	18.96	6.161	0	2	242	2.713	2.597	NA	0.188	NA	165.964	75.964
194	6	14	18.915	6.161	0	2	255	2.759	2.642	NA	0.046	NA	180	14.036
195	6	15	18.733	6.252	0	2	195	2.962	2.825	NA	0.204	NA	153.435	-26.565
196	6	16	18.824	6.297	0	2	158	3.064	2.735	NA	0.102	NA	26.565	-126.87
197	6	17	18.96	6.343	0	2	167	3.208	2.6	NA	0.144	NA	18.435	-8.13
198	6	18	19.006	6.343	0	2	186	3.254	2.554	NA	0.046	NA	0	-18.435
199	6	19	19.462	5.887	0	2	93	3.898	2.119	NA	0.644	NA	-45	-45
200	6	20	19.462	5.933	0	2	158	3.944	2.113	NA	0.046	NA	90	135
201	6	21	19.462	5.933	0	2	158	3.944	2.113	NA	0	NA	0	-90
202	6	22	19.462	5.933	0	2	121	3.944	2.113	NA	0	NA	0	0
203	6	23	19.416	6.161	0	2	102	4.176	2.141	NA	0.232	NA	101.31	101.31
204	6	24	19.37	6.343	0	2	130	4.364	2.191	NA	0.188	NA	104.036	2.726
205	6	25	19.234	6.297	0	2	102	4.508	2.325	NA	0.144	NA	-161.565	94.399
206	6	26	19.325	6.115	0	2	139	4.711	2.234	NA	0.204	NA	-63.435	98.13
207	6	27	19.37	5.887	0	2	83	4.944	2.21	NA	0.232	NA	-78.69	-15.255
208	6	28	19.37	5.887	0	2	139	4.944	2.21	NA	0	NA	0	78.69
209	6	29	19.37	5.614	0	2	121	5.217	2.265	NA	0.273	NA	-90	-90
210	6	30	19.37	5.569	0	2	93	5.262	2.278	NA	0.046	NA	-90	0
211	6	31	20.281	5.751	0	2	18	6.192	1.354	NA	0.929	NA	11.31	101.31
212	7	1	29.073	15.499	0	2	111	0	0	NA	NA	NA	NA	NA
213	7	2	29.027	15.499	0	2	93	0.046	0.046	NA	0.046	NA	180	NA
214	7	3	28.982	15.499	0	2	149	0.091	0.091	NA	0.046	NA	180	0
215	7	4	28.936	15.499	0	2	93	0.137	0.137	NA	0.046	NA	180	0
216	7	5	28.799	15.499	0	2	37	0.273	0.273	NA	0.137	NA	180	0
217	7	6	28.845	15.453	0	2	74	0.338	0.232	NA	0.064	NA	-45	135
218	7	7	28.799	15.453	0	2	65	0.383	0.277	NA	0.046	NA	180	-135
219	7	8	28.982	15.544	0	2	130	0.587	0.102	NA	0.204	NA	26.565	-153.435
220	7	9	28.936	15.635	0	2	27	0.689	0.193	NA	0.102	NA	116.565	90
221	7	10	28.39	15.408	0	2	18	1.281	0.689	NA	0.592	NA	-157.38	86.055
222	7	11	28.116	15.271	0	2	65	1.587	0.983	NA	0.306	NA	-153.435	3.945
223	7	12	28.572	14.405	0	2	46	2.565	1.203	NA	0.978	NA	-62.241	91.193
224	8	1	22.195	11.991	0	2	46	0	0	NA	NA	NA	NA	NA
225	8	2	22.468	12.082	0	2	74	0.288	0.288	NA	0.288	NA	18.435	NA
226	8	3	22.24	12.128	0	2	102	0.52	0.144	NA	0.232	NA	168.69	150.255
227	8	4	22.149	12.173	0	2	111	0.622	0.188	NA	0.102	NA	153.435	-15.255
228	8	5	22.149	12.219	0	2	65	0.668	0.232	NA	0.046	NA	90	-63.435
229	8	6	22.468	12.219	0	2	111	0.987	0.356	NA	0.319	NA	0	-90
230	8	7	22.468	12.219	0	2	46	0.987	0.356	NA	0	NA	0	0
231	8	8	22.468	12.31	0	2	74	1.078	0.42	NA	0.091	NA	90	90
232	8	9	22.377	12.401	0	2	65	1.207	0.449	NA	0.129	NA	135	45
233	8	10	22.513	12.447	0	2	74	1.351	0.556	NA	0.144	NA	18.435	-116.565
234	8	11	22.195	12.538	0	2	18	1.682	0.547	NA	0.332	NA	164.055	145.62
235	8	12	22.24	12.674	0	2	111	1.826	0.685	NA	0.144	NA	71.565	-92.49
236	8	13	22.468	12.766	0	2	46	2.072	0.821	NA	0.245	NA	21.801	-49.764
237	8	14	22.513	12.766	0	2	93	2.117	0.837	NA	0.046	NA	0	-21.801
238	8	15	22.513	12.766	0	2	83	2.117	0.837	NA	0	NA	0	0
239	8	16	22.696	12.401	0	2	93	2.525	0.647	NA	0.407	NA	-63.435	-63.435
240	8	17	22.696	12.401	0	2	9	2.525	0.647	NA	0	NA	0	63.435
241	8	18	22.696	12.401	0	2	121	2.525	0.647	NA	0	NA	0	0
242	8	19	22.696	12.401	0	2	149	2.525	0.647	NA	0	NA	0	0
243	8	20	22.696	12.356	0	2	74	2.57	0.62	NA	0.046	NA	-90	-90
244	8	21	22.741	12.356	0	2	102	2.616	0.657	NA	0.046	NA	0	90
245	8	22	22.741	12.766	0	2	83	3.026	0.948	NA	0.41	NA	90	90
246	8	23	22.468	12.766	0	2	55	3.299	0.821	NA	0.273	NA	180	90
247	8	24	22.468	12.766	0	2	55	3.299	0.821	NA	0	NA	0	-180
248	8	25	22.468	12.766	0	2	55	3.299	0.821	NA	0	NA	0	0
249	8	26	22.468	12.766	0	2	37	3.299	0.821	NA	0	NA	0	0
250	8	27	22.468	12.766	0	2	74	3.299	0.821	NA	0	NA	0	0
251	8	28	22.377	12.766	0	2	111	3.39	0.796	NA	0.091	NA	180	180
252	8	29	22.605	12.811	0	2	18	3.622	0.917	NA	0.232	NA	11.31	-168.69
253	8	30	22.331	12.674	0	2	83	3.928	0.697	NA	0.306	NA	-153.435	-164.745
254	8	31	22.468	12.629	0	2	83	4.072	0.694	NA	0.144	NA	-18.435	135
255	8	32	22.559	12.629	0	2	65	4.163	0.734	NA	0.091	NA	0	18.435
256	8	33	22.559	12.629	0	2	55	4.163	0.734	NA	0	NA	0	0
257	8	34	22.559	12.629	0	2	55	4.163	0.734	NA	0	NA	0	0
258	8	35	22.559	12.629	0	2	46	4.163	0.734	NA	0	NA	0	0
259	8	36	22.741	12.629	0	2	27	4.345	0.84	NA	0.182	NA	0	0
260	8	37	22.741	12.629	0	2	37	4.345	0.84	NA	0	NA	0	0
261	8	38	22.741	12.629	0	2	55	4.345	0.84	NA	0	NA	0	0
262	8	39	22.513	12.583	0	2	27	4.577	0.673	NA	0.232	NA	-168.69	-168.69
263	8	40	22.605	12.583	0	2	46	4.669	0.72	NA	0.091	NA	0	168.69
264	8	41	22.513	12.583	0	2	18	4.76	0.673	NA	0.091	NA	180	180
265	8	42	22.513	12.766	0	2	9	4.942	0.837	NA	0.182	NA	90	-90
266	8	43	22.058	12.902	0	2	27	5.417	0.921	NA	0.476	NA	163.301	73.301
267	8	44	22.058	12.948	0	2	46	5.463	0.966	NA	0.046	NA	90	-73.301
268	8	45	22.058	13.039	0	2	27	5.554	1.057	NA	0.091	NA	90	0
269	8	46	22.058	13.084	0	2	46	5.6	1.102	NA	0.046	NA	90	0
270	8	47	22.195	13.358	0	2	37	5.905	1.367	NA	0.306	NA	63.435	-26.565
271	8	48	22.24	13.221	0	2	27	6.049	1.231	NA	0.144	NA	-71.565	-135
272	8	49	21.648	13.449	0	2	18	6.684	1.557	NA	0.634	NA	158.962	-129.472
273	8	50	22.195	13.768	0	2	46	7.316	1.776	NA	0.633	NA	30.256	-128.706
274	9	1	21.01	13.722	0	2	93	0	0	NA	NA	NA	NA	NA
275	9	2	21.192	14.405	0	2	46	0.707	0.707	NA	0.707	NA	75.069	NA
276	9	3	21.876	15.544	0	2	9	2.035	2.017	NA	1.328	NA	59.036	-16.032
277	9	4	22.331	16.592	0	2	55	3.178	3.159	NA	1.142	NA	66.501	7.465
278	9	5	23.333	17.412	0	2	9	4.472	4.36	NA	1.295	NA	39.289	-27.212
279	10	1	17.366	18.869	0	2	83	0	0	NA	NA	NA	NA	NA
280	10	2	17.366	18.869	0	2	9	0	0	NA	0	NA	0	NA
281	10	3	17.184	18.869	0	2	93	0.182	0.182	NA	0.182	NA	180	180
282	10	4	17.184	18.869	0	2	37	0.182	0.182	NA	0	NA	0	-180
283	10	5	17.002	18.869	0	2	74	0.364	0.364	NA	0.182	NA	180	180
284	10	6	16.82	19.006	0	2	46	0.592	0.563	NA	0.228	NA	143.13	-36.87
285	10	7	16.82	19.006	0	2	111	0.592	0.563	NA	0	NA	0	-143.13
286	10	8	16.82	19.006	0	2	27	0.592	0.563	NA	0	NA	0	0
287	10	9	16.82	19.006	0	2	27	0.592	0.563	NA	0	NA	0	0
288	10	10	16.546	19.006	0	2	102	0.865	0.831	NA	0.273	NA	180	180
289	10	11	16.501	19.006	0	2	46	0.911	0.876	NA	0.046	NA	180	0
290	10	12	16.501	18.96	0	2	27	0.957	0.87	NA	0.046	NA	-90	90
291	10	13	16.364	18.642	0	2	83	1.303	1.028	NA	0.347	NA	-113.199	-23.199
292	10	14	16.41	18.596	0	2	65	1.368	0.995	NA	0.064	NA	-45	68.199
293	10	15	16.683	18.596	0	2	83	1.641	0.736	NA	0.273	NA	0	45
294	10	16	16.911	18.642	0	2	55	1.873	0.509	NA	0.232	NA	11.31	11.31
295	10	17	16.911	18.642	0	2	74	1.873	0.509	NA	0	NA	0	-11.31
296	10	18	16.956	18.642	0	2	55	1.919	0.469	NA	0.046	NA	0	0
297	10	19	16.865	18.642	0	2	55	2.01	0.55	NA	0.091	NA	180	180
298	10	20	16.865	18.642	0	2	37	2.01	0.55	NA	0	NA	0	-180
299	10	21	16.911	18.642	0	2	46	2.056	0.509	NA	0.046	NA	0	0
300	10	22	16.911	18.642	0	2	55	2.056	0.509	NA	0	NA	0	0
301	10	23	17.275	18.642	0	2	27	2.42	0.245	NA	0.364	NA	0	0
302	10	24	16.911	18.642	0	2	65	2.784	0.509	NA	0.364	NA	180	180
303	10	25	16.911	18.642	0	2	55	2.784	0.509	NA	0	NA	0	-180
304	10	26	17.047	18.414	0	2	65	3.05	0.556	NA	0.266	NA	-59.036	-59.036
305	10	27	17.366	18.459	0	2	55	3.372	0.41	NA	0.322	NA	8.13	67.166
306	10	28	17.138	18.414	0	2	102	3.604	0.509	NA	0.232	NA	-168.69	-176.82
307	10	29	16.82	18.459	0	2	55	3.927	0.683	NA	0.322	NA	171.87	-19.44
308	10	30	17.093	18.505	0	2	83	4.204	0.456	NA	0.277	NA	9.462	-162.408
309	10	31	17.093	18.505	0	2	46	4.204	0.456	NA	0	NA	0	-9.462
310	10	32	16.956	18.551	0	2	18	4.348	0.519	NA	0.144	NA	161.565	161.565
311	10	33	17.184	18.551	0	2	55	4.575	0.367	NA	0.228	NA	0	-161.565
312	10	34	17.002	18.551	0	2	83	4.758	0.484	NA	0.182	NA	180	180
313	10	35	16.501	18.596	0	2	37	5.261	0.908	NA	0.503	NA	174.806	-5.194
314	10	36	17.002	18.733	0	2	55	5.78	0.389	NA	0.519	NA	15.255	-159.55
315	10	37	16.956	18.733	0	2	46	5.826	0.432	NA	0.046	NA	180	164.745
316	10	38	16.82	18.733	0	2	27	5.962	0.563	NA	0.137	NA	180	0
317	10	39	16.637	18.733	0	2	18	6.144	0.742	NA	0.182	NA	180	0
318	10	40	16.455	18.733	0	2	83	6.327	0.921	NA	0.182	NA	180	0
319	10	41	16.501	18.642	0	2	93	6.429	0.895	NA	0.102	NA	-63.435	116.565
320	10	42	16.455	18.551	0	2	83	6.53	0.965	NA	0.102	NA	-116.565	-53.13
321	11	1	16.41	23.06	0	2	37	0	0	NA	NA	NA	NA	NA
322	11	2	17.457	22.878	0	2	65	1.063	1.063	NA	1.063	NA	-9.866	NA
323	11	3	18.232	22.012	0	2	214	2.225	2.102	NA	1.161	NA	-48.18	-38.314
324	11	4	18.141	21.876	0	2	186	2.389	2.097	NA	0.164	NA	-123.69	-75.51
325	11	5	18.049	21.876	0	2	205	2.48	2.023	NA	0.091	NA	180	-56.31
326	11	6	18.004	21.876	0	2	139	2.526	1.986	NA	0.046	NA	180	0
327	11	7	17.867	21.876	0	2	74	2.662	1.878	NA	0.137	NA	180	0
328	11	8	15.954	22.878	0	2	55	4.822	0.491	NA	2.16	NA	152.354	-27.646
329	11	9	15.225	23.06	0	2	18	5.573	1.184	NA	0.751	NA	165.964	13.61
330	11	10	15.134	23.06	0	2	37	5.664	1.275	NA	0.091	NA	180	14.036
331	11	11	15.362	22.559	0	2	111	6.215	1.161	NA	0.55	NA	-65.556	114.444
332	11	12	15.134	22.559	0	2	65	6.442	1.37	NA	0.228	NA	180	-114.444
333	11	13	15.817	22.331	0	2	121	7.163	0.939	NA	0.72	NA	-18.435	161.565
334	11	14	15.817	22.195	0	2	93	7.299	1.049	NA	0.137	NA	-90	-71.565
335	11	15	15.635	22.103	0	2	130	7.503	1.231	NA	0.204	NA	-153.435	-63.435
336	11	16	15.635	22.058	0	2	111	7.549	1.266	NA	0.046	NA	-90	63.435
337	11	17	13.859	22.832	0	2	27	9.486	2.561	NA	1.938	NA	156.448	-113.552
338	11	18	12.948	23.015	0	2	37	10.416	3.462	NA	0.929	NA	168.69	12.242
339	12	1	27.16	10.625	0	2	37	0	0	NA	NA	NA	NA	NA
340	12	2	26.75	10.534	0	2	46	0.42	0.42	NA	0.42	NA	-167.471	NA
341	12	3	26.522	10.488	0	2	27	0.652	0.652	NA	0.232	NA	-168.69	-1.219
342	12	4	26.522	10.488	0	2	65	0.652	0.652	NA	0	NA	0	168.69
343	12	5	26.431	10.443	0	2	18	0.754	0.751	NA	0.102	NA	-153.435	-153.435
344	12	6	25.839	10.351	0	2	55	1.353	1.349	NA	0.599	NA	-171.254	-17.819
345	12	7	25.839	10.351	0	2	65	1.353	1.349	NA	0	NA	0	171.254
346	12	8	25.839	10.351	0	2	93	1.353	1.349	NA	0	NA	0	0
347	12	9	25.383	10.351	0	2	130	1.809	1.797	NA	0.456	NA	180	180
348	13	1	13.221	9.122	0	2	102	0	0	NA	NA	NA	NA	NA
349	13	2	13.312	9.122	0	2	46	0.091	0.091	NA	0.091	NA	0	NA
350	13	3	13.54	8.848	0	2	83	0.447	0.42	NA	0.356	NA	-50.194	-50.194
351	13	4	13.677	8.848	0	2	111	0.584	0.531	NA	0.137	NA	0	50.194
352	13	5	13.631	8.848	0	2	102	0.629	0.493	NA	0.046	NA	180	180
353	13	6	13.494	8.939	0	2	93	0.793	0.328	NA	0.164	NA	146.31	-33.69
354	13	7	13.677	9.076	0	2	111	1.021	0.458	NA	0.228	NA	36.87	-109.44
355	13	8	13.677	9.076	0	2	46	1.021	0.458	NA	0	NA	0	-36.87
356	13	9	13.813	9.122	0	2	102	1.165	0.592	NA	0.144	NA	18.435	18.435
357	13	10	13.813	9.122	0	2	102	1.165	0.592	NA	0	NA	0	-18.435
358	13	11	13.904	8.985	0	2	242	1.329	0.697	NA	0.164	NA	-56.31	-56.31
359	13	12	14.087	9.167	0	2	130	1.587	0.867	NA	0.258	NA	45	101.31
360	13	13	14.223	9.44	0	2	130	1.893	1.052	NA	0.306	NA	63.435	18.435
361	13	14	14.314	9.076	0	2	167	2.268	1.094	NA	0.376	NA	-75.964	-139.399
362	13	15	14.451	9.167	0	2	223	2.432	1.231	NA	0.164	NA	33.69	109.654
363	13	16	14.36	9.167	0	2	130	2.524	1.14	NA	0.091	NA	180	146.31
364	13	17	14.405	9.304	0	2	111	2.668	1.198	NA	0.144	NA	71.565	-108.435
365	13	18	14.451	9.304	0	2	121	2.713	1.243	NA	0.046	NA	0	-71.565
366	13	19	14.861	9.349	0	2	93	3.126	1.656	NA	0.412	NA	6.34	6.34
367	13	20	14.178	9.03	0	2	111	3.88	0.961	NA	0.754	NA	-154.983	-161.323
368	13	21	14.405	9.076	0	2	83	4.112	1.185	NA	0.232	NA	11.31	166.293
369	13	22	14.405	9.122	0	2	158	4.157	1.184	NA	0.046	NA	90	78.69
370	13	23	14.405	9.122	0	2	130	4.157	1.184	NA	0	NA	0	-90
371	13	24	14.542	9.122	0	2	121	4.294	1.321	NA	0.137	NA	0	0
372	13	25	14.269	9.076	0	2	102	4.571	1.049	NA	0.277	NA	-170.538	-170.538
373	13	26	14.542	9.076	0	2	177	4.844	1.322	NA	0.273	NA	0	170.538
374	13	27	14.223	9.122	0	2	83	5.167	1.002	NA	0.322	NA	171.87	171.87
375	13	28	14.223	9.167	0	2	223	5.212	1.003	NA	0.046	NA	90	-81.87
376	13	29	14.451	9.258	0	2	121	5.457	1.237	NA	0.245	NA	21.801	-68.199
377	13	30	14.451	9.258	0	2	167	5.457	1.237	NA	0	NA	0	-21.801
378	13	31	14.451	9.258	0	2	111	5.457	1.237	NA	0	NA	0	0
379	13	32	14.724	9.577	0	2	130	5.877	1.571	NA	0.42	NA	49.399	49.399
380	13	33	14.405	9.304	0	2	102	6.297	1.198	NA	0.42	NA	-139.399	171.203
381	13	34	14.633	9.44	0	2	214	6.563	1.448	NA	0.266	NA	30.964	170.362
382	13	35	14.633	9.486	0	2	158	6.608	1.458	NA	0.046	NA	90	59.036
383	13	36	14.633	9.486	0	2	130	6.608	1.458	NA	0	NA	0	-90
384	13	37	14.542	9.623	0	2	139	6.773	1.413	NA	0.164	NA	123.69	123.69
385	13	38	14.542	9.304	0	2	37	7.092	1.333	NA	0.319	NA	-90	146.31
386	13	39	14.497	9.258	0	2	46	7.156	1.283	NA	0.064	NA	-135	-45
387	13	40	14.405	9.486	0	2	55	7.401	1.239	NA	0.245	NA	111.801	-113.199
388	13	41	14.405	9.486	0	2	55	7.401	1.239	NA	0	NA	0	-111.801
389	13	42	14.405	9.486	0	2	74	7.401	1.239	NA	0	NA	0	0
390	13	43	14.542	9.987	0	2	18	7.921	1.579	NA	0.519	NA	74.745	74.745
391	14	1	20.236	30.986	0	2	195	0	0	NA	NA	NA	NA	NA
392	14	2	21.01	30.758	0	2	93	0.807	0.807	NA	0.807	NA	-16.39	NA
393	14	3	21.192	30.758	0	2	205	0.989	0.983	NA	0.182	NA	0	16.39
394	14	4	21.557	30.758	0	2	121	1.354	1.34	NA	0.364	NA	0	0
395	14	5	21.375	31.077	0	2	186	1.721	1.142	NA	0.367	NA	119.745	119.745
396	14	6	21.739	30.576	0	2	102	2.341	1.558	NA	0.62	NA	-53.973	-173.718
397	14	7	21.739	30.713	0	2	158	2.477	1.528	NA	0.137	NA	90	143.973
398	14	8	21.739	30.713	0	2	111	2.477	1.528	NA	0	NA	0	-90
399	14	9	21.648	30.758	0	2	130	2.579	1.43	NA	0.102	NA	153.435	153.435
400	14	10	21.466	30.758	0	2	46	2.761	1.251	NA	0.182	NA	180	26.565
401	14	11	22.787	30.576	0	2	158	4.095	2.584	NA	1.333	NA	-7.853	172.147
402	14	12	23.06	30.576	0	2	46	4.368	2.854	NA	0.273	NA	0	7.853
403	14	13	23.47	30.576	0	2	158	4.778	3.26	NA	0.41	NA	0	0
404	14	14	23.516	30.576	0	2	177	4.824	3.305	NA	0.046	NA	0	0
405	14	15	23.607	30.713	0	2	121	4.988	3.382	NA	0.164	NA	56.31	56.31
406	14	16	23.424	31.305	0	2	83	5.607	3.204	NA	0.62	NA	107.103	50.793
407	14	17	23.516	31.077	0	2	55	5.853	3.281	NA	0.245	NA	-68.199	-175.301
408	14	18	23.652	30.895	0	2	55	6.08	3.418	NA	0.228	NA	-53.13	15.068
409	14	19	23.926	30.849	0	2	74	6.357	3.692	NA	0.277	NA	-9.462	43.668
410	14	20	23.926	30.849	0	2	65	6.357	3.692	NA	0	NA	0	9.462
411	14	21	23.926	31.123	0	2	93	6.631	3.692	NA	0.273	NA	90	90
412	14	22	23.926	31.123	0	2	177	6.631	3.692	NA	0	NA	0	-90
413	14	23	24.017	31.168	0	2	83	6.733	3.785	NA	0.102	NA	26.565	26.565
414	14	24	24.108	31.214	0	2	111	6.835	3.879	NA	0.102	NA	26.565	0
415	14	25	23.834	31.214	0	2	102	7.108	3.606	NA	0.273	NA	180	153.435
416	14	26	23.834	31.123	0	2	111	7.199	3.601	NA	0.091	NA	-90	90
417	14	27	23.88	31.031	0	2	18	7.301	3.644	NA	0.102	NA	-63.435	26.565
418	14	28	23.698	31.305	0	2	37	7.629	3.477	NA	0.328	NA	123.69	-172.875
419	14	29	23.516	31.259	0	2	93	7.817	3.291	NA	0.188	NA	-165.964	70.346
420	14	30	23.106	31.533	0	2	55	8.31	2.921	NA	0.493	NA	146.31	-47.726
421	14	31	23.516	31.441	0	2	65	8.73	3.311	NA	0.42	NA	-12.529	-158.839
422	14	32	23.698	31.533	0	2	102	8.933	3.505	NA	0.204	NA	26.565	39.094
423	14	33	24.654	31.35	0	2	111	9.907	4.433	NA	0.974	NA	-10.784	-37.349
424	14	34	24.654	31.487	0	2	102	10.044	4.447	NA	0.137	NA	90	100.784
425	14	35	24.973	31.441	0	2	139	10.366	4.759	NA	0.322	NA	-8.13	-98.13
426	14	36	25.155	31.305	0	2	93	10.594	4.93	NA	0.228	NA	-36.87	-28.74
427	14	37	24.654	31.669	0	2	27	11.213	4.471	NA	0.62	NA	143.973	-179.157
428	15	1	21.238	31.077	0	2	102	0	0	NA	NA	NA	NA	NA
429	15	2	20.145	31.487	0	2	111	1.168	1.168	NA	1.168	NA	159.444	NA
430	15	3	19.644	31.396	0	2	205	1.677	1.626	NA	0.509	NA	-169.695	30.861
431	15	4	18.96	31.578	0	2	233	2.384	2.332	NA	0.707	NA	165.069	-25.236
432	15	5	18.277	32.079	0	2	149	3.231	3.126	NA	0.847	NA	143.746	-21.322
433	15	6	18.004	32.398	0	2	130	3.651	3.493	NA	0.42	NA	130.601	-13.145
434	15	7	17.64	32.489	0	2	121	4.027	3.866	NA	0.376	NA	165.964	35.362
435	15	8	17.412	32.489	0	2	111	4.255	4.079	NA	0.228	NA	180	14.036
436	15	9	17.366	32.489	0	2	149	4.3	4.121	NA	0.046	NA	180	0
437	15	10	17.366	32.489	0	2	158	4.3	4.121	NA	0	NA	0	-180
438	15	11	17.412	32.489	0	2	74	4.346	4.079	NA	0.046	NA	0	0
439	15	12	17.275	32.535	0	2	83	4.49	4.222	NA	0.144	NA	161.565	161.565
440	15	13	17.457	32.398	0	2	167	4.717	4.005	NA	0.228	NA	-36.87	161.565
441	15	14	18.551	31.942	0	2	130	5.902	2.823	NA	1.184	NA	-22.62	14.25
442	15	15	18.687	31.806	0	2	149	6.095	2.653	NA	0.193	NA	-45	-22.38
443	15	16	19.143	31.715	0	2	139	6.56	2.19	NA	0.465	NA	-11.31	33.69
444	15	17	19.279	31.578	0	2	93	6.753	2.022	NA	0.193	NA	-45	-33.69
445	15	18	19.416	31.624	0	2	149	6.897	1.902	NA	0.144	NA	18.435	63.435
446	15	19	20.008	31.396	0	2	74	7.531	1.271	NA	0.634	NA	-21.038	-39.472
447	15	20	20.373	31.35	0	2	83	7.899	0.908	NA	0.367	NA	-7.125	13.912
448	15	21	20.327	31.123	0	2	65	8.131	0.912	NA	0.232	NA	-101.31	-94.185
449	15	22	20.418	31.123	0	2	83	8.222	0.821	NA	0.091	NA	0	101.31
450	15	23	21.147	31.259	0	2	37	8.963	0.204	NA	0.742	NA	10.62	10.62
451	15	24	20.828	31.305	0	2	46	9.286	0.469	NA	0.322	NA	171.87	161.25
452	15	25	20.6	31.441	0	2	37	9.551	0.734	NA	0.266	NA	149.036	-22.834
453	15	26	20.874	31.441	0	2	27	9.824	0.515	NA	0.273	NA	0	-149.036
454	16	1	20.054	32.034	0	2	83	0	0	NA	NA	NA	NA	NA
455	16	2	20.236	31.897	0	2	93	0.228	0.228	NA	0.228	NA	-36.87	NA
456	16	3	20.145	31.897	0	2	102	0.319	0.164	NA	0.091	NA	180	-143.13
457	16	4	20.464	32.034	0	2	93	0.666	0.41	NA	0.347	NA	23.199	-156.801
458	16	5	20.464	32.034	0	2	111	0.666	0.41	NA	0	NA	0	-23.199
459	16	6	20.464	32.079	0	2	93	0.711	0.412	NA	0.046	NA	90	90
460	16	7	21.101	32.079	0	2	111	1.349	1.049	NA	0.638	NA	0	-90
461	16	8	20.965	32.125	0	2	55	1.493	0.916	NA	0.144	NA	161.565	161.565
462	16	9	21.01	32.034	0	2	93	1.595	0.957	NA	0.102	NA	-63.435	135
463	16	10	21.056	31.988	0	2	74	1.659	1.003	NA	0.064	NA	-45	18.435
464	16	11	21.147	31.988	0	2	102	1.75	1.094	NA	0.091	NA	0	45
465	16	12	21.557	31.851	0	2	83	2.183	1.514	NA	0.432	NA	-18.435	-18.435
466	16	13	21.284	32.079	0	2	102	2.538	1.231	NA	0.356	NA	140.194	158.629
467	16	14	21.284	31.942	0	2	65	2.675	1.233	NA	0.137	NA	-90	129.806
468	16	15	21.284	31.942	0	2	102	2.675	1.233	NA	0	NA	0	90
469	16	16	21.284	31.942	0	2	158	2.675	1.233	NA	0	NA	0	0
470	16	17	21.284	31.942	0	2	65	2.675	1.233	NA	0	NA	0	0
471	16	18	21.83	31.942	0	2	93	3.222	1.779	NA	0.547	NA	0	0
472	16	19	21.876	31.942	0	2	74	3.267	1.824	NA	0.046	NA	0	0
473	16	20	22.058	31.851	0	2	55	3.471	2.012	NA	0.204	NA	-26.565	-26.565
474	16	21	21.876	31.851	0	2	55	3.653	1.831	NA	0.182	NA	180	-153.435
475	16	22	21.42	31.897	0	2	102	4.111	1.373	NA	0.458	NA	174.289	-5.711
476	16	23	21.602	31.897	0	2	121	4.293	1.555	NA	0.182	NA	0	-174.289
477	16	24	21.648	31.897	0	2	102	4.339	1.6	NA	0.046	NA	0	0
478	16	25	21.967	31.897	0	2	158	4.657	1.918	NA	0.319	NA	0	0
479	16	26	22.195	31.988	0	2	55	4.903	2.141	NA	0.245	NA	21.801	21.801
480	16	27	22.149	31.988	0	2	46	4.948	2.096	NA	0.046	NA	180	158.199
481	16	28	22.422	32.079	0	2	37	5.236	2.369	NA	0.288	NA	18.435	-161.565
482	16	29	22.422	32.079	0	2	83	5.236	2.369	NA	0	NA	0	-18.435
483	16	30	22.513	32.034	0	2	65	5.338	2.46	NA	0.102	NA	-26.565	-26.565
484	16	31	22.832	32.17	0	2	65	5.685	2.782	NA	0.347	NA	23.199	49.764
485	16	32	22.832	31.942	0	2	102	5.913	2.78	NA	0.228	NA	-90	-113.199
486	16	33	23.151	31.988	0	2	55	6.235	3.098	NA	0.322	NA	8.13	98.13
487	16	34	22.787	31.851	0	2	65	6.624	2.739	NA	0.389	NA	-159.444	-167.574
488	16	35	23.015	31.851	0	2	83	6.852	2.966	NA	0.228	NA	0	159.444
489	16	36	23.197	31.806	0	2	83	7.04	3.151	NA	0.188	NA	-14.036	-14.036
490	16	37	23.834	31.715	0	2	93	7.684	3.794	NA	0.644	NA	-8.13	5.906
491	16	38	23.607	31.806	0	2	46	7.929	3.56	NA	0.245	NA	158.199	166.329
492	16	39	23.607	31.851	0	2	46	7.975	3.558	NA	0.046	NA	90	-68.199
493	16	40	23.197	31.669	0	2	74	8.423	3.164	NA	0.449	NA	-156.038	113.962
494	16	41	23.743	31.806	0	2	55	8.987	3.697	NA	0.563	NA	14.036	170.074
495	16	42	23.607	32.079	0	2	46	9.292	3.553	NA	0.306	NA	116.565	102.529
496	16	43	23.834	32.079	0	2	37	9.52	3.781	NA	0.228	NA	0	-116.565
497	16	44	23.607	32.125	0	2	65	9.752	3.554	NA	0.232	NA	168.69	168.69
498	16	45	23.379	32.125	0	2	37	9.98	3.326	NA	0.228	NA	180	11.31
499	16	46	23.743	32.125	0	2	46	10.345	3.691	NA	0.364	NA	0	-180
500	16	47	23.926	31.76	0	2	55	10.752	3.881	NA	0.407	NA	-63.435	-63.435
501	16	48	24.244	32.125	0	2	65	11.236	4.192	NA	0.484	NA	48.814	112.249
502	16	49	24.108	32.17	0	2	37	11.38	4.056	NA	0.144	NA	161.565	112.751
503	16	50	24.29	32.17	0	2	46	11.562	4.238	NA	0.182	NA	0	-161.565
504	17	1	28.344	33.355	0	2	214	0	0	NA	NA	NA	NA	NA
505	17	2	28.344	33.036	0	2	158	0.319	0.319	NA	0.319	NA	-90	NA
506	17	3	28.298	33.218	0	2	149	0.507	0.144	NA	0.188	NA	104.036	-165.964
507	17	4	28.298	33.218	0	2	167	0.507	0.144	NA	0	NA	0	-104.036
508	17	5	28.298	33.218	0	2	223	0.507	0.144	NA	0	NA	0	0
509	17	6	28.298	33.218	0	2	149	0.507	0.144	NA	0	NA	0	0
510	17	7	28.207	33.4	0	2	186	0.71	0.144	NA	0.204	NA	116.565	116.565
511	17	8	27.478	32.717	0	2	233	1.709	1.075	NA	0.999	NA	-136.848	106.587
512	17	9	26.932	32.671	0	2	149	2.258	1.569	NA	0.549	NA	-175.236	-38.389
513	17	10	25.656	31.624	0	2	74	3.908	3.197	NA	1.651	NA	-140.599	34.637
514	17	11	25.246	31.715	0	2	111	4.328	3.505	NA	0.42	NA	167.471	-51.929
515	17	12	25.292	31.578	0	2	111	4.472	3.531	NA	0.144	NA	-71.565	120.964
516	17	13	25.201	31.487	0	2	111	4.601	3.656	NA	0.129	NA	-135	-63.435
517	17	14	25.611	31.624	0	2	55	5.033	3.235	NA	0.432	NA	18.435	153.435
518	17	15	25.52	31.851	0	2	46	5.279	3.199	NA	0.245	NA	111.801	93.366
519	17	16	25.429	31.897	0	2	65	5.381	3.259	NA	0.102	NA	153.435	41.634
520	17	17	25.338	31.624	0	2	93	5.669	3.469	NA	0.288	NA	-108.435	98.13
521	17	18	25.474	31.669	0	2	65	5.813	3.328	NA	0.144	NA	18.435	126.87
522	17	19	25.611	31.715	0	2	93	5.957	3.187	NA	0.144	NA	18.435	0
523	17	20	25.748	31.76	0	2	74	6.101	3.047	NA	0.144	NA	18.435	0
524	17	21	25.52	31.76	0	2	65	6.329	3.243	NA	0.228	NA	180	161.565
525	17	22	25.292	31.578	0	2	65	6.62	3.531	NA	0.292	NA	-141.34	38.66
526	17	23	25.019	31.851	0	2	93	7.007	3.649	NA	0.387	NA	135	-83.66
527	17	24	25.884	32.034	0	2	102	7.891	2.792	NA	0.884	NA	11.889	-123.111
528	17	25	27.387	32.626	0	2	130	9.507	1.203	NA	1.616	NA	21.501	9.613
529	17	26	28.572	33.127	0	2	121	10.793	0.322	NA	1.286	NA	22.932	1.431
530	17	27	29.528	31.851	0	2	121	12.387	1.914	NA	1.594	NA	-53.13	-76.062
531	17	28	30.212	31.669	0	2	205	13.094	2.516	NA	0.707	NA	-14.931	38.199
532	17	29	30.12	31.669	0	2	158	13.185	2.449	NA	0.091	NA	180	-165.069
533	17	30	30.12	32.125	0	2	158	13.641	2.161	NA	0.456	NA	90	-90
534	17	31	30.166	32.125	0	2	46	13.686	2.198	NA	0.046	NA	0	-90
535	17	32	30.758	32.489	0	2	74	14.382	2.565	NA	0.695	NA	31.608	31.608
536	17	33	30.485	32.945	0	2	139	14.913	2.18	NA	0.531	NA	120.964	89.356
537	17	34	30.621	32.626	0	2	55	15.26	2.391	NA	0.347	NA	-66.801	172.235
538	17	35	30.53	32.58	0	2	46	15.362	2.32	NA	0.102	NA	-153.435	-86.634
539	17	36	30.849	32.58	0	2	149	15.68	2.622	NA	0.319	NA	0	153.435
540	17	37	31.077	32.444	0	2	74	15.946	2.881	NA	0.266	NA	-30.964	-30.964
541	17	38	31.077	32.444	0	2	255	15.946	2.881	NA	0	NA	0	30.964
542	17	39	31.168	32.216	0	2	223	16.191	3.045	NA	0.245	NA	-68.199	-68.199
543	17	40	30.895	32.125	0	2	149	16.479	2.832	NA	0.288	NA	-161.565	-93.366
544	17	41	30.895	32.125	0	2	177	16.479	2.832	NA	0	NA	0	161.565
545	17	42	30.895	31.76	0	2	195	16.844	3.008	NA	0.364	NA	-90	-90
546	17	43	31.031	31.851	0	2	158	17.008	3.079	NA	0.164	NA	33.69	123.69
547	17	44	30.667	31.897	0	2	167	17.375	2.743	NA	0.367	NA	172.875	139.185
548	17	45	30.667	31.897	0	2	102	17.375	2.743	NA	0	NA	0	-172.875
549	17	46	30.257	31.76	0	2	223	17.807	2.49	NA	0.432	NA	-161.565	-161.565
550	17	47	30.303	31.76	0	2	167	17.853	2.526	NA	0.046	NA	0	161.565
551	17	48	30.12	31.396	0	2	121	18.26	2.644	NA	0.407	NA	-116.565	-116.565
552	17	49	29.437	31.806	0	2	121	19.057	1.896	NA	0.797	NA	149.036	-94.399
553	17	50	29.346	31.806	0	2	149	19.148	1.845	NA	0.091	NA	180	30.964
554	18	1	29.984	30.804	0	2	102	0	0	NA	NA	NA	NA	NA
555	18	2	29.847	30.895	0	2	102	0.164	0.164	NA	0.164	NA	146.31	NA
556	18	3	29.893	30.849	0	2	93	0.229	0.102	NA	0.064	NA	-45	168.69
557	18	4	29.665	30.667	0	2	55	0.52	0.347	NA	0.292	NA	-141.34	-96.34
558	18	5	29.71	30.713	0	2	65	0.585	0.288	NA	0.064	NA	45	-173.66
559	18	6	29.71	30.849	0	2	55	0.721	0.277	NA	0.137	NA	90	45
560	18	7	29.483	30.849	0	2	55	0.949	0.503	NA	0.228	NA	180	90
561	18	8	29.118	30.804	0	2	93	1.316	0.865	NA	0.367	NA	-172.875	7.125
562	18	9	29.255	30.986	0	2	83	1.544	0.751	NA	0.228	NA	53.13	-133.995
563	18	10	29.164	31.031	0	2	139	1.646	0.851	NA	0.102	NA	153.435	100.305
564	18	11	29.073	30.986	0	2	74	1.748	0.929	NA	0.102	NA	-153.435	53.13
565	18	12	29.073	31.123	0	2	65	1.885	0.965	NA	0.137	NA	90	-116.565
566	18	13	29.118	30.94	0	2	46	2.072	0.876	NA	0.188	NA	-75.964	-165.964
567	18	14	29.118	30.849	0	2	83	2.163	0.867	NA	0.091	NA	-90	-14.036
568	18	15	28.982	30.895	0	2	74	2.307	1.006	NA	0.144	NA	161.565	-108.435
569	18	16	28.754	30.758	0	2	74	2.573	1.231	NA	0.266	NA	-149.036	49.399
570	18	17	28.526	30.94	0	2	102	2.865	1.464	NA	0.292	NA	141.34	-69.624
571	18	18	28.344	30.804	0	2	149	3.092	1.64	NA	0.228	NA	-143.13	75.53
572	18	19	28.617	30.895	0	2	93	3.381	1.37	NA	0.288	NA	18.435	161.565
573	18	20	28.982	30.986	0	2	158	3.756	1.019	NA	0.376	NA	14.036	-4.399
574	18	21	28.982	30.895	0	2	111	3.847	1.006	NA	0.091	NA	-90	-104.036
575	18	22	28.891	30.53	0	2	37	4.223	1.127	NA	0.376	NA	-104.036	-14.036
576	18	23	28.708	31.031	0	2	102	4.756	1.296	NA	0.533	NA	109.983	-145.981
577	18	24	29.073	30.621	0	2	74	5.305	0.929	NA	0.549	NA	-48.366	-158.35
578	18	25	29.073	30.576	0	2	55	5.35	0.939	NA	0.046	NA	-90	-41.634
579	18	26	29.255	30.621	0	2	27	5.538	0.751	NA	0.188	NA	14.036	104.036
580	18	27	29.073	30.849	0	2	74	5.83	0.912	NA	0.292	NA	128.66	114.624
581	18	28	29.346	30.804	0	2	37	6.107	0.638	NA	0.277	NA	-9.462	-138.122
582	18	29	29.209	31.123	0	2	65	6.454	0.837	NA	0.347	NA	113.199	122.661
583	18	30	29.209	30.849	0	2	102	6.727	0.776	NA	0.273	NA	-90	156.801
584	18	31	29.073	30.804	0	2	37	6.871	0.911	NA	0.144	NA	-161.565	-71.565
585	18	32	29.027	30.713	0	2	37	6.973	0.961	NA	0.102	NA	-116.565	45
586	18	33	29.346	30.804	0	2	55	7.304	0.638	NA	0.332	NA	15.945	132.51
587	18	34	29.073	30.667	0	2	27	7.61	0.921	NA	0.306	NA	-153.435	-169.38
588	18	35	29.073	30.667	0	2	74	7.61	0.921	NA	0	NA	0	153.435
589	18	36	29.073	31.031	0	2	37	7.974	0.939	NA	0.364	NA	90	90
590	18	37	29.301	31.031	0	2	27	8.202	0.72	NA	0.228	NA	0	-90
591	18	38	29.164	30.667	0	2	27	8.591	0.831	NA	0.389	NA	-110.556	-110.556
592	18	39	29.346	30.667	0	2	18	8.774	0.652	NA	0.182	NA	0	110.556
593	18	40	29.301	30.667	0	2	37	8.819	0.697	NA	0.046	NA	180	180
594	18	41	29.209	30.758	0	2	65	8.948	0.776	NA	0.129	NA	135	-45
595	18	42	29.164	30.758	0	2	74	8.993	0.821	NA	0.046	NA	180	45
596	18	43	29.437	30.758	0	2	65	9.267	0.549	NA	0.273	NA	0	-180
597	18	44	29.574	30.758	0	2	74	9.403	0.412	NA	0.137	NA	0	0
598	18	45	29.802	30.713	0	2	46	9.636	0.204	NA	0.232	NA	-11.31	-11.31
599	18	46	29.619	30.804	0	2	18	9.839	0.364	NA	0.204	NA	153.435	164.745
600	18	47	29.802	30.895	0	2	37	10.043	0.204	NA	0.204	NA	26.565	-126.87
