Nr	TID	PID	x [micron]	y [micron]	t [sec]	c [idx]	I [val]	Len [micron]	D2S [micron]	D2R [micron]	D2P [micron]	v [micron/sec]	? [deg]	?? [deg]
1	1	1	22.151	10.357	0	2	111	0	0	NA	NA	NA	NA	NA
2	1	2	21.581	11.453	0	2	93	1.235	1.235	NA	1.235	NA	117.474	NA
3	1	3	22.238	10.489	0	2	205	2.403	0.158	NA	1.167	NA	-55.713	-173.188
4	1	4	22.414	10.314	0	2	158	2.651	0.267	NA	0.248	NA	-45	10.713
5	1	5	22.677	9.788	0	2	102	3.239	0.776	NA	0.588	NA	-63.435	-18.435
6	1	6	23.247	8.779	0	2	102	4.397	1.922	NA	1.158	NA	-60.524	2.911
7	1	7	23.028	8.823	0	2	167	4.621	1.767	NA	0.224	NA	168.69	-130.786
8	1	8	23.247	8.867	0	2	46	4.844	1.85	NA	0.224	NA	11.31	-157.38
9	1	9	23.597	8.516	0	2	139	5.34	2.342	NA	0.496	NA	-45	-56.31
10	1	10	23.685	8.034	0	2	74	5.83	2.785	NA	0.49	NA	-79.695	-34.695
11	1	11	24.606	6.543	0	2	65	7.582	4.536	NA	1.752	NA	-58.299	21.397
12	1	12	25.921	4.921	0	2	65	9.671	6.616	NA	2.088	NA	-50.964	7.334
13	1	13	25.877	4.921	0	2	27	9.715	6.591	NA	0.044	NA	180	-129.036
14	1	14	26.184	4.395	0	2	37	10.324	7.198	NA	0.609	NA	-59.744	120.256
15	1	15	26.272	4	0	2	37	10.728	7.576	NA	0.404	NA	-77.471	-17.728
16	2	1	25.79	8.122	0	2	46	0	0	NA	NA	NA	NA	NA
17	2	2	25.57	8.209	0	2	46	0.236	0.236	NA	0.236	NA	158.199	NA
18	2	3	25.57	8.209	0	2	74	0.236	0.236	NA	0	NA	0	-158.199
19	2	4	25.702	8.209	0	2	121	0.368	0.124	NA	0.132	NA	0	0
20	2	5	25.702	8.209	0	2	93	0.368	0.124	NA	0	NA	0	0
21	2	6	25.702	8.209	0	2	74	0.368	0.124	NA	0	NA	0	0
22	2	7	25.702	8.56	0	2	18	0.718	0.447	NA	0.351	NA	90	90
23	2	8	25.439	8.604	0	2	83	0.985	0.596	NA	0.267	NA	170.538	80.538
24	2	9	25.702	8.604	0	2	46	1.248	0.49	NA	0.263	NA	0	-170.538
25	2	10	25.702	8.604	0	2	55	1.248	0.49	NA	0	NA	0	0
26	2	11	25.921	8.253	0	2	93	1.662	0.186	NA	0.414	NA	-57.995	-57.995
27	2	12	25.965	8.253	0	2	37	1.706	0.219	NA	0.044	NA	0	57.995
28	2	13	25.746	8.385	0	2	74	1.961	0.267	NA	0.256	NA	149.036	149.036
29	2	14	25.746	8.472	0	2	46	2.049	0.353	NA	0.088	NA	90	-59.036
30	2	15	25.833	8.516	0	2	0	2.147	0.397	NA	0.098	NA	26.565	-63.435
31	2	16	25.702	8.56	0	2	37	2.285	0.447	NA	0.139	NA	161.565	135
32	2	17	25.658	8.56	0	2	37	2.329	0.458	NA	0.044	NA	180	18.435
33	2	18	25.57	8.648	0	2	46	2.453	0.57	NA	0.124	NA	135	-45
34	2	19	25.79	8.735	0	2	55	2.689	0.614	NA	0.236	NA	21.801	-113.199
35	2	20	25.79	8.779	0	2	18	2.733	0.658	NA	0.044	NA	90	68.199
36	2	21	25.526	8.691	0	2	55	3.011	0.628	NA	0.277	NA	-161.565	108.435
37	2	22	25.921	8.56	0	2	46	3.426	0.458	NA	0.416	NA	-18.435	143.13
38	2	23	25.877	8.428	0	2	46	3.565	0.319	NA	0.139	NA	-108.435	-90
39	2	24	25.79	8.911	0	2	65	4.055	0.789	NA	0.49	NA	100.305	-151.26
40	2	25	25.79	8.998	0	2	46	4.143	0.877	NA	0.088	NA	90	-10.305
41	2	26	25.79	8.911	0	2	46	4.231	0.789	NA	0.088	NA	-90	-180
42	2	27	25.833	8.955	0	2	46	4.293	0.834	NA	0.062	NA	45	135
43	2	28	26.009	8.867	0	2	37	4.489	0.777	NA	0.196	NA	-26.565	-71.565
44	2	29	26.228	8.735	0	2	37	4.744	0.754	NA	0.256	NA	-30.964	-4.399
45	2	30	25.965	8.955	0	2	46	5.087	0.851	NA	0.342	NA	140.194	171.158
46	2	31	26.009	8.735	0	2	65	5.31	0.652	NA	0.224	NA	-78.69	141.116
47	2	32	26.14	8.779	0	2	55	5.449	0.745	NA	0.139	NA	18.435	97.125
48	2	33	25.965	9.086	0	2	18	5.802	0.98	NA	0.353	NA	119.745	101.31
49	2	34	26.228	9.305	0	2	27	6.145	1.262	NA	0.342	NA	39.806	-79.939
50	2	35	25.921	9.437	0	2	46	6.479	1.322	NA	0.334	NA	156.801	116.996
51	2	36	25.79	9.481	0	2	46	6.617	1.359	NA	0.139	NA	161.565	4.764
52	2	37	26.053	9.656	0	2	46	6.933	1.557	NA	0.316	NA	33.69	-127.875
53	2	38	26.009	9.744	0	2	9	7.031	1.637	NA	0.098	NA	116.565	82.875
54	2	39	25.526	10.051	0	2	46	7.603	1.947	NA	0.572	NA	147.529	30.964
55	2	40	25.526	10.094	0	2	0	7.647	1.99	NA	0.044	NA	90	-57.529
56	3	1	23.203	6.456	0	2	18	0	0	NA	NA	NA	NA	NA
57	3	2	23.422	6.456	0	2	74	0.219	0.219	NA	0.219	NA	0	NA
58	3	3	23.378	6.456	0	2	27	0.263	0.175	NA	0.044	NA	180	180
59	3	4	23.422	6.456	0	2	27	0.307	0.219	NA	0.044	NA	0	-180
60	3	5	23.466	6.368	0	2	18	0.405	0.277	NA	0.098	NA	-63.435	-63.435
61	3	6	23.685	6.719	0	2	18	0.819	0.549	NA	0.414	NA	57.995	121.43
62	3	7	23.334	6.675	0	2	18	1.172	0.256	NA	0.353	NA	-172.875	129.13
63	3	8	23.597	5.842	0	2	55	2.046	0.73	NA	0.874	NA	-72.474	100.401
64	3	9	23.466	7.026	0	2	0	3.236	0.628	NA	1.191	NA	96.34	168.815
65	3	10	23.422	6.412	0	2	0	3.852	0.224	NA	0.615	NA	-94.086	169.574
66	3	11	23.729	5.754	0	2	37	4.578	0.877	NA	0.726	NA	-64.983	29.103
67	3	12	23.729	5.491	0	2	27	4.841	1.099	NA	0.263	NA	-90	-25.017
68	3	13	23.948	5.491	0	2	27	5.06	1.219	NA	0.219	NA	0	90
69	4	1	26.228	3.431	0	2	27	0	0	NA	NA	NA	NA	NA
70	4	2	25.351	5.272	0	2	111	2.039	2.039	NA	2.039	NA	115.463	NA
71	4	3	24.08	7.464	0	2	130	4.574	4.57	NA	2.534	NA	120.114	4.65
72	4	4	22.063	11.103	0	2	130	8.734	8.73	NA	4.16	NA	118.996	-1.118
73	4	5	20.748	13.339	0	2	0	11.328	11.323	NA	2.594	NA	120.466	1.47
74	4	6	20.704	13.821	0	2	55	11.812	11.767	NA	0.484	NA	95.194	-25.271
75	4	7	20.704	13.821	0	2	18	11.812	11.767	NA	0	NA	0	-95.194
76	4	8	20.266	14.259	0	2	27	12.432	12.362	NA	0.62	NA	135	135
77	5	1	21.581	18.161	0	2	223	0	0	NA	NA	NA	NA	NA
78	5	2	21.712	18.073	0	2	255	0.158	0.158	NA	0.158	NA	-33.69	NA
79	5	3	21.712	17.986	0	2	242	0.246	0.219	NA	0.088	NA	-90	-56.31
80	5	4	21.712	17.986	0	2	255	0.246	0.219	NA	0	NA	0	90
81	5	5	21.888	18.117	0	2	149	0.465	0.31	NA	0.219	NA	36.87	36.87
82	5	6	22.019	18.073	0	2	139	0.604	0.447	NA	0.139	NA	-18.435	-55.305
83	5	7	22.019	17.986	0	2	255	0.691	0.472	NA	0.088	NA	-90	-71.565
84	5	8	22.326	17.81	0	2	255	1.045	0.824	NA	0.353	NA	-29.745	60.255
85	5	9	22.326	17.767	0	2	93	1.089	0.843	NA	0.044	NA	-90	-60.255
86	5	10	22.37	17.504	0	2	177	1.355	1.027	NA	0.267	NA	-80.538	9.462
87	5	11	22.37	17.504	0	2	111	1.355	1.027	NA	0	NA	0	80.538
88	5	12	22.37	17.46	0	2	102	1.399	1.056	NA	0.044	NA	-90	-90
89	5	13	22.37	17.46	0	2	93	1.399	1.056	NA	0	NA	0	90
90	5	14	22.37	17.46	0	2	130	1.399	1.056	NA	0	NA	0	0
91	5	15	22.151	17.767	0	2	233	1.776	0.693	NA	0.377	NA	125.538	125.538
92	5	16	22.37	17.504	0	2	121	2.119	1.027	NA	0.342	NA	-50.194	-175.732
93	5	17	22.501	17.416	0	2	111	2.277	1.185	NA	0.158	NA	-33.69	16.504
94	5	18	21.975	18.161	0	2	139	3.189	0.395	NA	0.912	NA	125.218	158.908
95	5	19	22.107	18.117	0	2	37	3.328	0.528	NA	0.139	NA	-18.435	-143.653
96	5	20	22.107	18.03	0	2	121	3.415	0.542	NA	0.088	NA	-90	-71.565
97	5	21	21.975	18.03	0	2	102	3.547	0.416	NA	0.132	NA	180	-90
98	5	22	21.8	17.898	0	2	139	3.766	0.342	NA	0.219	NA	-143.13	36.87
99	5	23	21.756	17.81	0	2	102	3.864	0.392	NA	0.098	NA	-116.565	26.565
100	5	24	21.668	17.986	0	2	158	4.06	0.196	NA	0.196	NA	116.565	-126.87
101	5	25	21.668	18.03	0	2	102	4.104	0.158	NA	0.044	NA	90	-26.565
102	5	26	21.756	17.986	0	2	111	4.202	0.248	NA	0.098	NA	-26.565	-116.565
103	5	27	21.844	17.942	0	2	93	4.3	0.342	NA	0.098	NA	-26.565	0
104	5	28	21.844	17.942	0	2	37	4.3	0.342	NA	0	NA	0	26.565
105	5	29	21.668	17.767	0	2	65	4.548	0.404	NA	0.248	NA	-135	-135
106	5	30	21.449	17.46	0	2	74	4.925	0.714	NA	0.377	NA	-125.538	9.462
107	5	31	21.405	17.416	0	2	111	4.987	0.766	NA	0.062	NA	-135	-9.462
108	5	32	21.405	17.416	0	2	74	4.987	0.766	NA	0	NA	0	135
109	5	33	20.397	17.898	0	2	55	6.105	1.213	NA	1.118	NA	154.44	154.44
110	5	34	19.17	19.038	0	2	18	7.78	2.566	NA	1.675	NA	137.121	-17.319
111	5	35	19.652	18.556	0	2	37	8.462	1.969	NA	0.682	NA	-45	177.879
112	5	36	19.389	18.6	0	2	74	8.729	2.235	NA	0.267	NA	170.538	-144.462
113	5	37	19.783	18.95	0	2	27	9.257	1.963	NA	0.528	NA	41.634	-128.904
114	5	38	19.476	18.556	0	2	27	9.757	2.141	NA	0.5	NA	-127.875	-169.509
115	5	39	20.266	18.03	0	2	37	10.705	1.322	NA	0.948	NA	-33.69	94.185
116	5	40	20.748	18.117	0	2	27	11.195	0.834	NA	0.49	NA	10.305	43.995
117	6	1	25.921	16.013	0	2	223	0	0	NA	NA	NA	NA	NA
118	6	2	26.053	15.925	0	2	167	0.158	0.158	NA	0.158	NA	-33.69	NA
119	6	3	26.272	15.75	0	2	233	0.439	0.438	NA	0.281	NA	-38.66	-4.97
120	6	4	26.272	15.706	0	2	223	0.483	0.466	NA	0.044	NA	-90	-51.34
121	6	5	26.359	15.706	0	2	205	0.57	0.535	NA	0.088	NA	0	90
122	6	6	26.272	15.706	0	2	158	0.658	0.466	NA	0.088	NA	180	180
123	6	7	26.316	15.794	0	2	223	0.756	0.451	NA	0.098	NA	63.435	-116.565
124	6	8	26.403	15.794	0	2	65	0.844	0.53	NA	0.088	NA	0	-63.435
125	6	9	26.973	15.355	0	2	27	1.563	1.241	NA	0.719	NA	-37.569	-37.569
126	6	10	25.57	15.575	0	2	139	2.983	0.561	NA	1.42	NA	171.119	-151.312
127	6	11	23.159	16.495	0	2	0	5.564	2.804	NA	2.581	NA	159.102	-12.017
128	6	12	21.625	16.232	0	2	83	7.121	4.302	NA	1.557	NA	-170.272	30.625
129	6	13	21.844	15.969	0	2	102	7.463	4.077	NA	0.342	NA	-50.194	120.078
130	6	14	21.932	15.355	0	2	55	8.083	4.043	NA	0.62	NA	-81.87	-31.675
131	6	15	22.151	14.961	0	2	55	8.534	3.914	NA	0.451	NA	-60.945	20.925
132	7	1	21.099	18.073	0	2	121	0	0	NA	NA	NA	NA	NA
133	7	2	20.046	18.468	0	2	37	1.124	1.124	NA	1.124	NA	159.444	NA
134	7	3	19.652	18.731	0	2	37	1.598	1.589	NA	0.474	NA	146.31	-13.134
135	7	4	19.213	19.257	0	2	55	2.283	2.226	NA	0.685	NA	129.806	-16.504
136	7	5	19.301	19.17	0	2	0	2.407	2.105	NA	0.124	NA	-45	-174.806
137	7	6	19.52	19.126	0	2	55	2.63	1.897	NA	0.224	NA	-11.31	33.69
138	7	7	19.608	19.213	0	2	9	2.754	1.876	NA	0.124	NA	45	56.31
139	7	8	19.433	19.476	0	2	27	3.07	2.178	NA	0.316	NA	123.69	78.69
140	7	9	19.126	19.213	0	2	37	3.475	2.278	NA	0.404	NA	-139.399	96.911
141	7	10	19.17	19.257	0	2	27	3.537	2.263	NA	0.062	NA	45	-175.601
142	7	11	19.082	19.696	0	2	55	3.984	2.588	NA	0.447	NA	101.31	56.31
143	8	1	22.37	16.846	0	2	9	0	0	NA	NA	NA	NA	NA
144	8	2	22.896	16.89	0	2	27	0.528	0.528	NA	0.528	NA	4.764	NA
145	8	3	23.422	16.977	0	2	0	1.061	1.06	NA	0.533	NA	9.462	4.699
146	8	4	23.466	16.977	0	2	46	1.105	1.104	NA	0.044	NA	0	-9.462
147	8	5	23.554	17.021	0	2	93	1.203	1.197	NA	0.098	NA	26.565	26.565
148	8	6	23.247	16.89	0	2	9	1.537	0.878	NA	0.334	NA	-156.801	176.634
149	8	7	23.466	17.372	0	2	83	2.067	1.216	NA	0.53	NA	65.556	-137.643
150	8	8	23.466	17.284	0	2	55	2.154	1.18	NA	0.088	NA	-90	-155.556
151	8	9	24.474	17.284	0	2	55	3.163	2.15	NA	1.008	NA	0	90
152	8	10	24.211	17.46	0	2	65	3.479	1.941	NA	0.316	NA	146.31	146.31
153	8	11	24.65	17.723	0	2	102	3.99	2.443	NA	0.511	NA	30.964	-115.346
154	8	12	24.43	18.512	0	2	46	4.809	2.65	NA	0.819	NA	105.524	74.56
155	8	13	24.43	18.512	0	2	74	4.809	2.65	NA	0	NA	0	-105.524
156	8	14	23.773	18.468	0	2	18	5.468	2.145	NA	0.659	NA	-176.186	-176.186
157	8	15	24.124	18.775	0	2	65	5.934	2.607	NA	0.466	NA	41.186	-142.628
158	8	16	23.028	19.257	0	2	9	7.132	2.499	NA	1.197	NA	156.251	115.065
159	8	17	22.94	19.345	0	2	27	7.256	2.563	NA	0.124	NA	135	-21.251
160	8	18	22.764	18.687	0	2	65	7.936	1.883	NA	0.681	NA	-104.931	120.069
161	8	19	22.896	18.556	0	2	65	8.122	1.789	NA	0.186	NA	-45	59.931
162	8	20	22.94	18.687	0	2	27	8.261	1.928	NA	0.139	NA	71.565	116.565
163	8	21	22.984	18.643	0	2	27	8.323	1.899	NA	0.062	NA	-45	-116.565
164	8	22	23.028	18.424	0	2	27	8.547	1.71	NA	0.224	NA	-78.69	-33.69
165	8	23	23.159	17.854	0	2	102	9.131	1.28	NA	0.585	NA	-77.005	1.685
166	8	24	23.466	17.635	0	2	121	9.509	1.351	NA	0.377	NA	-35.538	41.468
167	8	25	23.641	17.504	0	2	121	9.728	1.431	NA	0.219	NA	-36.87	-1.332
168	8	26	24.167	17.986	0	2	37	10.441	2.128	NA	0.714	NA	42.51	79.38
169	8	27	24.299	17.898	0	2	55	10.6	2.197	NA	0.158	NA	-33.69	-76.201
170	8	28	24.869	17.197	0	2	0	11.503	2.523	NA	0.904	NA	-50.906	-17.216
171	8	29	25.044	17.81	0	2	55	12.142	2.843	NA	0.638	NA	74.055	124.961
172	8	30	24.781	18.073	0	2	0	12.514	2.706	NA	0.372	NA	135	60.945
173	8	31	24.08	18.6	0	2	27	13.391	2.449	NA	0.877	NA	143.13	8.13
174	8	32	23.597	18.38	0	2	9	13.92	1.965	NA	0.53	NA	-155.556	61.314
175	9	1	19.783	19.959	0	2	37	0	0	NA	NA	NA	NA	NA
176	9	2	19.871	20.572	0	2	149	0.62	0.62	NA	0.62	NA	81.87	NA
177	9	3	19.871	20.66	0	2	74	0.708	0.707	NA	0.088	NA	90	8.13
178	9	4	20.134	20.66	0	2	93	0.971	0.784	NA	0.263	NA	0	-90
179	9	5	20.09	20.66	0	2	83	1.015	0.766	NA	0.044	NA	180	180
180	9	6	20.046	20.66	0	2	121	1.058	0.749	NA	0.044	NA	180	0
181	9	7	20.046	20.66	0	2	65	1.058	0.749	NA	0	NA	0	-180
182	9	8	21.668	20.134	0	2	102	2.764	1.893	NA	1.705	NA	-17.969	-17.969
183	9	9	19.082	20.967	0	2	111	5.481	1.228	NA	2.717	NA	162.15	-179.881
184	9	10	19.038	20.967	0	2	93	5.525	1.254	NA	0.044	NA	180	17.85
185	9	11	19.608	20.923	0	2	27	6.097	0.98	NA	0.572	NA	-4.399	175.601
186	9	12	19.652	20.923	0	2	27	6.14	0.973	NA	0.044	NA	0	4.399
187	9	13	20.09	20.967	0	2	65	6.581	1.054	NA	0.441	NA	5.711	5.711
188	9	14	20.704	20.923	0	2	55	7.196	1.333	NA	0.615	NA	-4.086	-9.796
189	9	15	20.748	20.792	0	2	18	7.335	1.274	NA	0.139	NA	-71.565	-67.479
190	9	16	20.748	20.792	0	2	55	7.335	1.274	NA	0	NA	0	71.565
191	10	1	15.048	20.923	0	2	205	0	0	NA	NA	NA	NA	NA
192	10	2	16.671	20.923	0	2	46	1.622	1.622	NA	1.622	NA	0	NA
193	10	3	17.942	20.046	0	2	149	3.167	3.023	NA	1.544	NA	-34.592	-34.592
194	10	4	18.95	20.002	0	2	74	4.176	4.009	NA	1.009	NA	-2.49	32.103
195	10	5	19.038	19.827	0	2	55	4.372	4.137	NA	0.196	NA	-63.435	-60.945
196	10	6	19.038	19.783	0	2	93	4.416	4.149	NA	0.044	NA	-90	-26.565
197	10	7	18.687	19.871	0	2	102	4.777	3.788	NA	0.362	NA	165.964	-104.036
198	10	8	18.95	19.827	0	2	65	5.044	4.053	NA	0.267	NA	-9.462	-175.426
199	10	9	18.95	19.783	0	2	74	5.088	4.065	NA	0.044	NA	-90	-80.538
200	10	10	18.731	19.871	0	2	27	5.324	3.83	NA	0.236	NA	158.199	-111.801
201	10	11	19.17	19.696	0	2	0	5.796	4.3	NA	0.472	NA	-21.801	-180
202	10	12	17.065	20.879	0	2	111	8.211	2.017	NA	2.414	NA	150.642	172.444
203	10	13	16.451	21.449	0	2	46	9.048	1.498	NA	0.838	NA	137.121	-13.521
204	10	14	16.057	21.142	0	2	46	9.548	1.032	NA	0.5	NA	-142.125	80.754
205	10	15	17.416	20.66	0	2	55	10.99	2.382	NA	1.442	NA	-19.537	122.588
206	10	16	17.898	20.222	0	2	93	11.642	2.935	NA	0.652	NA	-42.274	-22.737
207	10	17	17.81	20.09	0	2	27	11.8	2.885	NA	0.158	NA	-123.69	-81.416
208	10	18	17.854	20.134	0	2	55	11.862	2.915	NA	0.062	NA	45	168.69
209	10	19	18.731	19.345	0	2	83	13.042	4.007	NA	1.18	NA	-41.987	-86.987
210	10	20	18.819	19.257	0	2	37	13.166	4.122	NA	0.124	NA	-45	-3.013
211	11	1	18.95	18.03	0	2	186	0	0	NA	NA	NA	NA	NA
212	11	2	19.739	17.328	0	2	255	1.056	1.056	NA	1.056	NA	-41.634	NA
213	11	3	19.301	17.942	0	2	195	1.81	0.362	NA	0.754	NA	125.538	167.171
214	11	4	19.476	17.854	0	2	111	2.006	0.555	NA	0.196	NA	-26.565	-152.103
215	11	5	19.345	17.81	0	2	223	2.145	0.451	NA	0.139	NA	-161.565	-135
216	11	6	19.345	17.81	0	2	251	2.145	0.451	NA	0	NA	0	161.565
217	11	7	19.345	17.81	0	2	186	2.145	0.451	NA	0	NA	0	0
218	11	8	19.257	17.854	0	2	167	2.243	0.353	NA	0.098	NA	153.435	153.435
219	11	9	19.739	17.723	0	2	83	2.743	0.847	NA	0.5	NA	-15.255	-168.69
220	11	10	19.652	17.591	0	2	111	2.901	0.827	NA	0.158	NA	-123.69	-108.435
221	11	11	20.002	17.46	0	2	102	3.275	1.197	NA	0.375	NA	-20.556	103.134
222	11	12	20.835	16.627	0	2	111	4.453	2.35	NA	1.178	NA	-45	-24.444
223	12	1	11.629	22.37	0	2	167	0	0	NA	NA	NA	NA	NA
224	12	2	12.155	22.414	0	2	65	0.528	0.528	NA	0.528	NA	4.764	NA
225	12	3	12.506	22.501	0	2	55	0.889	0.887	NA	0.362	NA	14.036	9.273
226	12	4	12.506	22.195	0	2	37	1.196	0.894	NA	0.307	NA	-90	-104.036
227	12	5	13.119	22.151	0	2	65	1.812	1.507	NA	0.615	NA	-4.086	85.914
228	12	6	13.119	22.151	0	2	74	1.812	1.507	NA	0	NA	0	4.086
229	12	7	13.119	22.151	0	2	27	1.812	1.507	NA	0	NA	0	0
230	12	8	13.119	22.151	0	2	37	1.812	1.507	NA	0	NA	0	0
231	12	9	13.514	22.195	0	2	27	2.209	1.893	NA	0.397	NA	6.34	6.34
232	12	10	13.689	22.195	0	2	27	2.384	2.068	NA	0.175	NA	0	-6.34
233	12	11	13.558	21.888	0	2	46	2.718	1.988	NA	0.334	NA	-113.199	-113.199
234	12	12	13.952	21.844	0	2	74	3.115	2.382	NA	0.397	NA	-6.34	106.858
235	12	13	14.654	21.23	0	2	74	4.047	3.233	NA	0.932	NA	-41.186	-34.846
236	12	14	14.61	21.449	0	2	9	4.271	3.12	NA	0.224	NA	101.31	142.496
237	12	15	14.084	21.888	0	2	18	4.955	2.502	NA	0.685	NA	140.194	38.884
238	12	16	13.952	21.405	0	2	9	5.455	2.516	NA	0.5	NA	-105.255	114.55
239	13	1	20.572	15.881	0	2	167	0	0	NA	NA	NA	NA	NA
240	13	2	20.397	15.881	0	2	167	0.175	0.175	NA	0.175	NA	180	NA
241	13	3	20.704	15.487	0	2	93	0.675	0.416	NA	0.5	NA	-52.125	127.875
242	13	4	20.967	15.575	0	2	130	0.953	0.5	NA	0.277	NA	18.435	70.56
243	13	5	20.66	15.662	0	2	46	1.272	0.236	NA	0.319	NA	164.055	145.62
244	13	6	20.353	15.662	0	2	255	1.579	0.31	NA	0.307	NA	180	15.945
245	13	7	19.257	15.838	0	2	139	2.689	1.316	NA	1.11	NA	170.91	-9.09
246	13	8	18.512	16.276	0	2	121	3.553	2.098	NA	0.865	NA	149.534	-21.375
247	13	9	17.898	16.495	0	2	121	4.205	2.744	NA	0.652	NA	160.346	10.812
248	13	10	18.293	16.758	0	2	177	4.679	2.443	NA	0.474	NA	33.69	-126.656
249	13	11	18.38	16.802	0	2	167	4.777	2.378	NA	0.098	NA	26.565	-7.125
250	13	12	18.556	16.671	0	2	233	4.996	2.166	NA	0.219	NA	-36.87	-63.435
251	13	13	18.556	16.671	0	2	130	4.996	2.166	NA	0	NA	0	36.87
252	13	14	18.6	16.714	0	2	74	5.058	2.141	NA	0.062	NA	45	45
253	13	15	18.819	16.846	0	2	121	5.314	2.001	NA	0.256	NA	30.964	-14.036
254	13	16	19.345	16.627	0	2	83	5.884	1.436	NA	0.57	NA	-22.62	-53.584
255	13	17	19.608	16.451	0	2	139	6.2	1.12	NA	0.316	NA	-33.69	-11.07
256	13	18	18.775	16.846	0	2	149	7.122	2.04	NA	0.922	NA	154.654	-171.656
257	13	19	18.731	16.846	0	2	177	7.166	2.079	NA	0.044	NA	180	25.346
258	13	20	18.6	16.802	0	2	111	7.304	2.177	NA	0.139	NA	-161.565	18.435
259	13	21	18.6	16.802	0	2	121	7.304	2.177	NA	0	NA	0	161.565
260	13	22	19.257	16.408	0	2	139	8.071	1.417	NA	0.767	NA	-30.964	-30.964
261	13	23	19.17	16.144	0	2	130	8.348	1.427	NA	0.277	NA	-108.435	-77.471
262	13	24	19.345	15.925	0	2	130	8.629	1.228	NA	0.281	NA	-51.34	57.095
263	13	25	19.433	16.32	0	2	139	9.033	1.221	NA	0.404	NA	77.471	128.811
264	13	26	18.95	16.714	0	2	121	9.656	1.823	NA	0.623	NA	140.711	63.239
265	13	27	18.95	16.627	0	2	111	9.744	1.785	NA	0.088	NA	-90	129.289
266	13	28	19.038	16.583	0	2	121	9.842	1.687	NA	0.098	NA	-26.565	63.435
267	13	29	19.038	16.583	0	2	111	9.842	1.687	NA	0	NA	0	26.565
268	13	30	19.082	16.539	0	2	93	9.904	1.629	NA	0.062	NA	-45	-45
269	13	31	19.082	16.539	0	2	74	9.904	1.629	NA	0	NA	0	45
270	13	32	19.476	16.057	0	2	46	10.527	1.11	NA	0.623	NA	-50.711	-50.711
271	13	33	19.959	15.662	0	2	83	11.15	0.652	NA	0.623	NA	-39.289	11.421
272	13	34	20.529	14.917	0	2	74	12.089	0.965	NA	0.938	NA	-52.595	-13.305
273	13	35	20.046	15.355	0	2	130	12.74	0.744	NA	0.652	NA	137.726	-169.679
274	13	36	19.915	15.355	0	2	18	12.872	0.842	NA	0.132	NA	180	42.274
275	13	37	19.433	15.618	0	2	55	13.421	1.17	NA	0.549	NA	151.39	-28.61
276	13	38	19.389	15.794	0	2	18	13.602	1.187	NA	0.181	NA	104.036	-47.353
277	14	1	25.702	5.36	0	2	93	0	0	NA	NA	NA	NA	NA
278	14	2	26.096	4.702	0	2	55	0.767	0.767	NA	0.767	NA	-59.036	NA
279	14	3	26.272	4.132	0	2	46	1.363	1.353	NA	0.596	NA	-72.897	-13.861
280	14	4	26.009	1.984	0	2	0	3.527	3.39	NA	2.164	NA	-96.981	-24.084
281	14	5	26.184	2.773	0	2	18	4.336	2.631	NA	0.808	NA	77.471	174.452
282	14	6	25.965	4.57	0	2	18	6.147	0.832	NA	1.811	NA	96.953	19.482
283	14	7	26.228	4.483	0	2	18	6.424	1.023	NA	0.277	NA	-18.435	-115.388
284	14	8	25.439	5.754	0	2	37	7.92	0.474	NA	1.496	NA	121.827	140.262
285	15	1	17.942	20.572	0	2	83	0	0	NA	NA	NA	NA	NA
286	15	2	17.328	20.704	0	2	83	0.628	0.628	NA	0.628	NA	167.905	NA
287	15	3	18.03	20.879	0	2	27	1.351	0.319	NA	0.723	NA	14.036	-153.869
288	15	4	18.03	20.879	0	2	46	1.351	0.319	NA	0	NA	0	-14.036
289	15	5	18.03	21.274	0	2	74	1.745	0.707	NA	0.395	NA	90	90
290	15	6	18.073	21.405	0	2	55	1.884	0.843	NA	0.139	NA	71.565	-18.435
291	15	7	18.512	21.493	0	2	46	2.331	1.083	NA	0.447	NA	11.31	-60.255
292	15	8	18.95	21.493	0	2	65	2.769	1.365	NA	0.438	NA	0	-11.31
293	15	9	18.819	21.405	0	2	93	2.928	1.209	NA	0.158	NA	-146.31	-146.31
294	15	10	18.687	21.405	0	2	83	3.059	1.118	NA	0.132	NA	180	-33.69
295	15	11	18.906	21.405	0	2	0	3.278	1.274	NA	0.219	NA	0	-180
296	15	12	18.687	21.449	0	2	9	3.502	1.151	NA	0.224	NA	168.69	168.69
297	15	13	18.994	21.186	0	2	27	3.906	1.218	NA	0.404	NA	-40.601	150.709
298	15	14	19.17	21.537	0	2	27	4.298	1.561	NA	0.392	NA	63.435	104.036
299	15	15	19.433	21.537	0	2	9	4.561	1.775	NA	0.263	NA	0	-63.435
300	15	16	19.696	21.449	0	2	27	4.838	1.961	NA	0.277	NA	-18.435	-18.435
301	15	17	19.52	21.449	0	2	27	5.014	1.805	NA	0.175	NA	180	-161.565
302	15	18	19.959	21.449	0	2	9	5.452	2.199	NA	0.438	NA	0	-180
303	15	19	19.345	21.274	0	2	37	6.091	1.569	NA	0.638	NA	-164.055	-164.055
304	16	1	16.188	17.898	0	2	27	0	0	NA	NA	NA	NA	NA
305	16	2	14.654	19.564	0	2	37	2.265	2.265	NA	2.265	NA	132.647	NA
306	16	3	11.717	20.792	0	2	27	5.448	5.326	NA	3.184	NA	157.319	24.673
307	16	4	9.393	21.142	0	2	37	7.798	7.53	NA	2.35	NA	171.416	14.097
308	16	5	9.305	21.055	0	2	27	7.922	7.572	NA	0.124	NA	-135	53.584
309	16	6	7.727	21.888	0	2	18	9.707	9.355	NA	1.785	NA	152.176	-72.824
310	16	7	8.691	22.107	0	2	18	10.696	8.597	NA	0.989	NA	12.804	-139.372
311	16	8	11.322	21.668	0	2	27	13.363	6.156	NA	2.667	NA	-9.462	-22.267
312	16	9	11.147	21.493	0	2	27	13.611	6.192	NA	0.248	NA	-135	-125.538
313	16	10	10.664	21.712	0	2	74	14.141	6.713	NA	0.53	NA	155.556	-69.444
314	17	1	7.771	23.51	0	2	46	0	0	NA	NA	NA	NA	NA
315	17	2	7.245	23.159	0	2	93	0.632	0.632	NA	0.632	NA	-146.31	NA
316	17	3	7.552	23.159	0	2	0	0.939	0.414	NA	0.307	NA	0	146.31
317	17	4	7.332	23.773	0	2	9	1.591	0.511	NA	0.652	NA	109.654	109.654
318	17	5	6.894	23.203	0	2	37	2.31	0.929	NA	0.719	NA	-127.569	122.778
319	17	6	6.894	23.203	0	2	167	2.31	0.929	NA	0	NA	0	127.569
320	17	7	6.894	23.247	0	2	83	2.354	0.915	NA	0.044	NA	90	90
321	17	8	6.894	23.291	0	2	46	2.398	0.904	NA	0.044	NA	90	0
322	17	9	6.894	23.334	0	2	0	2.441	0.894	NA	0.044	NA	90	0
323	17	10	6.806	23.334	0	2	0	2.529	0.98	NA	0.088	NA	180	90
324	17	11	6.675	23.334	0	2	9	2.661	1.11	NA	0.132	NA	180	0
325	17	12	6.368	23.597	0	2	9	3.065	1.406	NA	0.404	NA	139.399	-40.601
326	17	13	6.368	23.466	0	2	74	3.196	1.404	NA	0.132	NA	-90	130.601
327	17	14	6.762	23.378	0	2	83	3.601	1.017	NA	0.404	NA	-12.529	77.471
328	17	15	8.516	22.808	0	2	65	5.445	1.023	NA	1.844	NA	-18.004	-5.475
329	17	16	10.007	22.896	0	2	55	6.938	2.319	NA	1.493	NA	3.366	21.371
330	17	17	10.796	22.501	0	2	158	7.82	3.189	NA	0.882	NA	-26.565	-29.932
331	17	18	11.234	22.501	0	2	93	8.258	3.607	NA	0.438	NA	0	26.565
332	17	19	11.41	22.501	0	2	121	8.434	3.776	NA	0.175	NA	0	0
333	17	20	11.497	22.458	0	2	186	8.532	3.872	NA	0.098	NA	-26.565	-26.565
334	17	21	11.453	22.458	0	2	46	8.576	3.83	NA	0.044	NA	180	-153.435
335	17	22	12.067	22.151	0	2	102	9.262	4.506	NA	0.686	NA	-26.565	153.435
336	17	23	12.813	21.932	0	2	93	10.039	5.283	NA	0.777	NA	-16.39	10.176
337	17	24	13.382	21.844	0	2	121	10.615	5.854	NA	0.577	NA	-8.746	7.643
338	17	25	14.215	21.625	0	2	83	11.477	6.715	NA	0.861	NA	-14.744	-5.997
339	17	26	14.303	21.581	0	2	93	11.575	6.811	NA	0.098	NA	-26.565	-11.821
340	17	27	14.259	21.537	0	2	102	11.637	6.782	NA	0.062	NA	-135	-108.435
341	17	28	14.259	21.537	0	2	130	11.637	6.782	NA	0	NA	0	135
342	17	29	13.646	21.625	0	2	74	12.257	6.17	NA	0.62	NA	171.87	171.87
343	17	30	13.865	21.712	0	2	18	12.493	6.353	NA	0.236	NA	21.801	-150.068
344	17	31	14.084	21.712	0	2	74	12.712	6.564	NA	0.219	NA	0	-21.801
345	18	1	8.034	21.712	0	2	18	0	0	NA	NA	NA	NA	NA
346	18	2	10.007	21.756	0	2	46	1.973	1.973	NA	1.973	NA	1.273	NA
347	18	3	13.602	21.055	0	2	27	5.636	5.607	NA	3.663	NA	-11.041	-12.314
348	18	4	16.188	20.09	0	2	9	8.397	8.314	NA	2.761	NA	-20.45	-9.409
349	18	5	16.32	20.09	0	2	37	8.528	8.443	NA	0.132	NA	0	20.45
350	18	6	15.575	20.485	0	2	74	9.372	7.64	NA	0.843	NA	152.103	152.103
351	18	7	15.092	20.572	0	2	55	9.862	7.15	NA	0.49	NA	169.695	17.592
352	18	8	14.785	20.835	0	2	27	10.266	6.808	NA	0.404	NA	139.399	-30.296
353	18	9	14.347	20.748	0	2	65	10.713	6.386	NA	0.447	NA	-168.69	51.911
354	18	10	14.04	20.835	0	2	46	11.032	6.07	NA	0.319	NA	164.055	-27.255
355	18	11	15.443	20.397	0	2	74	12.502	7.525	NA	1.47	NA	-17.354	178.591
356	18	12	17.153	19.739	0	2	46	14.334	9.33	NA	1.832	NA	-21.038	-3.683
357	18	13	19.433	18.337	0	2	27	17.011	11.888	NA	2.677	NA	-31.608	-10.57
358	18	14	20.09	17.81	0	2	18	17.853	12.672	NA	0.842	NA	-38.66	-7.052
359	19	1	11.98	22.545	0	2	37	0	0	NA	NA	NA	NA	NA
360	19	2	12.593	22.326	0	2	18	0.652	0.652	NA	0.652	NA	-19.654	NA
361	19	3	12.813	22.326	0	2	18	0.871	0.861	NA	0.219	NA	0	19.654
362	19	4	13.251	22.019	0	2	18	1.406	1.376	NA	0.535	NA	-34.992	-34.992
363	19	5	12.462	22.107	0	2	46	2.2	0.652	NA	0.794	NA	173.66	-151.348
364	19	6	13.514	21.844	0	2	55	3.285	1.687	NA	1.085	NA	-14.036	172.304
365	19	7	13.339	22.063	0	2	18	3.565	1.442	NA	0.281	NA	128.66	142.696
366	19	8	12.33	22.37	0	2	18	4.619	0.392	NA	1.054	NA	163.072	34.413
367	19	9	11.848	22.37	0	2	37	5.102	0.219	NA	0.482	NA	180	16.928
368	19	10	13.032	22.019	0	2	27	6.336	1.176	NA	1.235	NA	-16.504	163.496
369	19	11	13.646	22.282	0	2	27	7.004	1.687	NA	0.668	NA	23.199	39.703
370	19	12	13.514	21.932	0	2	74	7.379	1.653	NA	0.375	NA	-110.556	-133.755
371	19	13	13.47	22.195	0	2	27	7.645	1.531	NA	0.267	NA	99.462	-149.982
372	19	14	13.514	22.107	0	2	18	7.743	1.596	NA	0.098	NA	-63.435	-162.897
373	20	1	13.689	21.537	0	2	46	0	0	NA	NA	NA	NA	NA
374	20	2	12.418	22.151	0	2	37	1.412	1.412	NA	1.412	NA	154.231	NA
375	20	3	10.884	22.37	0	2	37	2.962	2.927	NA	1.55	NA	171.87	17.639
376	20	4	10.84	22.37	0	2	27	3.006	2.969	NA	0.044	NA	180	8.13
377	20	5	9.788	22.37	0	2	46	4.058	3.99	NA	1.052	NA	180	0
378	20	6	8.297	22.414	0	2	37	5.549	5.463	NA	1.491	NA	178.315	-1.685
379	20	7	7.946	22.326	0	2	37	5.911	5.797	NA	0.362	NA	-165.964	15.721
380	20	8	7.552	22.326	0	2	9	6.305	6.188	NA	0.395	NA	180	-14.036
381	20	9	7.332	22.458	0	2	9	6.561	6.423	NA	0.256	NA	149.036	-30.964
382	20	10	7.332	22.458	0	2	37	6.561	6.423	NA	0	NA	0	-149.036
383	20	11	7.026	21.975	0	2	37	7.132	6.678	NA	0.572	NA	-122.471	-122.471
384	21	1	18.643	20.704	0	2	65	0	0	NA	NA	NA	NA	NA
385	21	2	17.372	21.318	0	2	0	1.412	1.412	NA	1.412	NA	154.231	NA
386	21	3	18.687	20.835	0	2	27	2.813	0.139	NA	1.401	NA	-20.136	-174.367
387	21	4	19.17	20.572	0	2	0	3.362	0.542	NA	0.549	NA	-28.61	-8.474
388	21	5	18.994	20.485	0	2	65	3.558	0.414	NA	0.196	NA	-153.435	-124.824
389	21	6	19.126	20.485	0	2	9	3.69	0.53	NA	0.132	NA	0	153.435
390	21	7	19.126	20.266	0	2	65	3.909	0.652	NA	0.219	NA	-90	-90
391	21	8	19.082	20.09	0	2	83	4.09	0.754	NA	0.181	NA	-104.036	-14.036
392	21	9	19.564	20.178	0	2	37	4.58	1.06	NA	0.49	NA	10.305	114.341
393	21	10	19.345	19.871	0	2	158	4.957	1.089	NA	0.377	NA	-125.538	-135.843
394	21	11	19.433	19.871	0	2	83	5.045	1.147	NA	0.088	NA	0	125.538
395	21	12	19.301	19.871	0	2	18	5.176	1.061	NA	0.132	NA	180	180
396	21	13	19.52	19.257	0	2	74	5.828	1.692	NA	0.652	NA	-70.346	109.654
397	21	14	19.827	19.257	0	2	111	6.135	1.869	NA	0.307	NA	0	70.346
398	21	15	19.608	19.213	0	2	37	6.358	1.775	NA	0.224	NA	-168.69	-168.69
399	21	16	19.871	19.082	0	2	37	6.652	2.034	NA	0.294	NA	-26.565	142.125
400	21	17	19.959	18.819	0	2	55	6.93	2.299	NA	0.277	NA	-71.565	-45
401	21	18	19.783	19.17	0	2	27	7.322	1.911	NA	0.392	NA	116.565	-171.87
402	21	19	20.002	19.038	0	2	9	7.577	2.15	NA	0.256	NA	-30.964	-147.529
403	22	1	16.627	19.608	0	2	27	0	0	NA	NA	NA	NA	NA
404	22	2	17.153	20.134	0	2	37	0.744	0.744	NA	0.744	NA	45	NA
405	22	3	15.662	20.572	0	2	0	2.298	1.364	NA	1.554	NA	163.61	118.61
406	22	4	15.838	20.66	0	2	46	2.494	1.315	NA	0.196	NA	26.565	-137.045
407	23	1	20.222	15.005	0	2	65	0	0	NA	NA	NA	NA	NA
408	23	2	19.783	15.18	0	2	37	0.472	0.472	NA	0.472	NA	158.199	NA
409	23	3	19.783	15.312	0	2	83	0.604	0.535	NA	0.132	NA	90	-68.199
410	23	4	20.134	15.18	0	2	46	0.978	0.196	NA	0.375	NA	-20.556	-110.556
411	23	5	20.441	15.18	0	2	27	1.285	0.281	NA	0.307	NA	0	20.556
412	23	6	20.616	15.092	0	2	93	1.481	0.404	NA	0.196	NA	-26.565	-26.565
413	23	7	21.449	14.61	0	2	55	2.444	1.289	NA	0.963	NA	-30.069	-3.504
414	23	8	21.493	14.435	0	2	27	2.625	1.393	NA	0.181	NA	-75.964	-45.895
415	23	9	21.625	14.479	0	2	27	2.763	1.498	NA	0.139	NA	18.435	94.399
416	23	10	21.449	14.61	0	2	130	2.982	1.289	NA	0.219	NA	143.13	124.695
417	23	11	20.178	15.224	0	2	55	4.394	0.224	NA	1.412	NA	154.231	11.101
418	23	12	17.854	17.328	0	2	205	7.529	3.317	NA	3.135	NA	137.834	-16.397
419	24	1	23.861	18.556	0	2	9	0	0	NA	NA	NA	NA	NA
420	24	2	23.115	19.17	0	2	9	0.965	0.965	NA	0.965	NA	140.528	NA
421	24	3	23.203	18.337	0	2	18	1.803	0.693	NA	0.838	NA	-83.991	135.481
422	24	4	22.984	18.337	0	2	46	2.022	0.904	NA	0.219	NA	180	-96.009
423	24	5	23.466	18.468	0	2	55	2.522	0.404	NA	0.5	NA	15.255	-164.745
424	24	6	23.554	18.643	0	2	27	2.718	0.319	NA	0.196	NA	63.435	48.18
425	24	7	23.948	18.643	0	2	27	3.113	0.124	NA	0.395	NA	0	-63.435
426	24	8	24.124	18.643	0	2	0	3.288	0.277	NA	0.175	NA	0	0
427	24	9	24.781	17.854	0	2	27	4.315	1.157	NA	1.027	NA	-50.194	-50.194
428	24	10	24.343	18.073	0	2	18	4.806	0.682	NA	0.49	NA	153.435	-156.371
429	24	11	23.992	18.117	0	2	18	5.159	0.458	NA	0.353	NA	172.875	19.44
430	24	12	23.817	18.117	0	2	18	5.334	0.441	NA	0.175	NA	180	7.125
431	24	13	23.773	17.81	0	2	0	5.644	0.75	NA	0.31	NA	-98.13	81.87
432	24	14	23.597	17.547	0	2	65	5.961	1.042	NA	0.316	NA	-123.69	-25.56
433	24	15	23.159	17.854	0	2	46	6.496	0.992	NA	0.535	NA	145.008	-91.302
434	24	16	23.247	17.635	0	2	9	6.732	1.106	NA	0.236	NA	-68.199	146.793
435	25	1	16.144	19.257	0	2	167	0	0	NA	NA	NA	NA	NA
436	25	2	16.232	18.994	0	2	149	0.277	0.277	NA	0.277	NA	-71.565	NA
437	25	3	16.758	18.687	0	2	139	0.886	0.838	NA	0.609	NA	-30.256	41.309
438	25	4	16.89	18.775	0	2	139	1.044	0.888	NA	0.158	NA	33.69	63.947
439	25	5	17.284	18.205	0	2	139	1.738	1.551	NA	0.693	NA	-55.305	-88.995
440	25	6	17.767	18.161	0	2	65	2.222	1.958	NA	0.484	NA	-5.194	50.11
441	25	7	18.073	17.547	0	2	37	2.908	2.578	NA	0.686	NA	-63.435	-58.241
442	25	8	17.898	17.284	0	2	158	3.224	2.64	NA	0.316	NA	-123.69	-60.255
443	25	9	18.337	17.109	0	2	139	3.696	3.069	NA	0.472	NA	-21.801	101.889
444	26	1	17.328	18.293	0	2	27	0	0	NA	NA	NA	NA	NA
445	26	2	16.408	19.038	0	2	18	1.185	1.185	NA	1.185	NA	141.009	NA
446	26	3	14.829	19.345	0	2	65	2.792	2.711	NA	1.608	NA	168.996	27.987
447	26	4	14.04	20.572	0	2	27	4.252	4.001	NA	1.459	NA	122.735	-46.261
448	26	5	13.646	20.704	0	2	46	4.668	4.402	NA	0.416	NA	161.565	38.83
449	26	6	13.952	20.616	0	2	18	4.987	4.098	NA	0.319	NA	-15.945	-177.51
450	26	7	13.996	20.485	0	2	18	5.125	3.988	NA	0.139	NA	-71.565	-55.62
451	27	1	6.499	19.739	0	2	65	0	0	NA	NA	NA	NA	NA
452	27	2	6.938	20.266	0	2	27	0.685	0.685	NA	0.685	NA	50.194	NA
453	27	3	6.412	20.002	0	2	37	1.273	0.277	NA	0.588	NA	-153.435	156.371
454	27	4	6.149	19.783	0	2	55	1.615	0.353	NA	0.342	NA	-140.194	13.241
455	27	5	5.754	19.959	0	2	46	2.047	0.777	NA	0.432	NA	156.038	-63.768
456	27	6	5.623	19.696	0	2	102	2.341	0.878	NA	0.294	NA	-116.565	87.397
457	27	7	5.666	19.696	0	2	55	2.385	0.834	NA	0.044	NA	0	116.565
458	27	8	5.447	19.52	0	2	46	2.666	1.075	NA	0.281	NA	-141.34	-141.34
459	27	9	5.798	19.652	0	2	46	3.04	0.707	NA	0.375	NA	20.556	161.896
460	27	10	5.973	20.002	0	2	65	3.433	0.588	NA	0.392	NA	63.435	42.879
461	27	11	5.93	20.178	0	2	83	3.613	0.719	NA	0.181	NA	104.036	40.601
462	27	12	5.973	20.002	0	2	27	3.794	0.588	NA	0.181	NA	-75.964	-180
463	27	13	6.499	19.696	0	2	9	4.403	0.044	NA	0.609	NA	-30.256	45.707
464	28	1	12.506	20.923	0	2	55	0	0	NA	NA	NA	NA	NA
465	28	2	11.103	21.142	0	2	55	1.42	1.42	NA	1.42	NA	171.119	NA
466	28	3	9.744	21.142	0	2	9	2.779	2.771	NA	1.359	NA	180	8.881
467	28	4	9.349	20.792	0	2	9	3.307	3.159	NA	0.528	NA	-138.366	41.634
468	29	1	10.094	22.721	0	2	111	0	0	NA	NA	NA	NA	NA
469	29	2	10.094	22.721	0	2	9	0	0	NA	0	NA	0	NA
470	29	3	10.094	22.721	0	2	18	0	0	NA	0	NA	0	0
471	29	4	9.788	22.545	0	2	74	0.353	0.353	NA	0.353	NA	-150.255	-150.255
472	29	5	9.831	22.545	0	2	65	0.397	0.316	NA	0.044	NA	0	150.255
473	29	6	7.464	22.545	0	2	65	2.765	2.636	NA	2.367	NA	180	180
474	29	7	8.604	22.545	0	2	74	3.905	1.501	NA	1.14	NA	0	-180
475	29	8	8.998	22.545	0	2	55	4.299	1.11	NA	0.395	NA	0	0
476	29	9	9.174	22.589	0	2	74	4.48	0.93	NA	0.181	NA	14.036	14.036
477	29	10	8.735	22.764	0	2	37	4.952	1.36	NA	0.472	NA	158.199	144.162
478	29	11	9.568	22.764	0	2	55	5.785	0.528	NA	0.833	NA	0	-158.199
479	29	12	9.393	23.028	0	2	18	6.101	0.766	NA	0.316	NA	123.69	123.69
480	29	13	9.481	22.852	0	2	18	6.297	0.628	NA	0.196	NA	-63.435	172.875
481	29	14	9.481	22.852	0	2	46	6.297	0.628	NA	0	NA	0	63.435
482	29	15	11.015	22.633	0	2	55	7.847	0.925	NA	1.55	NA	-8.13	-8.13
483	29	16	11.015	22.633	0	2	37	7.847	0.925	NA	0	NA	0	8.13
484	29	17	11.015	22.633	0	2	65	7.847	0.925	NA	0	NA	0	0
485	29	18	11.234	22.589	0	2	9	8.071	1.147	NA	0.224	NA	-11.31	-11.31
486	30	1	14.873	20.046	0	2	55	0	0	NA	NA	NA	NA	NA
487	30	2	15.092	20.046	0	2	27	0.219	0.219	NA	0.219	NA	0	NA
488	30	3	15.838	19.652	0	2	65	1.063	1.042	NA	0.843	NA	-27.897	-27.897
489	30	4	16.583	19.257	0	2	55	1.906	1.883	NA	0.843	NA	-27.897	0
490	30	5	17.109	19.345	0	2	46	2.439	2.343	NA	0.533	NA	9.462	37.36
491	30	6	17.284	19.17	0	2	55	2.687	2.566	NA	0.248	NA	-45	-54.462
492	30	7	17.153	18.775	0	2	27	3.103	2.61	NA	0.416	NA	-108.435	-63.435
493	30	8	17.153	19.038	0	2	0	3.366	2.493	NA	0.263	NA	90	-161.565
494	30	9	17.328	19.301	0	2	27	3.682	2.566	NA	0.316	NA	56.31	-33.69
495	30	10	17.547	19.476	0	2	18	3.963	2.734	NA	0.281	NA	38.66	-17.65
496	30	11	17.416	19.476	0	2	46	4.095	2.606	NA	0.132	NA	180	141.34
497	30	12	17.547	19.696	0	2	93	4.35	2.697	NA	0.256	NA	59.036	-120.964
498	31	1	24.913	15.662	0	2	9	0	0	NA	NA	NA	NA	NA
499	31	2	26.009	16.057	0	2	37	1.165	1.165	NA	1.165	NA	19.799	NA
500	31	3	25.395	17.591	0	2	46	2.818	1.988	NA	1.653	NA	111.801	92.003
501	31	4	25.439	17.942	0	2	0	3.171	2.34	NA	0.353	NA	82.875	-28.926
502	31	5	24.693	18.424	0	2	37	4.059	2.771	NA	0.888	NA	147.095	64.22
503	31	6	23.948	19.038	0	2	27	5.024	3.511	NA	0.965	NA	140.528	-6.567
504	31	7	23.641	18.994	0	2	27	5.334	3.566	NA	0.31	NA	-171.87	47.603
505	31	8	23.773	19.126	0	2	37	5.52	3.646	NA	0.186	NA	45	-143.13
506	31	9	23.773	19.17	0	2	27	5.564	3.688	NA	0.044	NA	90	45
507	31	10	23.466	19.389	0	2	9	5.941	3.997	NA	0.377	NA	144.462	54.462
