Nr	TID	PID	x [micron]	y [micron]	t [sec]	c [idx]	I [val]	Len [micron]	D2S [micron]	D2R [micron]	D2P [micron]	v [micron/sec]	? [deg]	?? [deg]
1	1	1	20.998	23.242	0	2	223	0	0	NA	NA	NA	NA	NA
2	1	2	21.042	23.682	0	2	195	0.442	0.442	NA	0.442	NA	84.289	NA
3	1	3	21.042	23.682	0	2	177	0.442	0.442	NA	0	NA	0	-84.289
4	1	4	21.042	23.682	0	2	130	0.442	0.442	NA	0	NA	0	0
5	1	5	20.206	24.694	0	2	205	1.755	1.654	NA	1.313	NA	129.56	129.56
6	1	6	19.898	25.882	0	2	93	2.982	2.86	NA	1.227	NA	104.534	-25.025
7	1	7	19.59	26.365	0	2	83	3.556	3.426	NA	0.574	NA	122.471	17.937
8	1	8	19.722	26.365	0	2	149	3.688	3.374	NA	0.132	NA	0	-122.471
9	1	9	19.502	26.102	0	2	149	4.031	3.227	NA	0.344	NA	-129.806	-129.806
10	1	10	19.502	26.497	0	2	46	4.427	3.583	NA	0.396	NA	90	-140.194
11	1	11	18.622	27.289	0	2	0	5.611	4.694	NA	1.184	NA	138.013	48.013
12	2	1	18.842	21.35	0	2	167	0	0	NA	NA	NA	NA	NA
13	2	2	18.842	21.702	0	2	55	0.352	0.352	NA	0.352	NA	90	NA
14	2	3	18.798	21.658	0	2	121	0.414	0.311	NA	0.062	NA	-135	135
15	2	4	18.886	21.614	0	2	121	0.513	0.268	NA	0.098	NA	-26.565	108.435
16	2	5	19.062	21.614	0	2	111	0.689	0.344	NA	0.176	NA	0	26.565
17	2	6	18.666	21.482	0	2	102	1.106	0.22	NA	0.417	NA	-161.565	-161.565
18	2	7	19.59	21.394	0	2	139	2.034	0.749	NA	0.928	NA	-5.44	156.125
19	2	8	19.458	21.218	0	2	130	2.254	0.63	NA	0.22	NA	-126.87	-121.43
20	2	9	19.414	21.174	0	2	167	2.316	0.598	NA	0.062	NA	-135	-8.13
21	2	10	19.414	21.174	0	2	149	2.316	0.598	NA	0	NA	0	135
22	2	11	19.414	21.174	0	2	111	2.316	0.598	NA	0	NA	0	0
23	2	12	19.986	21.262	0	2	149	2.895	1.147	NA	0.579	NA	8.746	8.746
24	2	13	19.326	21.042	0	2	83	3.591	0.574	NA	0.696	NA	-161.565	-170.311
25	2	14	19.458	20.866	0	2	158	3.811	0.783	NA	0.22	NA	-53.13	108.435
26	3	1	15.146	22.802	0	2	186	0	0	NA	NA	NA	NA	NA
27	3	2	14.442	23.11	0	2	195	0.768	0.768	NA	0.768	NA	156.371	NA
28	3	3	14.442	23.154	0	2	167	0.812	0.787	NA	0.044	NA	90	-66.371
29	3	4	14.442	23.154	0	2	149	0.812	0.787	NA	0	NA	0	-90
30	3	5	14.134	23.374	0	2	74	1.191	1.162	NA	0.378	NA	144.462	144.462
31	3	6	14.266	23.33	0	2	83	1.33	1.026	NA	0.139	NA	-18.435	-162.897
32	3	7	14.266	23.242	0	2	111	1.418	0.984	NA	0.088	NA	-90	-71.565
33	3	8	14.266	23.374	0	2	65	1.55	1.05	NA	0.132	NA	90	180
34	3	9	14.486	23.33	0	2	93	1.774	0.845	NA	0.224	NA	-11.31	-101.31
35	3	10	14.706	23.11	0	2	46	2.085	0.537	NA	0.311	NA	-45	-33.69
36	3	11	15.102	22.67	0	2	130	2.677	0.139	NA	0.592	NA	-48.013	-3.013
37	3	12	15.058	22.362	0	2	102	2.988	0.449	NA	0.311	NA	-98.13	-50.117
38	3	13	15.19	22.494	0	2	37	3.175	0.311	NA	0.187	NA	45	143.13
39	3	14	15.146	22.626	0	2	65	3.314	0.176	NA	0.139	NA	108.435	63.435
40	3	15	15.102	22.582	0	2	93	3.376	0.224	NA	0.062	NA	-135	116.565
41	3	16	15.19	22.582	0	2	37	3.464	0.224	NA	0.088	NA	0	135
42	3	17	15.234	22.89	0	2	65	3.776	0.124	NA	0.311	NA	81.87	81.87
43	3	18	14.31	23.374	0	2	37	4.819	1.013	NA	1.043	NA	152.354	70.484
44	3	19	14.662	23.286	0	2	111	5.181	0.684	NA	0.363	NA	-14.036	-166.39
45	3	20	14.706	22.802	0	2	139	5.667	0.44	NA	0.486	NA	-84.806	-70.769
46	3	21	14.838	22.626	0	2	83	5.887	0.355	NA	0.22	NA	-53.13	31.675
47	3	22	14.882	22.802	0	2	74	6.069	0.264	NA	0.181	NA	75.964	129.094
48	3	23	14.706	22.802	0	2	46	6.245	0.44	NA	0.176	NA	180	104.036
49	3	24	14.926	22.538	0	2	65	6.588	0.344	NA	0.344	NA	-50.194	129.806
50	3	25	15.014	22.494	0	2	121	6.687	0.335	NA	0.098	NA	-26.565	23.629
51	3	26	14.75	22.67	0	2	102	7.004	0.417	NA	0.317	NA	146.31	172.875
52	3	27	14.618	22.934	0	2	46	7.299	0.544	NA	0.295	NA	116.565	-29.745
53	3	28	14.662	22.714	0	2	37	7.524	0.492	NA	0.224	NA	-78.69	164.745
54	3	29	14.662	22.67	0	2	65	7.568	0.502	NA	0.044	NA	-90	-11.31
55	3	30	14.794	22.494	0	2	46	7.788	0.468	NA	0.22	NA	-53.13	36.87
56	3	31	14.97	22.406	0	2	55	7.984	0.433	NA	0.197	NA	-26.565	26.565
57	4	1	21.394	20.866	0	2	255	0	0	NA	NA	NA	NA	NA
58	4	2	21.394	20.822	0	2	255	0.044	0.044	NA	0.044	NA	-90	NA
59	4	3	21.526	20.822	0	2	255	0.176	0.139	NA	0.132	NA	0	90
60	4	4	21.262	21.13	0	2	255	0.582	0.295	NA	0.406	NA	130.601	130.601
61	4	5	21.262	21.13	0	2	251	0.582	0.295	NA	0	NA	0	-130.601
62	4	6	21.262	21.13	0	2	255	0.582	0.295	NA	0	NA	0	0
63	4	7	20.998	21.086	0	2	186	0.849	0.453	NA	0.268	NA	-170.538	-170.538
64	4	8	20.998	21.086	0	2	149	0.849	0.453	NA	0	NA	0	170.538
65	4	9	21.086	21.13	0	2	186	0.948	0.406	NA	0.098	NA	26.565	26.565
66	4	10	21.13	21.174	0	2	214	1.01	0.406	NA	0.062	NA	45	18.435
67	4	11	21.218	21.174	0	2	242	1.098	0.355	NA	0.088	NA	0	-45
68	4	12	20.998	21.174	0	2	149	1.318	0.502	NA	0.22	NA	180	180
69	4	13	21.174	21.218	0	2	214	1.499	0.415	NA	0.181	NA	14.036	-165.964
70	4	14	21.174	21.35	0	2	158	1.631	0.532	NA	0.132	NA	90	75.964
71	4	15	21.174	21.394	0	2	214	1.675	0.572	NA	0.044	NA	90	0
72	4	16	21.262	21.218	0	2	177	1.872	0.376	NA	0.197	NA	-63.435	-153.435
73	4	17	21.262	21.218	0	2	149	1.872	0.376	NA	0	NA	0	63.435
74	4	18	21.086	21.218	0	2	255	2.048	0.468	NA	0.176	NA	180	180
75	4	19	21.042	21.262	0	2	233	2.11	0.53	NA	0.062	NA	135	-45
76	4	20	21.042	21.262	0	2	167	2.11	0.53	NA	0	NA	0	-135
77	4	21	21.042	21.262	0	2	167	2.11	0.53	NA	0	NA	0	0
78	4	22	20.998	21.262	0	2	130	2.154	0.56	NA	0.044	NA	180	180
79	4	23	21.086	20.998	0	2	93	2.432	0.335	NA	0.278	NA	-71.565	108.435
80	4	24	20.822	21.13	0	2	255	2.728	0.63	NA	0.295	NA	153.435	-135
81	4	25	20.778	21.042	0	2	214	2.826	0.641	NA	0.098	NA	-116.565	90
82	4	26	20.778	21.042	0	2	167	2.826	0.641	NA	0	NA	0	116.565
83	4	27	20.778	21.042	0	2	149	2.826	0.641	NA	0	NA	0	0
84	4	28	20.69	21.042	0	2	223	2.914	0.726	NA	0.088	NA	180	180
85	4	29	20.69	21.042	0	2	121	2.914	0.726	NA	0	NA	0	-180
86	4	30	20.338	20.822	0	2	242	3.329	1.057	NA	0.415	NA	-147.995	-147.995
87	4	31	20.382	20.866	0	2	255	3.391	1.012	NA	0.062	NA	45	-167.005
88	4	32	20.25	20.822	0	2	214	3.53	1.145	NA	0.139	NA	-161.565	153.435
89	4	33	20.338	20.954	0	2	255	3.689	1.06	NA	0.159	NA	56.31	-142.125
90	4	34	20.338	20.998	0	2	255	3.733	1.064	NA	0.044	NA	90	33.69
91	4	35	20.074	21.042	0	2	255	4.001	1.332	NA	0.268	NA	170.538	80.538
92	4	36	20.074	21.042	0	2	205	4.001	1.332	NA	0	NA	0	-170.538
93	4	37	19.942	21.042	0	2	255	4.133	1.463	NA	0.132	NA	180	180
94	4	38	20.074	20.998	0	2	223	4.272	1.327	NA	0.139	NA	-18.435	161.565
95	4	39	20.118	20.998	0	2	255	4.316	1.283	NA	0.044	NA	0	18.435
96	4	40	20.162	20.998	0	2	233	4.36	1.239	NA	0.044	NA	0	0
97	4	41	19.986	20.954	0	2	255	4.541	1.411	NA	0.181	NA	-165.964	-165.964
98	4	42	19.634	20.822	0	2	139	4.917	1.76	NA	0.376	NA	-159.444	6.52
99	4	43	20.03	21.13	0	2	242	5.419	1.389	NA	0.502	NA	37.875	-162.681
100	4	44	19.986	21.13	0	2	158	5.463	1.432	NA	0.044	NA	180	142.125
101	4	45	20.25	20.998	0	2	149	5.758	1.152	NA	0.295	NA	-26.565	153.435
102	4	46	20.338	20.998	0	2	121	5.846	1.064	NA	0.088	NA	0	26.565
103	4	47	20.162	20.954	0	2	167	6.027	1.235	NA	0.181	NA	-165.964	-165.964
104	4	48	20.118	20.954	0	2	158	6.071	1.279	NA	0.044	NA	180	-14.036
105	4	49	20.03	21.174	0	2	139	6.308	1.398	NA	0.237	NA	111.801	-68.199
106	4	50	20.162	21.086	0	2	205	6.467	1.251	NA	0.159	NA	-33.69	-145.491
107	5	1	20.03	21.438	0	2	111	0	0	NA	NA	NA	NA	NA
108	5	2	19.986	21.878	0	2	139	0.442	0.442	NA	0.442	NA	95.711	NA
109	5	3	20.382	22.186	0	2	55	0.944	0.827	NA	0.502	NA	37.875	-57.836
110	5	4	20.778	22.362	0	2	74	1.377	1.189	NA	0.433	NA	23.962	-13.912
111	5	5	20.866	23.33	0	2	102	2.349	2.068	NA	0.972	NA	84.806	60.843
112	5	6	20.514	24.342	0	2	74	3.42	2.944	NA	1.071	NA	109.179	24.373
113	5	7	20.734	24.562	0	2	74	3.732	3.202	NA	0.311	NA	45	-64.179
114	5	8	20.91	24.474	0	2	65	3.928	3.161	NA	0.197	NA	-26.565	-71.565
115	5	9	20.778	23.594	0	2	46	4.818	2.282	NA	0.89	NA	-98.531	-71.966
116	5	10	20.426	23.55	0	2	83	5.173	2.149	NA	0.355	NA	-172.875	-74.344
117	5	11	20.382	24.166	0	2	27	5.79	2.75	NA	0.618	NA	94.086	-93.039
118	5	12	20.514	24.518	0	2	9	6.166	3.118	NA	0.376	NA	69.444	-24.642
119	5	13	20.47	24.782	0	2	74	6.434	3.373	NA	0.268	NA	99.462	30.018
120	5	14	20.866	24.694	0	2	46	6.84	3.361	NA	0.406	NA	-12.529	-111.991
121	5	15	20.162	24.782	0	2	74	7.549	3.346	NA	0.709	NA	172.875	-174.596
122	5	16	20.558	24.034	0	2	74	8.395	2.649	NA	0.846	NA	-62.103	125.022
123	5	17	20.514	23.11	0	2	0	9.32	1.741	NA	0.925	NA	-92.726	-30.624
124	5	18	20.954	23.55	0	2	37	9.943	2.305	NA	0.622	NA	45	137.726
125	5	19	20.954	23.902	0	2	27	10.295	2.631	NA	0.352	NA	90	45
126	5	20	20.866	23.418	0	2	65	10.786	2.149	NA	0.492	NA	-100.305	169.695
127	5	21	21.262	23.418	0	2	55	11.182	2.332	NA	0.396	NA	0	100.305
128	5	22	21.394	23.286	0	2	46	11.369	2.297	NA	0.187	NA	-45	-45
129	5	23	21.394	23.242	0	2	46	11.413	2.261	NA	0.044	NA	-90	-45
130	5	24	20.954	23.638	0	2	9	12.005	2.386	NA	0.592	NA	138.013	-131.987
131	5	25	20.514	23.594	0	2	27	12.447	2.21	NA	0.442	NA	-174.289	47.698
132	5	26	21.042	23.594	0	2	55	12.975	2.382	NA	0.528	NA	0	174.289
133	5	27	20.954	24.166	0	2	102	13.554	2.88	NA	0.579	NA	98.746	98.746
134	5	28	20.778	23.858	0	2	65	13.909	2.533	NA	0.355	NA	-119.745	141.509
135	5	29	20.866	23.726	0	2	27	14.067	2.436	NA	0.159	NA	-56.31	63.435
136	5	30	20.866	23.726	0	2	74	14.067	2.436	NA	0	NA	0	56.31
137	5	31	21.262	23.286	0	2	55	14.659	2.221	NA	0.592	NA	-48.013	-48.013
138	5	32	21.262	23.286	0	2	93	14.659	2.221	NA	0	NA	0	48.013
139	5	33	21.218	23.286	0	2	37	14.703	2.197	NA	0.044	NA	180	180
140	5	34	20.822	23.55	0	2	102	15.179	2.255	NA	0.476	NA	146.31	-33.69
141	5	35	20.998	23.374	0	2	74	15.428	2.164	NA	0.249	NA	-45	168.69
142	5	36	21.306	23.066	0	2	46	15.863	2.068	NA	0.436	NA	-45	0
143	5	37	21.218	23.506	0	2	93	16.312	2.385	NA	0.449	NA	101.31	146.31
144	5	38	21.13	23.594	0	2	74	16.437	2.42	NA	0.124	NA	135	33.69
145	5	39	21.042	23.374	0	2	27	16.674	2.184	NA	0.237	NA	-111.801	113.199
146	5	40	21.438	23.462	0	2	9	17.079	2.465	NA	0.406	NA	12.529	124.33
147	5	41	21.526	23.418	0	2	9	17.178	2.481	NA	0.098	NA	-26.565	-39.094
148	6	1	20.778	25.134	0	2	46	0	0	NA	NA	NA	NA	NA
149	6	2	20.426	25.838	0	2	55	0.787	0.787	NA	0.787	NA	116.565	NA
150	6	3	20.47	25.838	0	2	83	0.831	0.768	NA	0.044	NA	0	-116.565
151	6	4	20.426	25.794	0	2	93	0.893	0.748	NA	0.062	NA	-135	-135
152	6	5	20.558	25.53	0	2	46	1.188	0.453	NA	0.295	NA	-63.435	71.565
153	6	6	20.47	25.53	0	2	74	1.276	0.502	NA	0.088	NA	180	-116.565
154	6	7	20.162	25.882	0	2	74	1.744	0.969	NA	0.468	NA	131.186	-48.814
155	6	8	20.162	26.102	0	2	27	1.964	1.147	NA	0.22	NA	90	-41.186
156	7	1	20.602	22.054	0	2	65	0	0	NA	NA	NA	NA	NA
157	7	2	20.25	21.922	0	2	93	0.376	0.376	NA	0.376	NA	-159.444	NA
158	7	3	20.426	21.746	0	2	9	0.625	0.355	NA	0.249	NA	-45	114.444
159	7	4	21.13	22.318	0	2	65	1.532	0.59	NA	0.907	NA	39.094	84.094
160	7	5	20.866	22.142	0	2	83	1.849	0.278	NA	0.317	NA	-146.31	174.596
161	7	6	21.306	22.582	0	2	102	2.471	0.88	NA	0.622	NA	45	-168.69
162	7	7	21.394	23.11	0	2	37	3.007	1.32	NA	0.535	NA	80.538	35.538
163	7	8	21.042	22.89	0	2	46	3.422	0.945	NA	0.415	NA	-147.995	131.468
164	7	9	20.998	22.318	0	2	55	3.995	0.476	NA	0.574	NA	-94.399	53.596
165	8	1	6.083	25.31	0	2	46	0	0	NA	NA	NA	NA	NA
166	8	2	6.919	24.87	0	2	74	0.945	0.945	NA	0.945	NA	-27.759	NA
167	8	3	7.359	24.87	0	2	27	1.385	1.35	NA	0.44	NA	0	27.759
168	8	4	7.843	24.606	0	2	37	1.936	1.895	NA	0.551	NA	-28.61	-28.61
169	8	5	8.283	24.21	0	2	55	2.528	2.46	NA	0.592	NA	-41.987	-13.377
170	8	6	8.151	24.21	0	2	74	2.66	2.342	NA	0.132	NA	180	-138.013
171	8	7	8.283	24.166	0	2	83	2.799	2.48	NA	0.139	NA	-18.435	161.565
172	8	8	7.975	24.386	0	2	102	3.177	2.105	NA	0.378	NA	144.462	162.897
173	8	9	7.975	24.386	0	2	65	3.177	2.105	NA	0	NA	0	-144.462
174	8	10	7.975	24.518	0	2	55	3.309	2.051	NA	0.132	NA	90	90
175	8	11	7.887	24.518	0	2	9	3.397	1.97	NA	0.088	NA	180	90
176	8	12	7.579	24.606	0	2	46	3.718	1.653	NA	0.32	NA	164.055	-15.945
177	8	13	7.579	24.606	0	2	65	3.718	1.653	NA	0	NA	0	-164.055
178	8	14	7.975	24.518	0	2	65	4.123	2.051	NA	0.406	NA	-12.529	-12.529
179	8	15	7.535	24.826	0	2	18	4.66	1.53	NA	0.537	NA	145.008	157.537
180	8	16	8.283	24.694	0	2	9	5.42	2.284	NA	0.76	NA	-10.008	-155.016
181	8	17	8.722	24.034	0	2	37	6.213	2.932	NA	0.793	NA	-56.31	-46.302
182	8	18	10.042	23.242	0	2	37	7.752	4.467	NA	1.539	NA	-30.964	25.346
183	8	19	10.658	23.154	0	2	37	8.375	5.058	NA	0.622	NA	-8.13	22.834
184	8	20	10.658	22.626	0	2	27	8.903	5.305	NA	0.528	NA	-90	-81.87
185	8	21	10.57	22.934	0	2	83	9.223	5.078	NA	0.32	NA	105.945	-164.055
186	9	1	21.658	21.922	0	2	121	0	0	NA	NA	NA	NA	NA
187	9	2	22.362	21.79	0	2	37	0.716	0.716	NA	0.716	NA	-10.62	NA
188	9	3	22.582	22.01	0	2	27	1.027	0.928	NA	0.311	NA	45	55.62
189	9	4	22.67	21.526	0	2	27	1.519	1.087	NA	0.492	NA	-79.695	-124.695
190	9	5	22.978	20.47	0	2	65	2.619	1.962	NA	1.1	NA	-73.74	5.955
191	9	6	23.022	20.03	0	2	83	3.061	2.332	NA	0.442	NA	-84.289	-10.55
192	9	7	22.758	19.898	0	2	37	3.356	2.303	NA	0.295	NA	-153.435	-69.146
193	9	8	22.934	20.206	0	2	83	3.711	2.138	NA	0.355	NA	60.255	-146.31
194	9	9	22.758	20.294	0	2	27	3.908	1.965	NA	0.197	NA	153.435	93.18
195	9	10	22.714	20.382	0	2	46	4.006	1.867	NA	0.098	NA	116.565	-36.87
196	9	11	22.582	20.558	0	2	74	4.226	1.647	NA	0.22	NA	126.87	10.305
197	9	12	23.286	21.042	0	2	27	5.081	1.851	NA	0.854	NA	34.509	-92.361
198	9	13	22.846	21.482	0	2	9	5.703	1.267	NA	0.622	NA	135	100.491
199	9	14	22.538	21.834	0	2	27	6.171	0.884	NA	0.468	NA	131.186	-3.814
200	9	15	21.922	22.23	0	2	46	6.903	0.406	NA	0.732	NA	147.265	16.079
201	9	16	21.878	22.01	0	2	27	7.127	0.237	NA	0.224	NA	-101.31	111.425
202	10	1	24.43	23.462	0	2	74	0	0	NA	NA	NA	NA	NA
203	10	2	24.342	23.462	0	2	121	0.088	0.088	NA	0.088	NA	180	NA
204	10	3	24.254	23.594	0	2	27	0.247	0.22	NA	0.159	NA	123.69	-56.31
205	10	4	24.342	23.594	0	2	37	0.335	0.159	NA	0.088	NA	0	-123.69
206	10	5	24.034	23.99	0	2	74	0.836	0.66	NA	0.502	NA	127.875	127.875
207	10	6	25.31	22.01	0	2	37	3.192	1.698	NA	2.355	NA	-57.2	174.925
208	10	7	24.738	23.022	0	2	111	4.354	0.537	NA	1.162	NA	119.476	176.676
209	10	8	24.914	23.066	0	2	55	4.535	0.625	NA	0.181	NA	14.036	-105.44
210	10	9	24.166	23.858	0	2	46	5.625	0.476	NA	1.089	NA	133.363	119.327
211	10	10	23.858	24.122	0	2	27	6.03	0.873	NA	0.406	NA	139.399	6.035
212	10	11	23.594	24.43	0	2	121	6.436	1.279	NA	0.406	NA	130.601	-8.797
213	11	1	13.606	19.282	0	2	65	0	0	NA	NA	NA	NA	NA
214	11	2	13.43	19.414	0	2	55	0.22	0.22	NA	0.22	NA	143.13	NA
215	11	3	13.254	19.634	0	2	74	0.502	0.498	NA	0.282	NA	128.66	-14.47
216	11	4	13.034	19.678	0	2	46	0.726	0.696	NA	0.224	NA	168.69	40.03
217	11	5	13.078	19.81	0	2	74	0.865	0.747	NA	0.139	NA	71.565	-97.125
218	11	6	13.034	19.854	0	2	102	0.927	0.809	NA	0.062	NA	135	63.435
219	11	7	12.726	20.074	0	2	37	1.306	1.184	NA	0.378	NA	144.462	9.462
220	11	8	13.166	19.37	0	2	27	2.136	0.449	NA	0.83	NA	-57.995	157.543
221	11	9	13.43	19.37	0	2	55	2.4	0.197	NA	0.264	NA	0	57.995
222	11	10	12.902	19.546	0	2	37	2.957	0.752	NA	0.557	NA	161.565	161.565
223	11	11	12.462	19.986	0	2	55	3.579	1.343	NA	0.622	NA	135	-26.565
224	11	12	12.682	20.03	0	2	37	3.803	1.189	NA	0.224	NA	11.31	-123.69
225	11	13	12.594	19.986	0	2	37	3.901	1.233	NA	0.098	NA	-153.435	-164.745
226	12	1	24.958	19.282	0	2	9	0	0	NA	NA	NA	NA	NA
227	12	2	24.342	19.678	0	2	83	0.732	0.732	NA	0.732	NA	147.265	NA
228	12	3	24.298	20.162	0	2	46	1.218	1.1	NA	0.486	NA	95.194	-52.07
229	12	4	24.122	20.558	0	2	18	1.652	1.525	NA	0.433	NA	113.962	18.768
230	12	5	24.254	20.646	0	2	37	1.81	1.535	NA	0.159	NA	33.69	-80.272
231	13	1	25.09	18.27	0	2	55	0	0	NA	NA	NA	NA	NA
232	13	2	25.09	18.27	0	2	121	0	0	NA	0	NA	0	NA
233	13	3	25.046	18.27	0	2	37	0.044	0.044	NA	0.044	NA	180	180
234	13	4	25.046	18.226	0	2	55	0.088	0.062	NA	0.044	NA	-90	90
235	13	5	25.222	18.226	0	2	37	0.264	0.139	NA	0.176	NA	0	90
236	13	6	24.958	18.358	0	2	65	0.559	0.159	NA	0.295	NA	153.435	153.435
237	13	7	25.002	18.182	0	2	37	0.741	0.124	NA	0.181	NA	-75.964	130.601
238	13	8	25.222	18.05	0	2	27	0.997	0.257	NA	0.257	NA	-30.964	45
239	14	1	25.266	22.45	0	2	37	0	0	NA	NA	NA	NA	NA
240	14	2	25.266	22.054	0	2	46	0.396	0.396	NA	0.396	NA	-90	NA
241	14	3	24.694	23.11	0	2	27	1.597	0.873	NA	1.201	NA	118.443	-151.557
242	14	4	25.222	22.494	0	2	37	2.408	0.062	NA	0.811	NA	-49.399	-167.842
243	14	5	25.002	22.538	0	2	27	2.632	0.278	NA	0.224	NA	168.69	-141.911
244	14	6	25.31	22.054	0	2	37	3.206	0.398	NA	0.574	NA	-57.529	133.781
245	14	7	25.31	21.658	0	2	9	3.602	0.793	NA	0.396	NA	-90	-32.471
246	14	8	24.606	21.79	0	2	37	4.318	0.933	NA	0.716	NA	169.38	-100.62
247	14	9	24.87	20.734	0	2	27	5.407	1.761	NA	1.088	NA	-75.964	114.656
248	15	1	25.926	16.95	0	2	46	0	0	NA	NA	NA	NA	NA
249	15	2	26.541	16.95	0	2	46	0.616	0.616	NA	0.616	NA	0	NA
250	15	3	28.081	16.158	0	2	37	2.348	2.297	NA	1.732	NA	-27.216	-27.216
251	15	4	28.037	16.026	0	2	27	2.487	2.305	NA	0.139	NA	-108.435	-81.219
252	15	5	27.949	16.246	0	2	65	2.724	2.143	NA	0.237	NA	111.801	-139.764
253	15	6	27.773	16.334	0	2	55	2.92	1.948	NA	0.197	NA	153.435	41.634
254	15	7	27.685	16.202	0	2	46	3.079	1.912	NA	0.159	NA	-123.69	82.875
255	15	8	27.685	15.938	0	2	83	3.343	2.03	NA	0.264	NA	-90	33.69
256	15	9	27.597	16.114	0	2	9	3.54	1.869	NA	0.197	NA	116.565	-153.435
257	15	10	27.509	16.422	0	2	37	3.86	1.67	NA	0.32	NA	105.945	-10.62
258	15	11	26.717	16.774	0	2	9	4.727	0.811	NA	0.867	NA	156.038	50.092
259	16	1	28.697	14.354	0	2	9	0	0	NA	NA	NA	NA	NA
260	16	2	28.785	14.618	0	2	27	0.278	0.278	NA	0.278	NA	71.565	NA
261	16	3	28.741	14.97	0	2	0	0.633	0.618	NA	0.355	NA	97.125	25.56
262	16	4	28.741	15.014	0	2	27	0.677	0.661	NA	0.044	NA	90	-7.125
263	16	5	28.697	15.014	0	2	46	0.721	0.66	NA	0.044	NA	180	90
264	16	6	28.521	14.926	0	2	27	0.918	0.598	NA	0.197	NA	-153.435	26.565
265	16	7	28.433	15.102	0	2	18	1.115	0.793	NA	0.197	NA	116.565	-90
266	16	8	28.213	15.41	0	2	55	1.493	1.162	NA	0.378	NA	125.538	8.973
267	16	9	28.125	15.322	0	2	46	1.617	1.124	NA	0.124	NA	-135	99.462
268	16	10	28.389	15.85	0	2	27	2.208	1.527	NA	0.59	NA	63.435	-161.565
269	16	11	28.433	15.982	0	2	46	2.347	1.649	NA	0.139	NA	71.565	8.13
270	16	12	27.333	16.422	0	2	18	3.532	2.477	NA	1.185	NA	158.199	86.634
271	16	13	27.949	16.598	0	2	37	4.172	2.365	NA	0.641	NA	15.945	-142.253
272	16	14	27.773	16.642	0	2	27	4.354	2.467	NA	0.181	NA	165.964	150.018
273	16	15	27.993	16.466	0	2	65	4.635	2.226	NA	0.282	NA	-38.66	155.376
274	16	16	27.993	16.686	0	2	37	4.855	2.436	NA	0.22	NA	90	128.66
275	16	17	27.729	17.082	0	2	74	5.331	2.894	NA	0.476	NA	123.69	33.69
276	16	18	27.905	17.214	0	2	18	5.551	2.967	NA	0.22	NA	36.87	-86.82
277	17	1	25.882	3.443	0	2	205	0	0	NA	NA	NA	NA	NA
278	17	2	25.75	3.663	0	2	121	0.257	0.257	NA	0.257	NA	120.964	NA
279	17	3	25.178	4.015	0	2	93	0.928	0.907	NA	0.672	NA	148.392	27.429
280	17	4	25.222	4.015	0	2	177	0.972	0.873	NA	0.044	NA	0	-148.392
281	17	5	25.266	4.015	0	2	195	1.016	0.841	NA	0.044	NA	0	0
282	17	6	24.914	4.323	0	2	149	1.484	1.308	NA	0.468	NA	138.814	138.814
283	17	7	25.09	4.279	0	2	177	1.665	1.152	NA	0.181	NA	-14.036	-152.85
284	17	8	25.134	4.279	0	2	233	1.709	1.122	NA	0.044	NA	0	14.036
285	17	9	25.178	4.411	0	2	74	1.848	1.197	NA	0.139	NA	71.565	71.565
286	17	10	24.738	4.455	0	2	102	2.291	1.527	NA	0.442	NA	174.289	102.724
287	17	11	24.694	4.455	0	2	139	2.335	1.561	NA	0.044	NA	180	5.711
288	17	12	24.826	4.367	0	2	65	2.493	1.403	NA	0.159	NA	-33.69	146.31
289	17	13	24.782	4.543	0	2	111	2.675	1.556	NA	0.181	NA	104.036	137.726
290	17	14	24.914	4.543	0	2	139	2.807	1.465	NA	0.132	NA	0	-104.036
291	17	15	24.914	4.543	0	2	74	2.807	1.465	NA	0	NA	0	0
292	17	16	24.298	4.983	0	2	83	3.564	2.209	NA	0.757	NA	144.462	144.462
293	17	17	24.166	5.115	0	2	111	3.75	2.396	NA	0.187	NA	135	-9.462
294	17	18	24.65	4.807	0	2	130	4.324	1.838	NA	0.574	NA	-32.471	-167.471
295	17	19	24.518	4.895	0	2	139	4.482	1.992	NA	0.159	NA	146.31	178.781
296	17	20	24.386	4.939	0	2	74	4.622	2.116	NA	0.139	NA	161.565	15.255
297	17	21	24.386	4.939	0	2	55	4.622	2.116	NA	0	NA	0	-161.565
298	17	22	24.386	4.807	0	2	74	4.754	2.024	NA	0.132	NA	-90	-90
299	17	23	24.694	4.763	0	2	74	5.065	1.776	NA	0.311	NA	-8.13	81.87
300	17	24	25.266	4.235	0	2	46	5.843	1.003	NA	0.778	NA	-42.709	-34.579
301	17	25	26.233	3.663	0	2	27	6.967	0.415	NA	1.124	NA	-30.579	12.13
302	18	1	14.794	5.775	0	2	27	0	0	NA	NA	NA	NA	NA
303	18	2	16.51	5.027	0	2	55	1.872	1.872	NA	1.872	NA	-23.552	NA
304	18	3	18.534	5.335	0	2	255	3.919	3.766	NA	2.047	NA	8.653	32.205
305	18	4	18.886	5.599	0	2	255	4.359	4.096	NA	0.44	NA	36.87	28.217
306	18	5	19.766	6.435	0	2	255	5.573	5.015	NA	1.214	NA	43.531	6.661
307	18	6	20.162	6.655	0	2	139	6.026	5.439	NA	0.453	NA	29.055	-14.477
308	18	7	19.766	6.215	0	2	102	6.618	4.991	NA	0.592	NA	-131.987	-161.042
309	18	8	19.37	6.303	0	2	195	7.023	4.606	NA	0.406	NA	167.471	-60.542
310	18	9	19.062	6.435	0	2	255	7.358	4.318	NA	0.335	NA	156.801	-10.67
311	18	10	18.974	6.567	0	2	205	7.517	4.254	NA	0.159	NA	123.69	-33.111
312	18	11	19.018	6.743	0	2	205	7.698	4.333	NA	0.181	NA	75.964	-47.726
313	18	12	17.83	7.711	0	2	121	9.231	3.601	NA	1.532	NA	140.826	64.863
314	18	13	15.718	8.81	0	2	177	11.612	3.173	NA	2.381	NA	152.488	11.662
315	18	14	14.31	9.25	0	2	158	13.087	3.509	NA	1.475	NA	162.646	10.158
316	18	15	13.254	9.558	0	2	195	14.187	4.085	NA	1.1	NA	163.74	1.094
317	18	16	12.55	9.602	0	2	27	14.892	4.437	NA	0.705	NA	176.424	12.684
318	18	17	11.978	9.558	0	2	111	15.466	4.717	NA	0.574	NA	-175.601	7.975
319	18	18	12.022	9.558	0	2	111	15.51	4.69	NA	0.044	NA	0	175.601
320	18	19	11.978	9.558	0	2	83	15.554	4.717	NA	0.044	NA	180	180
321	18	20	11.89	9.514	0	2	111	15.652	4.735	NA	0.098	NA	-153.435	26.565
322	18	21	11.934	9.47	0	2	167	15.714	4.673	NA	0.062	NA	-45	108.435
323	18	22	12.77	9.338	0	2	74	16.561	4.098	NA	0.846	NA	-8.973	36.027
324	18	23	12.506	9.206	0	2	65	16.856	4.125	NA	0.295	NA	-153.435	-144.462
325	18	24	12.638	9.25	0	2	37	16.995	4.09	NA	0.139	NA	18.435	171.87
326	18	25	12.506	9.426	0	2	74	17.215	4.309	NA	0.22	NA	126.87	108.435
327	18	26	12.33	9.426	0	2	93	17.391	4.405	NA	0.176	NA	180	53.13
328	18	27	12.33	9.426	0	2	74	17.391	4.405	NA	0	NA	0	-180
329	18	28	12.33	9.426	0	2	93	17.391	4.405	NA	0	NA	0	0
330	18	29	12.242	9.338	0	2	37	17.515	4.383	NA	0.124	NA	-135	-135
331	19	1	18.93	10.218	0	2	139	0	0	NA	NA	NA	NA	NA
332	19	2	19.15	10.218	0	2	186	0.22	0.22	NA	0.22	NA	0	NA
333	19	3	19.15	10.218	0	2	205	0.22	0.22	NA	0	NA	0	0
334	19	4	19.458	9.91	0	2	139	0.656	0.611	NA	0.436	NA	-45	-45
335	19	5	19.898	9.866	0	2	93	1.098	1.03	NA	0.442	NA	-5.711	39.289
336	19	6	20.426	9.558	0	2	102	1.709	1.635	NA	0.611	NA	-30.256	-24.546
337	19	7	20.778	9.118	0	2	242	2.272	2.15	NA	0.563	NA	-51.34	-21.084
338	19	8	20.866	9.03	0	2	83	2.397	2.271	NA	0.124	NA	-45	6.34
339	19	9	21.218	8.942	0	2	102	2.76	2.62	NA	0.363	NA	-14.036	30.964
340	19	10	21.306	8.942	0	2	74	2.848	2.697	NA	0.088	NA	0	14.036
341	19	11	21.306	8.942	0	2	83	2.848	2.697	NA	0	NA	0	0
342	19	12	21.35	8.81	0	2	102	2.987	2.8	NA	0.139	NA	-71.565	-71.565
343	19	13	21.35	8.766	0	2	102	3.031	2.822	NA	0.044	NA	-90	-18.435
344	19	14	21.57	8.722	0	2	83	3.255	3.034	NA	0.224	NA	-11.31	78.69
345	19	15	21.79	8.81	0	2	55	3.492	3.188	NA	0.237	NA	21.801	33.111
346	19	16	22.406	8.591	0	2	55	4.146	3.838	NA	0.654	NA	-19.654	-41.455
347	19	17	23.418	8.591	0	2	46	5.158	4.774	NA	1.012	NA	0	19.654
348	19	18	23.022	8.503	0	2	139	5.564	4.437	NA	0.406	NA	-167.471	-167.471
349	19	19	22.626	8.635	0	2	65	5.981	4.021	NA	0.417	NA	161.565	-30.964
350	19	20	22.846	8.503	0	2	130	6.238	4.275	NA	0.257	NA	-30.964	167.471
351	19	21	22.67	8.415	0	2	55	6.434	4.152	NA	0.197	NA	-153.435	-122.471
352	19	22	22.802	8.415	0	2	93	6.566	4.271	NA	0.132	NA	0	153.435
353	19	23	22.89	8.459	0	2	83	6.665	4.333	NA	0.098	NA	26.565	26.565
354	19	24	22.89	8.327	0	2	55	6.797	4.389	NA	0.132	NA	-90	-116.565
355	19	25	22.934	8.371	0	2	55	6.859	4.41	NA	0.062	NA	45	135
356	19	26	22.802	8.151	0	2	55	7.116	4.389	NA	0.257	NA	-120.964	-165.964
357	19	27	23.022	8.107	0	2	55	7.34	4.605	NA	0.224	NA	-11.31	109.654
358	19	28	23.022	8.195	0	2	18	7.428	4.565	NA	0.088	NA	90	101.31
359	19	29	23.154	8.107	0	2	83	7.587	4.722	NA	0.159	NA	-33.69	-123.69
360	19	30	22.494	8.371	0	2	46	8.297	4.014	NA	0.711	NA	158.199	-168.111
361	19	31	22.67	7.975	0	2	0	8.731	4.361	NA	0.433	NA	-66.038	135.764
362	19	32	22.494	8.107	0	2	55	8.951	4.143	NA	0.22	NA	143.13	-150.832
363	19	33	22.846	7.975	0	2	37	9.327	4.513	NA	0.376	NA	-20.556	-163.686
364	19	34	22.846	7.975	0	2	37	9.327	4.513	NA	0	NA	0	20.556
365	19	35	22.714	7.887	0	2	37	9.485	4.445	NA	0.159	NA	-146.31	-146.31
366	19	36	22.582	7.887	0	2	65	9.617	4.333	NA	0.132	NA	180	-33.69
367	19	37	22.67	7.887	0	2	46	9.705	4.407	NA	0.088	NA	0	-180
368	19	38	22.758	8.019	0	2	65	9.864	4.415	NA	0.159	NA	56.31	56.31
369	19	39	22.626	8.019	0	2	27	9.996	4.301	NA	0.132	NA	180	123.69
370	19	40	22.89	7.975	0	2	18	10.263	4.551	NA	0.268	NA	-9.462	170.538
371	19	41	22.89	8.019	0	2	37	10.307	4.53	NA	0.044	NA	90	99.462
372	19	42	22.846	8.151	0	2	37	10.447	4.428	NA	0.139	NA	108.435	18.435
373	19	43	22.978	8.283	0	2	65	10.633	4.487	NA	0.187	NA	45	-63.435
374	19	44	23.242	8.415	0	2	18	10.928	4.674	NA	0.295	NA	26.565	-18.435
375	19	45	22.67	8.283	0	2	27	11.515	4.211	NA	0.587	NA	-167.005	166.43
376	19	46	22.846	8.503	0	2	18	11.797	4.275	NA	0.282	NA	51.34	-141.654
377	20	1	19.458	4.543	0	2	102	0	0	NA	NA	NA	NA	NA
378	20	2	19.986	4.543	0	2	83	0.528	0.528	NA	0.528	NA	0	NA
379	20	3	19.942	4.587	0	2	18	0.59	0.486	NA	0.062	NA	135	135
380	20	4	19.898	4.235	0	2	9	0.945	0.537	NA	0.355	NA	-97.125	127.875
381	20	5	19.854	4.147	0	2	18	1.043	0.56	NA	0.098	NA	-116.565	-19.44
382	20	6	19.414	4.147	0	2	9	1.483	0.398	NA	0.44	NA	180	-63.435
383	20	7	19.59	4.235	0	2	9	1.68	0.335	NA	0.197	NA	26.565	-153.435
384	20	8	19.326	4.499	0	2	46	2.053	0.139	NA	0.373	NA	135	108.435
385	20	9	19.59	5.159	0	2	65	2.764	0.63	NA	0.711	NA	68.199	-66.801
386	20	10	21.042	5.379	0	2	18	4.233	1.791	NA	1.468	NA	8.616	-59.583
387	20	11	21.614	5.379	0	2	74	4.805	2.312	NA	0.572	NA	0	-8.616
388	20	12	22.362	4.851	0	2	37	5.72	2.92	NA	0.916	NA	-35.218	-35.218
389	20	13	22.494	4.895	0	2	9	5.859	3.056	NA	0.139	NA	18.435	53.653
390	20	14	23.154	4.543	0	2	27	6.607	3.696	NA	0.748	NA	-28.072	-46.507
391	20	15	23.946	4.411	0	2	55	7.41	4.49	NA	0.803	NA	-9.462	18.61
392	20	16	23.902	4.147	0	2	93	7.678	4.461	NA	0.268	NA	-99.462	-90
393	21	1	18.49	9.558	0	2	74	0	0	NA	NA	NA	NA	NA
394	21	2	18.358	9.822	0	2	46	0.295	0.295	NA	0.295	NA	116.565	NA
395	21	3	18.534	9.69	0	2	65	0.515	0.139	NA	0.22	NA	-36.87	-153.435
396	21	4	18.534	9.734	0	2	27	0.559	0.181	NA	0.044	NA	90	126.87
397	21	5	18.094	9.69	0	2	37	1.001	0.417	NA	0.442	NA	-174.289	95.711
398	21	6	18.27	9.734	0	2	55	1.183	0.282	NA	0.181	NA	14.036	-171.674
399	21	7	18.578	9.91	0	2	55	1.537	0.363	NA	0.355	NA	29.745	15.709
400	21	8	18.446	9.646	0	2	83	1.833	0.098	NA	0.295	NA	-116.565	-146.31
401	21	9	18.622	9.646	0	2	27	2.009	0.159	NA	0.176	NA	0	116.565
402	21	10	18.71	9.866	0	2	65	2.245	0.378	NA	0.237	NA	68.199	68.199
403	21	11	18.71	9.602	0	2	83	2.509	0.224	NA	0.264	NA	-90	-158.199
404	21	12	18.93	9.602	0	2	18	2.729	0.442	NA	0.22	NA	0	90
405	21	13	19.458	9.382	0	2	55	3.301	0.984	NA	0.572	NA	-22.62	-22.62
406	21	14	19.238	9.382	0	2	55	3.521	0.768	NA	0.22	NA	180	-157.38
407	21	15	19.326	8.898	0	2	93	4.013	1.065	NA	0.492	NA	-79.695	100.305
408	21	16	18.974	8.766	0	2	37	4.389	0.928	NA	0.376	NA	-159.444	-79.749
409	21	17	18.534	8.986	0	2	46	4.881	0.574	NA	0.492	NA	153.435	-47.121
410	21	18	18.974	8.942	0	2	158	5.323	0.783	NA	0.442	NA	-5.711	-159.146
411	21	19	19.37	8.986	0	2	37	5.722	1.05	NA	0.398	NA	6.34	12.051
412	22	1	21.966	9.03	0	2	186	0	0	NA	NA	NA	NA	NA
413	22	2	21.966	9.03	0	2	167	0	0	NA	0	NA	0	NA
414	22	3	22.186	9.03	0	2	195	0.22	0.22	NA	0.22	NA	0	0
415	22	4	22.494	8.766	0	2	102	0.626	0.59	NA	0.406	NA	-40.601	-40.601
416	22	5	22.582	8.766	0	2	46	0.714	0.67	NA	0.088	NA	0	40.601
417	22	6	23.022	8.327	0	2	83	1.336	1.269	NA	0.622	NA	-45	-45
418	22	7	22.626	8.591	0	2	130	1.812	0.793	NA	0.476	NA	146.31	-168.69
419	22	8	23.286	8.371	0	2	18	2.507	1.476	NA	0.696	NA	-18.435	-164.745
420	22	9	23.814	8.239	0	2	55	3.052	2.01	NA	0.544	NA	-14.036	4.399
421	22	10	24.034	8.151	0	2	46	3.289	2.247	NA	0.237	NA	-21.801	-7.765
422	22	11	24.122	8.107	0	2	46	3.387	2.346	NA	0.098	NA	-26.565	-4.764
423	23	1	16.158	14.618	0	2	74	0	0	NA	NA	NA	NA	NA
424	23	2	16.158	14.618	0	2	111	0	0	NA	0	NA	0	NA
425	23	3	15.982	14.926	0	2	93	0.355	0.355	NA	0.355	NA	119.745	119.745
426	23	4	15.85	15.19	0	2	55	0.65	0.65	NA	0.295	NA	116.565	-3.18
427	23	5	15.806	15.058	0	2	46	0.789	0.563	NA	0.139	NA	-108.435	135
428	23	6	16.202	14.926	0	2	65	1.206	0.311	NA	0.417	NA	-18.435	90
429	23	7	15.982	14.926	0	2	55	1.426	0.355	NA	0.22	NA	180	-161.565
430	23	8	15.938	14.926	0	2	46	1.47	0.378	NA	0.044	NA	180	0
431	23	9	15.498	15.366	0	2	65	2.093	0.997	NA	0.622	NA	135	-45
432	23	10	15.63	15.146	0	2	37	2.349	0.747	NA	0.257	NA	-59.036	165.964
433	23	11	15.542	15.014	0	2	27	2.508	0.732	NA	0.159	NA	-123.69	-64.654
434	23	12	16.07	14.926	0	2	65	3.043	0.32	NA	0.535	NA	-9.462	114.228
435	23	13	15.85	14.75	0	2	27	3.325	0.335	NA	0.282	NA	-141.34	-131.878
436	24	1	20.426	6.303	0	2	130	0	0	NA	NA	NA	NA	NA
437	24	2	21.482	5.863	0	2	65	1.144	1.144	NA	1.144	NA	-22.62	NA
438	24	3	23.022	5.159	0	2	27	2.837	2.837	NA	1.693	NA	-24.567	-1.947
439	24	4	24.782	4.455	0	2	18	4.733	4.732	NA	1.895	NA	-21.801	2.766
440	24	5	25.134	4.367	0	2	93	5.095	5.09	NA	0.363	NA	-14.036	7.765
441	25	1	24.386	3.619	0	2	27	0	0	NA	NA	NA	NA	NA
442	25	2	24.078	4.455	0	2	37	0.891	0.891	NA	0.891	NA	110.225	NA
443	25	3	23.814	4.543	0	2	46	1.169	1.087	NA	0.278	NA	161.565	51.34
444	25	4	23.506	4.763	0	2	74	1.548	1.443	NA	0.378	NA	144.462	-17.103
445	25	5	23.77	4.939	0	2	18	1.865	1.457	NA	0.317	NA	33.69	-110.772
446	25	6	23.77	4.939	0	2	46	1.865	1.457	NA	0	NA	0	-33.69
447	25	7	23.99	4.631	0	2	195	2.243	1.087	NA	0.378	NA	-54.462	-54.462
448	25	8	23.814	5.027	0	2	102	2.677	1.52	NA	0.433	NA	113.962	168.425
449	25	9	24.034	4.939	0	2	65	2.914	1.366	NA	0.237	NA	-21.801	-135.764
450	25	10	24.034	4.939	0	2	37	2.914	1.366	NA	0	NA	0	21.801
451	25	11	23.99	4.939	0	2	18	2.958	1.378	NA	0.044	NA	180	180
452	25	12	23.814	4.851	0	2	93	3.154	1.358	NA	0.197	NA	-153.435	26.565
453	25	13	23.154	5.159	0	2	55	3.883	1.972	NA	0.728	NA	154.983	-51.582
454	25	14	21.482	6.127	0	2	18	5.815	3.837	NA	1.932	NA	149.931	-5.052
455	26	1	20.734	24.694	0	2	102	0	0	NA	NA	NA	NA	NA
456	26	2	20.646	24.87	0	2	111	0.197	0.197	NA	0.197	NA	116.565	NA
457	26	3	20.866	24.738	0	2	130	0.453	0.139	NA	0.257	NA	-30.964	-147.529
458	26	4	20.822	24.694	0	2	130	0.516	0.088	NA	0.062	NA	-135	-104.036
459	26	5	20.514	24.914	0	2	55	0.894	0.311	NA	0.378	NA	144.462	-80.538
460	26	6	19.106	27.025	0	2	93	3.432	2.844	NA	2.538	NA	123.69	-20.772
461	26	7	18.138	26.937	0	2	74	4.404	3.431	NA	0.972	NA	-174.806	61.504
462	26	8	18.226	27.333	0	2	83	4.81	3.641	NA	0.406	NA	77.471	-107.723
463	26	9	18.578	27.465	0	2	37	5.186	3.512	NA	0.376	NA	20.556	-56.915
464	26	10	18.27	27.553	0	2	55	5.506	3.775	NA	0.32	NA	164.055	143.499
465	26	11	18.622	27.773	0	2	9	5.921	3.734	NA	0.415	NA	32.005	-132.049
466	26	12	18.182	27.685	0	2	55	6.37	3.932	NA	0.449	NA	-168.69	159.305
467	26	13	18.446	27.949	0	2	18	6.743	3.979	NA	0.373	NA	45	-146.31
468	26	14	18.49	27.905	0	2	27	6.805	3.918	NA	0.062	NA	-45	-90
469	26	15	18.446	27.905	0	2	27	6.849	3.943	NA	0.044	NA	180	-135
470	27	1	20.866	24.65	0	2	27	0	0	NA	NA	NA	NA	NA
471	27	2	20.866	24.65	0	2	27	0	0	NA	0	NA	0	NA
472	27	3	20.866	24.65	0	2	9	0	0	NA	0	NA	0	0
473	27	4	20.91	24.254	0	2	37	0.398	0.398	NA	0.398	NA	-83.66	-83.66
474	27	5	20.778	24.166	0	2	74	0.557	0.492	NA	0.159	NA	-146.31	-62.65
475	27	6	21.13	24.342	0	2	37	0.951	0.406	NA	0.394	NA	26.565	172.875
476	27	7	21.13	24.474	0	2	0	1.083	0.317	NA	0.132	NA	90	63.435
477	27	8	21.174	24.562	0	2	18	1.181	0.32	NA	0.098	NA	63.435	-26.565
478	27	9	20.558	24.518	0	2	18	1.798	0.335	NA	0.618	NA	-175.914	120.651
479	28	1	10.438	29.709	0	2	18	0	0	NA	NA	NA	NA	NA
480	28	2	8.898	30.017	0	2	121	1.57	1.57	NA	1.57	NA	168.69	NA
481	28	3	7.887	30.721	0	2	0	2.803	2.745	NA	1.233	NA	145.176	-23.515
482	28	4	7.535	30.897	0	2	242	3.197	3.137	NA	0.394	NA	153.435	8.259
483	28	5	6.875	31.117	0	2	149	3.892	3.832	NA	0.696	NA	161.565	8.13
484	28	6	7.227	31.161	0	2	111	4.247	3.525	NA	0.355	NA	7.125	-154.44
485	28	7	7.139	31.117	0	2	102	4.345	3.588	NA	0.098	NA	-153.435	-160.56
486	28	8	7.183	31.117	0	2	102	4.389	3.547	NA	0.044	NA	0	153.435
487	28	9	7.139	31.073	0	2	139	4.452	3.571	NA	0.062	NA	-135	-135
488	28	10	7.139	31.029	0	2	195	4.496	3.554	NA	0.044	NA	-90	45
489	28	11	7.183	31.073	0	2	102	4.558	3.53	NA	0.062	NA	45	135
490	28	12	7.051	31.161	0	2	158	4.716	3.686	NA	0.159	NA	146.31	101.31
491	29	1	9.03	30.061	0	2	18	0	0	NA	NA	NA	NA	NA
492	29	2	7.799	30.677	0	2	55	1.377	1.377	NA	1.377	NA	153.435	NA
493	29	3	7.227	30.897	0	2	37	1.99	1.988	NA	0.613	NA	158.962	5.528
494	29	4	6.787	31.117	0	2	74	2.482	2.48	NA	0.492	NA	153.435	-5.528
495	29	5	6.787	31.117	0	2	55	2.482	2.48	NA	0	NA	0	-153.435
496	29	6	7.139	31.205	0	2	65	2.845	2.211	NA	0.363	NA	14.036	14.036
497	29	7	7.447	31.117	0	2	93	3.165	1.904	NA	0.32	NA	-15.945	-29.982
498	29	8	8.063	31.117	0	2	18	3.781	1.432	NA	0.616	NA	0	15.945
499	29	9	8.063	31.117	0	2	9	3.781	1.432	NA	0	NA	0	0
500	29	10	7.975	31.293	0	2	46	3.978	1.623	NA	0.197	NA	116.565	116.565
501	30	1	19.502	8.195	0	2	27	0	0	NA	NA	NA	NA	NA
502	30	2	21.35	7.271	0	2	27	2.066	2.066	NA	2.066	NA	-26.565	NA
503	30	3	22.406	5.687	0	2	27	3.97	3.837	NA	1.904	NA	-56.31	-29.745
504	30	4	23.066	5.115	0	2	18	4.843	4.71	NA	0.873	NA	-40.914	15.396
