Nr	TID	PID	x [micron]	y [micron]	t [sec]	c [idx]	I [val]	Len [micron]	D2S [micron]	D2R [micron]	D2P [micron]	v [micron/sec]	? [deg]	?? [deg]
1	1	1	14.693	12.495	0	2	9	0	0	NA	NA	NA	NA	NA
2	1	2	15.855	12.993	0	2	37	1.264	1.264	NA	1.264	NA	23.199	NA
3	1	3	16.767	13.822	0	2	18	2.497	2.462	NA	1.233	NA	42.274	19.075
4	1	4	16.933	13.698	0	2	74	2.704	2.542	NA	0.207	NA	-36.87	-79.144
5	1	5	17.099	13.698	0	2	37	2.87	2.69	NA	0.166	NA	0	36.87
6	1	6	17.058	13.325	0	2	27	3.246	2.506	NA	0.376	NA	-96.34	-96.34
7	1	7	17.182	13.283	0	2	111	3.377	2.61	NA	0.131	NA	-18.435	77.905
8	1	8	17.016	13.076	0	2	46	3.642	2.394	NA	0.266	NA	-128.66	-110.225
9	1	9	16.809	13.076	0	2	46	3.85	2.194	NA	0.207	NA	180	-51.34
10	1	10	16.767	13.076	0	2	65	3.891	2.154	NA	0.041	NA	180	0
11	1	11	16.933	13.698	0	2	65	4.535	2.542	NA	0.644	NA	75.069	-104.931
12	1	12	16.892	13.242	0	2	37	4.993	2.322	NA	0.458	NA	-95.194	-170.263
13	1	13	16.435	12.951	0	2	27	5.534	1.801	NA	0.541	NA	-147.529	-52.334
14	1	14	15.274	12.993	0	2	9	6.696	0.765	NA	1.162	NA	177.955	-34.517
15	1	15	15.523	13.325	0	2	46	7.111	1.173	NA	0.415	NA	53.13	-124.824
16	1	16	16.228	13.864	0	2	27	7.999	2.056	NA	0.888	NA	37.405	-15.725
17	1	17	16.684	14.362	0	2	55	8.674	2.729	NA	0.675	NA	47.49	10.084
18	1	18	16.518	14.569	0	2	27	8.939	2.763	NA	0.266	NA	128.66	81.17
19	1	19	16.187	14.901	0	2	18	9.409	2.831	NA	0.469	NA	135	6.34
20	1	20	16.601	16.021	0	2	37	10.603	4.009	NA	1.194	NA	69.677	-65.323
21	1	21	16.435	15.191	0	2	9	11.449	3.21	NA	0.846	NA	-101.31	-170.987
22	1	22	16.435	14.071	0	2	65	12.569	2.349	NA	1.12	NA	-90	11.31
23	1	23	16.477	13.947	0	2	37	12.7	2.3	NA	0.131	NA	-71.565	18.435
24	1	24	16.477	13.615	0	2	18	13.032	2.106	NA	0.332	NA	-90	-18.435
25	1	25	16.85	13.491	0	2	27	13.425	2.375	NA	0.393	NA	-18.435	71.565
26	1	26	16.394	13.2	0	2	9	13.966	1.841	NA	0.541	NA	-147.529	-129.094
27	1	27	16.85	13.2	0	2	18	14.422	2.269	NA	0.456	NA	0	147.529
28	1	28	16.975	13.2	0	2	9	14.547	2.388	NA	0.124	NA	0	0
29	2	1	14.071	19.588	0	2	55	0	0	NA	NA	NA	NA	NA
30	2	2	14.403	19.754	0	2	27	0.371	0.371	NA	0.371	NA	26.565	NA
31	2	3	14.154	19.92	0	2	55	0.67	0.342	NA	0.299	NA	146.31	119.745
32	2	4	14.445	19.961	0	2	65	0.963	0.528	NA	0.293	NA	8.13	-138.18
33	2	5	14.445	19.961	0	2	65	0.963	0.528	NA	0	NA	0	-8.13
34	2	6	14.445	19.961	0	2	37	0.963	0.528	NA	0	NA	0	0
35	2	7	14.569	19.837	0	2	83	1.139	0.556	NA	0.176	NA	-45	-45
36	2	8	14.569	19.837	0	2	46	1.139	0.556	NA	0	NA	0	45
37	2	9	14.528	19.712	0	2	55	1.271	0.473	NA	0.131	NA	-108.435	-108.435
38	2	10	14.486	19.712	0	2	65	1.312	0.433	NA	0.041	NA	180	-71.565
39	2	11	13.449	19.795	0	2	9	2.352	0.656	NA	1.04	NA	175.426	-4.574
40	2	12	13.325	19.878	0	2	27	2.502	0.801	NA	0.15	NA	146.31	-29.116
41	2	13	12.91	19.837	0	2	9	2.919	1.188	NA	0.417	NA	-174.289	39.401
42	3	1	12.08	10.67	0	2	18	0	0	NA	NA	NA	NA	NA
43	3	2	12.288	10.753	0	2	46	0.223	0.223	NA	0.223	NA	21.801	NA
44	3	3	11.997	10.795	0	2	0	0.517	0.15	NA	0.293	NA	171.87	150.068
45	3	4	12.08	10.795	0	2	18	0.6	0.124	NA	0.083	NA	0	-171.87
46	3	5	11.997	10.712	0	2	27	0.717	0.093	NA	0.117	NA	-135	-135
47	3	6	12.039	10.96	0	2	37	0.969	0.293	NA	0.252	NA	80.538	-144.462
48	3	7	12.122	10.877	0	2	0	1.087	0.211	NA	0.117	NA	-45	-125.538
49	3	8	12.122	10.836	0	2	0	1.128	0.171	NA	0.041	NA	-90	-45
50	3	9	12.08	10.877	0	2	0	1.187	0.207	NA	0.059	NA	135	-135
51	3	10	11.79	10.919	0	2	27	1.48	0.382	NA	0.293	NA	171.87	36.87
52	3	11	11.79	10.919	0	2	18	1.48	0.382	NA	0	NA	0	-171.87
53	3	12	11.79	10.919	0	2	37	1.48	0.382	NA	0	NA	0	0
54	3	13	11.831	10.919	0	2	9	1.521	0.352	NA	0.041	NA	0	0
55	3	14	11.873	11.002	0	2	37	1.614	0.391	NA	0.093	NA	63.435	63.435
56	3	15	11.749	10.96	0	2	9	1.745	0.441	NA	0.131	NA	-161.565	135
57	3	16	11.997	10.96	0	2	18	1.994	0.302	NA	0.249	NA	0	161.565
58	3	17	12.163	11.458	0	2	18	2.519	0.792	NA	0.525	NA	71.565	71.565
59	3	18	12.537	11.417	0	2	27	2.894	0.875	NA	0.376	NA	-6.34	-77.905
60	3	19	12.454	11.417	0	2	0	2.977	0.835	NA	0.083	NA	180	-173.66
61	3	20	12.08	11.292	0	2	46	3.371	0.622	NA	0.393	NA	-161.565	18.435
62	3	21	12.246	11.5	0	2	0	3.636	0.846	NA	0.266	NA	51.34	-147.095
63	3	22	12.288	11.624	0	2	18	3.768	0.976	NA	0.131	NA	71.565	20.225
64	4	1	21.371	18.468	0	2	0	0	0	NA	NA	NA	NA	NA
65	4	2	21.454	18.095	0	2	18	0.382	0.382	NA	0.382	NA	-77.471	NA
66	4	3	21.537	18.053	0	2	27	0.475	0.447	NA	0.093	NA	-26.565	50.906
67	4	4	21.413	18.426	0	2	9	0.869	0.059	NA	0.393	NA	108.435	135
68	4	5	21.413	18.426	0	2	27	0.869	0.059	NA	0	NA	0	-108.435
69	4	6	21.496	18.178	0	2	27	1.131	0.316	NA	0.262	NA	-71.565	-71.565
70	4	7	21.122	18.26	0	2	18	1.513	0.324	NA	0.382	NA	167.471	-120.964
71	4	8	21.745	18.385	0	2	0	2.148	0.382	NA	0.634	NA	11.31	-156.161
72	4	9	21.537	18.385	0	2	9	2.355	0.185	NA	0.207	NA	180	168.69
73	4	10	21.164	17.929	0	2	18	2.945	0.578	NA	0.59	NA	-129.289	50.711
74	4	11	20.998	17.224	0	2	0	3.669	1.299	NA	0.724	NA	-103.241	26.049
75	4	12	20.791	17.265	0	2	27	3.881	1.336	NA	0.211	NA	168.69	-88.069
76	4	13	20.459	16.892	0	2	27	4.38	1.821	NA	0.499	NA	-131.634	59.676
77	4	14	20.293	17.265	0	2	18	4.789	1.615	NA	0.409	NA	113.962	-114.404
78	4	15	20.044	17.224	0	2	0	5.041	1.819	NA	0.252	NA	-170.538	75.5
79	4	16	20.044	17.182	0	2	0	5.082	1.848	NA	0.041	NA	-90	80.538
80	4	17	19.007	16.767	0	2	9	6.199	2.912	NA	1.117	NA	-158.199	-68.199
81	4	18	18.717	16.933	0	2	9	6.534	3.066	NA	0.334	NA	150.255	-51.546
82	4	19	18.426	16.021	0	2	0	7.491	3.829	NA	0.958	NA	-107.65	102.095
83	4	20	18.095	15.15	0	2	0	8.423	4.663	NA	0.932	NA	-110.854	-3.204
84	4	21	18.178	14.652	0	2	18	8.928	4.976	NA	0.505	NA	-80.538	30.317
85	4	22	17.721	14.237	0	2	27	9.544	5.588	NA	0.617	NA	-137.726	-57.189
86	4	23	17.929	14.196	0	2	18	9.756	5.487	NA	0.211	NA	-11.31	126.416
87	4	24	17.846	14.237	0	2	27	9.849	5.507	NA	0.093	NA	153.435	164.745
88	4	25	17.638	14.32	0	2	18	10.072	5.58	NA	0.223	NA	158.199	4.764
89	5	1	13.781	17.846	0	2	9	0	0	NA	NA	NA	NA	NA
90	5	2	13.656	17.846	0	2	9	0.124	0.124	NA	0.124	NA	180	NA
91	5	3	13.656	17.846	0	2	27	0.124	0.124	NA	0	NA	0	-180
92	5	4	13.656	17.846	0	2	37	0.124	0.124	NA	0	NA	0	0
93	5	5	13.532	17.846	0	2	27	0.249	0.249	NA	0.124	NA	180	180
94	5	6	13.698	17.804	0	2	9	0.42	0.093	NA	0.171	NA	-14.036	165.964
95	5	7	13.864	17.804	0	2	18	0.586	0.093	NA	0.166	NA	0	14.036
96	5	8	13.532	17.804	0	2	18	0.918	0.252	NA	0.332	NA	180	180
97	5	9	13.325	17.721	0	2	18	1.141	0.473	NA	0.223	NA	-158.199	21.801
98	5	10	13.574	17.68	0	2	18	1.393	0.266	NA	0.252	NA	-9.462	148.736
99	5	11	13.574	17.68	0	2	27	1.393	0.266	NA	0	NA	0	9.462
100	5	12	13.698	18.095	0	2	18	1.826	0.262	NA	0.433	NA	73.301	73.301
101	5	13	13.449	17.68	0	2	9	2.31	0.371	NA	0.484	NA	-120.964	165.735
102	5	14	13.449	17.846	0	2	0	2.476	0.332	NA	0.166	NA	90	-149.036
103	5	15	13.408	17.555	0	2	27	2.769	0.473	NA	0.293	NA	-98.13	171.87
104	5	16	13.408	17.555	0	2	18	2.769	0.473	NA	0	NA	0	98.13
105	5	17	12.91	17.472	0	2	9	3.274	0.948	NA	0.505	NA	-170.538	-170.538
106	5	18	13.159	17.597	0	2	27	3.552	0.67	NA	0.278	NA	26.565	-162.897
107	5	19	13.034	17.721	0	2	9	3.728	0.757	NA	0.176	NA	135	108.435
108	5	20	13.076	17.721	0	2	0	3.77	0.716	NA	0.041	NA	0	-135
109	5	21	12.91	17.514	0	2	18	4.035	0.932	NA	0.266	NA	-128.66	-128.66
110	5	22	12.91	17.514	0	2	37	4.035	0.932	NA	0	NA	0	128.66
111	5	23	12.702	17.472	0	2	27	4.247	1.141	NA	0.211	NA	-168.69	-168.69
112	5	24	13.034	17.431	0	2	27	4.581	0.854	NA	0.334	NA	-7.125	161.565
113	5	25	12.993	17.431	0	2	27	4.622	0.891	NA	0.041	NA	180	-172.875
114	5	26	13.117	17.431	0	2	9	4.747	0.783	NA	0.124	NA	0	-180
115	5	27	12.661	17.016	0	2	0	5.364	1.394	NA	0.617	NA	-137.726	-137.726
116	5	28	11.79	16.27	0	2	9	6.511	2.539	NA	1.147	NA	-139.399	-1.672
117	5	29	11.126	15.689	0	2	0	7.393	3.42	NA	0.882	NA	-138.814	0.585
118	6	1	11.417	18.468	0	2	0	0	0	NA	NA	NA	NA	NA
119	6	2	13.532	19.629	0	2	18	2.413	2.413	NA	2.413	NA	28.768	NA
120	6	3	13.408	19.588	0	2	37	2.544	2.284	NA	0.131	NA	-161.565	169.667
121	6	4	13.117	19.422	0	2	46	2.879	1.95	NA	0.334	NA	-150.255	11.31
122	6	5	13.159	19.505	0	2	18	2.972	2.027	NA	0.093	NA	63.435	-146.31
123	6	6	13.366	19.588	0	2	27	3.195	2.248	NA	0.223	NA	21.801	-41.634
124	6	7	13.283	19.671	0	2	0	3.312	2.221	NA	0.117	NA	135	113.199
125	6	8	13.117	19.629	0	2	9	3.483	2.059	NA	0.171	NA	-165.964	59.036
126	6	9	13.449	19.629	0	2	9	3.815	2.341	NA	0.332	NA	0	165.964
127	6	10	13.739	19.712	0	2	27	4.117	2.635	NA	0.302	NA	15.945	15.945
128	6	11	14.486	20.085	0	2	9	4.952	3.47	NA	0.835	NA	26.565	10.62
129	6	12	16.228	20.666	0	2	18	6.788	5.29	NA	1.836	NA	18.435	-8.13
130	6	13	17.016	20.957	0	2	27	7.628	6.128	NA	0.84	NA	20.225	1.79
131	6	14	17.348	21.039	0	2	9	7.97	6.465	NA	0.342	NA	14.036	-6.189
132	6	15	17.099	20.915	0	2	46	8.248	6.187	NA	0.278	NA	-153.435	-167.471
133	6	16	17.016	20.915	0	2	9	8.331	6.111	NA	0.083	NA	180	-26.565
134	6	17	16.809	20.998	0	2	37	8.554	5.956	NA	0.223	NA	158.199	-21.801
135	6	18	17.306	21.039	0	2	9	9.054	6.427	NA	0.499	NA	4.764	-153.435
136	6	19	17.68	20.334	0	2	0	9.852	6.535	NA	0.798	NA	-62.103	-66.866
137	6	20	17.224	20.293	0	2	18	10.31	6.087	NA	0.458	NA	-174.806	-112.703
138	7	1	12.205	8.679	0	2	9	0	0	NA	NA	NA	NA	NA
139	7	2	12.537	8.928	0	2	18	0.415	0.415	NA	0.415	NA	36.87	NA
140	7	3	12.744	9.052	0	2	9	0.657	0.656	NA	0.242	NA	30.964	-5.906
141	7	4	13.408	9.509	0	2	55	1.462	1.461	NA	0.805	NA	34.509	3.545
142	7	5	13.656	9.592	0	2	27	1.724	1.715	NA	0.262	NA	18.435	-16.074
143	7	6	13.408	9.218	0	2	46	2.173	1.318	NA	0.449	NA	-123.69	-142.125
144	7	7	13.408	9.343	0	2	18	2.297	1.374	NA	0.124	NA	90	-146.31
145	7	8	13.408	9.426	0	2	27	2.38	1.416	NA	0.083	NA	90	0
146	7	9	13.491	9.384	0	2	9	2.473	1.466	NA	0.093	NA	-26.565	-116.565
147	7	10	13.615	10.172	0	2	9	3.271	2.054	NA	0.798	NA	81.027	107.592
148	7	11	13.905	10.38	0	2	0	3.628	2.405	NA	0.357	NA	35.538	-45.49
149	7	12	13.739	10.67	0	2	9	3.962	2.514	NA	0.334	NA	119.745	84.207
150	7	13	13.574	10.421	0	2	0	4.261	2.215	NA	0.299	NA	-123.69	116.565
151	7	14	13.283	10.587	0	2	27	4.596	2.192	NA	0.334	NA	150.255	-86.055
152	7	15	13.781	10.753	0	2	0	5.12	2.605	NA	0.525	NA	18.435	-131.82
153	7	16	13.532	10.587	0	2	27	5.419	2.324	NA	0.299	NA	-146.31	-164.745
154	7	17	13.491	10.629	0	2	9	5.478	2.335	NA	0.059	NA	135	-78.69
155	7	18	13.615	10.753	0	2	0	5.654	2.508	NA	0.176	NA	45	-90
156	7	19	13.698	10.463	0	2	18	5.956	2.326	NA	0.302	NA	-74.055	-119.055
157	8	1	17.597	14.113	0	2	0	0	0	NA	NA	NA	NA	NA
158	8	2	17.929	14.154	0	2	9	0.334	0.334	NA	0.334	NA	7.125	NA
159	8	3	17.929	14.154	0	2	9	0.334	0.334	NA	0	NA	0	-7.125
160	8	4	18.053	14.61	0	2	0	0.807	0.675	NA	0.473	NA	74.745	74.745
161	8	5	17.929	14.693	0	2	9	0.957	0.669	NA	0.15	NA	146.31	71.565
162	8	6	18.343	14.818	0	2	9	1.39	1.027	NA	0.433	NA	16.699	-129.611
163	8	7	18.509	15.274	0	2	9	1.875	1.477	NA	0.485	NA	70.017	53.318
164	8	8	18.592	15.938	0	2	9	2.544	2.079	NA	0.669	NA	82.875	12.858
165	8	9	18.717	16.435	0	2	18	3.057	2.579	NA	0.513	NA	75.964	-6.911
166	8	10	18.468	16.643	0	2	9	3.381	2.676	NA	0.324	NA	140.194	64.231
167	8	11	18.468	16.643	0	2	9	3.381	2.676	NA	0	NA	0	-140.194
168	8	12	18.468	16.643	0	2	83	3.381	2.676	NA	0	NA	0	0
169	8	13	18.509	17.141	0	2	0	3.881	3.162	NA	0.499	NA	85.236	85.236
170	8	14	18.509	17.141	0	2	18	3.881	3.162	NA	0	NA	0	-85.236
171	8	15	18.841	17.472	0	2	0	4.35	3.583	NA	0.469	NA	45	45
172	8	16	18.592	17.887	0	2	27	4.834	3.904	NA	0.484	NA	120.964	75.964
173	8	17	18.468	17.721	0	2	9	5.041	3.712	NA	0.207	NA	-126.87	112.166
174	8	18	18.385	17.514	0	2	0	5.264	3.491	NA	0.223	NA	-111.801	15.068
175	8	19	17.97	16.892	0	2	0	6.012	2.804	NA	0.748	NA	-123.69	-11.889
176	8	20	17.348	16.601	0	2	37	6.699	2.501	NA	0.687	NA	-154.983	-31.293
177	8	21	17.97	16.56	0	2	0	7.322	2.475	NA	0.624	NA	-3.814	151.169
178	8	22	18.136	16.56	0	2	37	7.488	2.506	NA	0.166	NA	0	3.814
179	8	23	18.551	16.518	0	2	18	7.905	2.588	NA	0.417	NA	-5.711	-5.711
180	9	1	16.104	11.085	0	2	18	0	0	NA	NA	NA	NA	NA
181	9	2	16.56	11.292	0	2	37	0.501	0.501	NA	0.501	NA	24.444	NA
182	9	3	16.56	11.292	0	2	9	0.501	0.501	NA	0	NA	0	-24.444
183	9	4	16.477	11.749	0	2	18	0.965	0.761	NA	0.464	NA	100.305	100.305
184	9	5	16.56	12.122	0	2	37	1.347	1.133	NA	0.382	NA	77.471	-22.834
185	9	6	16.56	12.122	0	2	18	1.347	1.133	NA	0	NA	0	-77.471
186	9	7	16.477	12.329	0	2	27	1.571	1.299	NA	0.223	NA	111.801	111.801
187	9	8	16.435	12.495	0	2	27	1.742	1.449	NA	0.171	NA	104.036	-7.765
188	9	9	16.394	12.827	0	2	27	2.076	1.766	NA	0.334	NA	97.125	-6.911
189	9	10	16.353	13.076	0	2	46	2.328	2.006	NA	0.252	NA	99.462	2.337
190	9	11	16.477	13.117	0	2	27	2.46	2.066	NA	0.131	NA	18.435	-81.027
191	9	12	16.643	13.242	0	2	74	2.667	2.223	NA	0.207	NA	36.87	18.435
192	9	13	16.104	12.537	0	2	18	3.555	1.452	NA	0.888	NA	-127.405	-164.275
193	9	14	15.523	12.785	0	2	18	4.186	1.797	NA	0.632	NA	156.801	-75.793
194	9	15	16.394	12.91	0	2	9	5.066	1.848	NA	0.88	NA	8.13	-148.671
195	9	16	16.394	12.951	0	2	37	5.108	1.889	NA	0.041	NA	90	81.87
196	9	17	16.477	13.449	0	2	18	5.612	2.394	NA	0.505	NA	80.538	-9.462
197	9	18	16.518	13.449	0	2	27	5.654	2.4	NA	0.041	NA	0	-80.538
198	9	19	16.767	13.449	0	2	9	5.903	2.456	NA	0.249	NA	0	0
199	9	20	16.56	13.574	0	2	27	6.145	2.53	NA	0.242	NA	149.036	149.036
200	9	21	16.56	13.781	0	2	0	6.352	2.734	NA	0.207	NA	90	-59.036
201	9	22	16.643	13.822	0	2	27	6.445	2.79	NA	0.093	NA	26.565	-63.435
202	9	23	16.892	13.822	0	2	65	6.694	2.849	NA	0.249	NA	0	-26.565
203	9	24	16.892	13.822	0	2	18	6.694	2.849	NA	0	NA	0	0
204	9	25	16.933	13.781	0	2	27	6.752	2.821	NA	0.059	NA	-45	-45
205	9	26	16.892	13.615	0	2	27	6.923	2.65	NA	0.171	NA	-104.036	-59.036
206	9	27	17.265	13.656	0	2	37	7.299	2.822	NA	0.376	NA	6.34	110.376
207	9	28	16.684	13.739	0	2	46	7.885	2.717	NA	0.587	NA	171.87	165.53
208	9	29	17.016	13.698	0	2	37	8.22	2.768	NA	0.334	NA	-7.125	-178.995
209	9	30	17.016	13.491	0	2	27	8.427	2.573	NA	0.207	NA	-90	-82.875
210	9	31	17.265	13.864	0	2	37	8.876	3.012	NA	0.449	NA	56.31	146.31
211	9	32	17.389	13.905	0	2	37	9.007	3.1	NA	0.131	NA	18.435	-37.875
212	9	33	17.306	14.071	0	2	18	9.192	3.22	NA	0.185	NA	116.565	98.13
213	9	34	17.306	14.362	0	2	37	9.483	3.491	NA	0.29	NA	90	-26.565
214	9	35	17.265	14.32	0	2	37	9.541	3.437	NA	0.059	NA	-135	135
215	9	36	17.265	14.154	0	2	18	9.707	3.282	NA	0.166	NA	-90	45
216	9	37	17.182	13.656	0	2	37	10.212	2.789	NA	0.505	NA	-99.462	-9.462
217	9	38	17.016	13.615	0	2	9	10.383	2.69	NA	0.171	NA	-165.964	-66.501
218	9	39	16.85	13.532	0	2	9	10.568	2.559	NA	0.185	NA	-153.435	12.529
219	9	40	17.058	13.532	0	2	18	10.776	2.627	NA	0.207	NA	0	153.435
220	9	41	17.058	13.283	0	2	9	11.025	2.396	NA	0.249	NA	-90	-90
221	9	42	16.767	12.951	0	2	0	11.466	1.981	NA	0.441	NA	-131.186	-41.186
222	9	43	16.684	13.2	0	2	27	11.728	2.194	NA	0.262	NA	108.435	-120.379
223	9	44	16.56	13.159	0	2	37	11.859	2.123	NA	0.131	NA	-161.565	90
224	9	45	16.56	13.242	0	2	18	11.942	2.205	NA	0.083	NA	90	-108.435
225	10	1	13.034	7.891	0	2	37	0	0	NA	NA	NA	NA	NA
226	10	2	12.993	7.974	0	2	27	0.093	0.093	NA	0.093	NA	116.565	NA
227	10	3	12.993	7.974	0	2	18	0.093	0.093	NA	0	NA	0	-116.565
228	10	4	12.951	7.974	0	2	27	0.134	0.117	NA	0.041	NA	180	180
229	10	5	13.159	8.098	0	2	55	0.376	0.242	NA	0.242	NA	30.964	-149.036
230	10	6	13.283	8.264	0	2	27	0.583	0.449	NA	0.207	NA	53.13	22.166
231	10	7	13.283	8.306	0	2	27	0.625	0.484	NA	0.041	NA	90	36.87
232	10	8	13.283	8.14	0	2	18	0.791	0.352	NA	0.166	NA	-90	-180
233	10	9	13.325	8.098	0	2	9	0.85	0.357	NA	0.059	NA	-45	45
234	10	10	13.408	8.14	0	2	55	0.942	0.449	NA	0.093	NA	26.565	71.565
235	10	11	13.325	8.43	0	2	9	1.244	0.612	NA	0.302	NA	105.945	79.38
236	10	12	13.449	8.347	0	2	55	1.394	0.617	NA	0.15	NA	-33.69	-139.635
237	10	13	13.449	8.347	0	2	37	1.394	0.617	NA	0	NA	0	33.69
238	10	14	13.242	8.555	0	2	0	1.687	0.695	NA	0.293	NA	135	135
239	10	15	13.408	8.555	0	2	9	1.853	0.761	NA	0.166	NA	0	-135
240	10	16	13.449	8.264	0	2	9	2.146	0.558	NA	0.293	NA	-81.87	-81.87
241	10	17	13.366	8.14	0	2	27	2.296	0.415	NA	0.15	NA	-123.69	-41.82
242	10	18	13.408	7.933	0	2	27	2.507	0.376	NA	0.211	NA	-78.69	45
243	10	19	13.283	8.016	0	2	9	2.657	0.278	NA	0.15	NA	146.31	-135
244	10	20	13.283	8.057	0	2	18	2.698	0.299	NA	0.041	NA	90	-56.31
245	10	21	13.532	8.472	0	2	9	3.182	0.765	NA	0.484	NA	59.036	-30.964
246	10	22	13.656	8.347	0	2	18	3.358	0.772	NA	0.176	NA	-45	-104.036
247	10	23	13.408	8.472	0	2	9	3.636	0.69	NA	0.278	NA	153.435	-161.565
248	10	24	14.071	9.177	0	2	0	4.605	1.652	NA	0.968	NA	46.736	-106.699
249	10	25	13.449	8.223	0	2	0	5.743	0.531	NA	1.139	NA	-123.111	-169.847
250	10	26	11.997	8.14	0	2	9	7.198	1.066	NA	1.454	NA	-176.73	-53.618
251	11	1	11.5	9.343	0	2	18	0	0	NA	NA	NA	NA	NA
252	11	2	11.956	10.463	0	2	27	1.209	1.209	NA	1.209	NA	67.834	NA
253	11	3	12.702	11.666	0	2	37	2.625	2.616	NA	1.416	NA	58.173	-9.661
254	11	4	12.537	11.583	0	2	9	2.81	2.468	NA	0.185	NA	-153.435	148.392
255	11	5	12.371	11.5	0	2	9	2.996	2.326	NA	0.185	NA	-153.435	0
256	11	6	12.329	11.334	0	2	9	3.167	2.157	NA	0.171	NA	-104.036	49.399
257	12	1	11.873	14.071	0	2	9	0	0	NA	NA	NA	NA	NA
258	12	2	11.873	14.154	0	2	9	0.083	0.083	NA	0.083	NA	90	NA
259	12	3	11.914	14.154	0	2	0	0.124	0.093	NA	0.041	NA	0	-90
260	12	4	11.956	14.113	0	2	0	0.183	0.093	NA	0.059	NA	-45	-45
261	12	5	12.08	14.113	0	2	0	0.308	0.211	NA	0.124	NA	0	45
262	12	6	12.039	14.113	0	2	27	0.349	0.171	NA	0.041	NA	180	180
263	12	7	12.039	14.154	0	2	0	0.39	0.185	NA	0.041	NA	90	-90
264	12	8	11.956	14.113	0	2	18	0.483	0.093	NA	0.093	NA	-153.435	116.565
265	12	9	11.831	14.154	0	2	9	0.614	0.093	NA	0.131	NA	161.565	-45
266	12	10	11.707	14.03	0	2	0	0.79	0.171	NA	0.176	NA	-135	63.435
267	12	11	11.541	13.781	0	2	0	1.089	0.441	NA	0.299	NA	-123.69	11.31
268	12	12	11.458	13.822	0	2	9	1.182	0.484	NA	0.093	NA	153.435	-82.875
269	13	1	15.523	13.988	0	2	46	0	0	NA	NA	NA	NA	NA
270	13	2	15.399	14.445	0	2	18	0.473	0.473	NA	0.473	NA	105.255	NA
271	13	3	15.399	14.486	0	2	9	0.514	0.513	NA	0.041	NA	90	-15.255
272	13	4	15.274	14.486	0	2	0	0.639	0.556	NA	0.124	NA	180	90
273	13	5	15.316	14.445	0	2	0	0.697	0.501	NA	0.059	NA	-45	135
274	13	6	15.44	14.445	0	2	0	0.822	0.464	NA	0.124	NA	0	45
275	13	7	15.15	14.362	0	2	27	1.124	0.528	NA	0.302	NA	-164.055	-164.055
276	13	8	15.15	14.735	0	2	18	1.497	0.835	NA	0.373	NA	90	-105.945
277	13	9	15.233	14.901	0	2	9	1.683	0.958	NA	0.185	NA	63.435	-26.565
278	13	10	15.44	14.486	0	2	18	2.146	0.505	NA	0.464	NA	-63.435	-126.87
279	13	11	15.15	14.445	0	2	37	2.44	0.59	NA	0.293	NA	-171.87	-108.435
280	13	12	15.564	14.693	0	2	9	2.923	0.706	NA	0.484	NA	30.964	-157.166
281	13	13	15.191	14.569	0	2	0	3.317	0.669	NA	0.393	NA	-161.565	167.471
282	13	14	15.357	14.528	0	2	9	3.488	0.564	NA	0.171	NA	-14.036	147.529
283	13	15	15.357	14.32	0	2	18	3.695	0.371	NA	0.207	NA	-90	-75.964
284	13	16	15.357	14.279	0	2	27	3.737	0.334	NA	0.041	NA	-90	0
285	13	17	15.938	14.362	0	2	0	4.323	0.558	NA	0.587	NA	8.13	98.13
286	14	1	12.702	10.089	0	2	0	0	0	NA	NA	NA	NA	NA
287	14	2	12.785	10.255	0	2	0	0.185	0.185	NA	0.185	NA	63.435	NA
288	14	3	13.366	11.334	0	2	9	1.41	1.41	NA	1.225	NA	61.699	-1.736
289	14	4	13.781	12.039	0	2	27	2.228	2.228	NA	0.818	NA	59.534	-2.165
290	14	5	13.822	12.537	0	2	9	2.728	2.691	NA	0.499	NA	85.236	25.702
291	14	6	14.154	12.951	0	2	18	3.259	3.209	NA	0.531	NA	51.34	-33.896
292	14	7	14.071	12.827	0	2	9	3.409	3.061	NA	0.15	NA	-123.69	-175.03
293	14	8	14.154	13.117	0	2	9	3.711	3.358	NA	0.302	NA	74.055	-162.255
294	14	9	14.196	13.117	0	2	0	3.752	3.376	NA	0.041	NA	0	-74.055
295	14	10	14.445	14.693	0	2	0	5.348	4.923	NA	1.596	NA	81.027	81.027
296	14	11	15.108	15.357	0	2	0	6.286	5.791	NA	0.939	NA	45	-36.027
297	14	12	14.942	15.15	0	2	9	6.552	5.534	NA	0.266	NA	-128.66	-173.66
298	14	13	15.274	15.233	0	2	9	6.894	5.75	NA	0.342	NA	14.036	142.696
