Nr	TID	PID	x [micron]	y [micron]	t [sec]	c [idx]	I [val]	Len [micron]	D2S [micron]	D2R [micron]	D2P [micron]	v [micron/sec]	? [deg]	?? [deg]
1	1	1	12.32	26.214	0	2	90	0	0	NA	NA	NA	NA	NA
2	1	2	12.212	27.842	0	2	20	1.632	1.632	NA	1.632	NA	93.814	NA
3	1	3	10.963	29.416	0	2	0	3.641	3.478	NA	2.009	NA	128.418	34.604
4	1	4	10.095	30.665	0	2	10	5.161	4.976	NA	1.521	NA	124.824	-3.594
5	2	1	6.079	31.859	0	2	30	0	0	NA	NA	NA	NA	NA
6	2	2	5.427	31.913	0	2	50	0.654	0.654	NA	0.654	NA	175.236	NA
7	2	3	5.265	32.076	0	2	60	0.884	0.843	NA	0.23	NA	135	-40.236
8	2	4	5.047	32.239	0	2	40	1.155	1.099	NA	0.271	NA	143.13	8.13
9	2	5	4.885	32.184	0	2	30	1.327	1.238	NA	0.172	NA	-161.565	55.305
10	2	6	5.102	32.184	0	2	100	1.544	1.03	NA	0.217	NA	0	161.565
11	2	7	4.776	32.51	0	2	40	2.004	1.456	NA	0.461	NA	135	135
12	2	8	4.83	32.836	0	2	40	2.335	1.585	NA	0.33	NA	80.538	-54.462
13	2	9	4.83	33.107	0	2	50	2.606	1.765	NA	0.271	NA	90	9.462
14	2	10	4.83	33.107	0	2	70	2.606	1.765	NA	0	NA	0	-90
15	2	11	4.722	33.161	0	2	160	2.727	1.881	NA	0.121	NA	153.435	153.435
16	2	12	5.102	33.324	0	2	80	3.141	1.761	NA	0.413	NA	23.199	-130.236
17	2	13	5.047	32.944	0	2	90	3.524	1.497	NA	0.384	NA	-98.13	-121.329
18	2	14	5.59	32.673	0	2	20	4.131	0.949	NA	0.607	NA	-26.565	71.565
19	2	15	5.373	32.347	0	2	40	4.523	0.858	NA	0.391	NA	-123.69	-97.125
20	2	16	4.993	32.13	0	2	30	4.96	1.119	NA	0.438	NA	-150.255	-26.565
21	2	17	5.156	32.347	0	2	10	5.232	1.044	NA	0.271	NA	53.13	-156.615
22	2	18	4.939	32.076	0	2	10	5.579	1.16	NA	0.348	NA	-128.66	178.21
23	2	19	4.776	32.184	0	2	120	5.775	1.343	NA	0.196	NA	146.31	-85.03
24	2	20	4.559	32.673	0	2	40	6.309	1.724	NA	0.535	NA	113.962	-32.347
25	2	21	4.288	32.836	0	2	20	6.626	2.04	NA	0.316	NA	149.036	35.074
26	2	22	4.016	33.541	0	2	10	7.382	2.662	NA	0.756	NA	111.038	-37.999
27	2	23	4.125	33.704	0	2	40	7.577	2.688	NA	0.196	NA	56.31	-54.728
28	2	24	3.908	33.596	0	2	50	7.82	2.78	NA	0.243	NA	-153.435	150.255
29	2	25	4.342	34.03	0	2	40	8.434	2.78	NA	0.614	NA	45	-161.565
30	2	26	4.233	34.572	0	2	20	8.988	3.282	NA	0.553	NA	101.31	56.31
31	3	1	4.613	35.278	0	2	40	0	0	NA	NA	NA	NA	NA
32	3	2	4.45	35.821	0	2	40	0.567	0.567	NA	0.567	NA	106.699	NA
33	3	3	4.505	35.821	0	2	10	0.621	0.553	NA	0.054	NA	0	-106.699
34	3	4	4.668	36.363	0	2	20	1.188	1.087	NA	0.567	NA	73.301	73.301
35	3	5	4.505	36.363	0	2	10	1.35	1.091	NA	0.163	NA	180	106.699
36	3	6	5.427	37.34	0	2	50	2.694	2.217	NA	1.344	NA	46.637	-133.363
37	3	7	5.59	37.612	0	2	0	3.011	2.53	NA	0.316	NA	59.036	12.4
38	3	8	5.427	37.123	0	2	0	3.525	2.017	NA	0.515	NA	-108.435	-167.471
39	3	9	5.753	36.146	0	2	40	4.555	1.433	NA	1.03	NA	-71.565	36.87
40	3	10	5.427	35.712	0	2	20	5.098	0.923	NA	0.543	NA	-126.87	-55.305
41	3	11	4.939	35.712	0	2	0	5.586	0.543	NA	0.488	NA	180	-53.13
42	3	12	4.939	35.712	0	2	80	5.586	0.543	NA	0	NA	0	-180
43	3	13	4.668	35.332	0	2	30	6.053	0.077	NA	0.467	NA	-125.538	-125.538
44	3	14	4.016	36.038	0	2	50	7.014	0.966	NA	0.96	NA	132.709	-101.753
45	3	15	3.419	36.472	0	2	0	7.752	1.689	NA	0.738	NA	143.973	11.263
46	4	1	2.877	35.115	0	2	60	0	0	NA	NA	NA	NA	NA
47	4	2	3.745	34.355	0	2	90	1.154	1.154	NA	1.154	NA	-41.186	NA
48	4	3	3.799	34.03	0	2	80	1.484	1.425	NA	0.33	NA	-80.538	-39.352
49	4	4	3.799	34.03	0	2	80	1.484	1.425	NA	0	NA	0	80.538
50	4	5	3.745	34.03	0	2	80	1.538	1.39	NA	0.054	NA	180	180
51	4	6	3.636	34.518	0	2	120	2.039	0.966	NA	0.5	NA	102.529	-77.471
52	4	7	3.582	34.627	0	2	60	2.16	0.858	NA	0.121	NA	116.565	14.036
53	4	8	3.853	34.627	0	2	140	2.431	1.092	NA	0.271	NA	0	-116.565
54	4	9	4.396	34.735	0	2	30	2.985	1.566	NA	0.553	NA	11.31	11.31
55	4	10	4.288	35.169	0	2	50	3.432	1.412	NA	0.448	NA	104.036	92.726
56	4	11	4.179	35.332	0	2	20	3.628	1.321	NA	0.196	NA	123.69	19.654
57	4	12	4.45	35.061	0	2	30	4.012	1.575	NA	0.384	NA	-45	-168.69
58	4	13	4.505	34.952	0	2	40	4.133	1.636	NA	0.121	NA	-63.435	-18.435
59	4	14	4.613	34.735	0	2	20	4.376	1.778	NA	0.243	NA	-63.435	0
60	4	15	4.016	34.952	0	2	30	5.011	1.151	NA	0.635	NA	160.017	-136.548
61	4	16	3.528	34.301	0	2	80	5.825	1.043	NA	0.814	NA	-126.87	73.113
62	4	17	3.419	34.247	0	2	120	5.947	1.024	NA	0.121	NA	-153.435	-26.565
63	4	18	3.365	34.03	0	2	110	6.17	1.19	NA	0.224	NA	-104.036	49.399
64	4	19	3.148	33.65	0	2	60	6.608	1.49	NA	0.438	NA	-119.745	-15.709
65	4	20	2.605	33.813	0	2	60	7.175	1.331	NA	0.567	NA	163.301	-76.954
66	4	21	2.28	33.921	0	2	40	7.518	1.335	NA	0.343	NA	161.565	-1.736
67	4	22	2.551	33.053	0	2	40	8.428	2.088	NA	0.91	NA	-72.646	125.789
68	4	23	2.551	32.944	0	2	50	8.536	2.195	NA	0.109	NA	-90	-17.354
69	4	24	2.931	33.27	0	2	10	9.037	1.846	NA	0.5	NA	40.601	130.601
70	4	25	3.202	33.107	0	2	30	9.353	2.034	NA	0.316	NA	-30.964	-71.565
71	4	26	2.985	33.107	0	2	10	9.57	2.011	NA	0.217	NA	180	-149.036
72	4	27	3.474	33.324	0	2	10	10.105	1.888	NA	0.535	NA	23.962	-156.038
73	4	28	3.256	33.27	0	2	50	10.329	1.884	NA	0.224	NA	-165.964	170.074
74	4	29	2.877	33.27	0	2	20	10.708	1.845	NA	0.38	NA	180	-14.036
75	5	1	10.746	26.051	0	2	50	0	0	NA	NA	NA	NA	NA
76	5	2	12.32	25.237	0	2	10	1.772	1.772	NA	1.772	NA	-27.35	NA
77	5	3	12.483	25.292	0	2	0	1.944	1.896	NA	0.172	NA	18.435	45.785
78	5	4	12.971	25.02	0	2	0	2.502	2.453	NA	0.559	NA	-29.055	-47.49
79	5	5	13.406	25.02	0	2	0	2.937	2.852	NA	0.434	NA	0	29.055
80	5	6	13.297	24.966	0	2	0	3.058	2.772	NA	0.121	NA	-153.435	-153.435
81	5	7	13.134	24.803	0	2	10	3.288	2.695	NA	0.23	NA	-135	18.435
82	5	8	12.809	24.966	0	2	20	3.652	2.331	NA	0.364	NA	153.435	-71.565
83	5	9	9.769	27.137	0	2	30	7.387	1.46	NA	3.735	NA	144.462	-8.973
84	5	10	9.444	27.3	0	2	0	7.751	1.804	NA	0.364	NA	153.435	8.973
85	5	11	9.932	27.083	0	2	10	8.286	1.314	NA	0.535	NA	-23.962	-177.397
86	6	1	2.822	28.06	0	2	30	0	0	NA	NA	NA	NA	NA
87	6	2	4.233	26.16	0	2	0	2.366	2.366	NA	2.366	NA	-53.393	NA
88	6	3	4.722	24.857	0	2	50	3.758	3.723	NA	1.391	NA	-69.444	-16.051
89	6	4	4.722	25.129	0	2	10	4.029	3.493	NA	0.271	NA	90	159.444
90	6	5	4.939	25.129	0	2	30	4.246	3.615	NA	0.217	NA	0	-90
91	6	6	4.668	25.129	0	2	30	4.517	3.463	NA	0.271	NA	180	180
92	6	7	4.722	25.509	0	2	40	4.901	3.18	NA	0.384	NA	81.87	-98.13
93	6	8	4.505	26.323	0	2	40	5.744	2.418	NA	0.843	NA	104.931	23.062
94	6	9	3.908	26.703	0	2	10	6.451	1.738	NA	0.708	NA	147.529	42.597
95	6	10	3.365	26.757	0	2	10	6.997	1.411	NA	0.545	NA	174.289	26.761
96	7	1	6.947	32.184	0	2	20	0	0	NA	NA	NA	NA	NA
97	7	2	7.001	31.642	0	2	20	0.545	0.545	NA	0.545	NA	-84.289	NA
98	7	3	6.35	32.13	0	2	0	1.36	0.599	NA	0.814	NA	143.13	-132.58
99	7	4	6.676	32.13	0	2	20	1.685	0.277	NA	0.326	NA	0	-143.13
100	7	5	6.296	32.619	0	2	50	2.304	0.783	NA	0.619	NA	127.875	127.875
101	7	6	6.133	33.324	0	2	10	3.028	1.401	NA	0.724	NA	102.995	-24.88
102	7	7	5.536	34.301	0	2	20	4.173	2.544	NA	1.145	NA	121.43	18.435
103	7	8	5.59	34.41	0	2	0	4.294	2.606	NA	0.121	NA	63.435	-57.995
104	7	9	5.644	34.464	0	2	0	4.371	2.625	NA	0.077	NA	45	-18.435
105	7	10	5.644	34.844	0	2	0	4.751	2.961	NA	0.38	NA	90	45
106	8	1	7.327	33.921	0	2	10	0	0	NA	NA	NA	NA	NA
107	8	2	7.11	33.27	0	2	0	0.687	0.687	NA	0.687	NA	-108.435	NA
108	8	3	6.621	32.239	0	2	50	1.828	1.824	NA	1.141	NA	-115.346	-6.911
109	8	4	6.35	32.673	0	2	50	2.34	1.585	NA	0.512	NA	122.005	-122.648
110	8	5	6.35	32.564	0	2	40	2.448	1.672	NA	0.109	NA	-90	147.995
111	8	6	6.73	32.51	0	2	20	2.832	1.532	NA	0.384	NA	-8.13	81.87
112	8	7	6.73	32.619	0	2	0	2.94	1.433	NA	0.109	NA	90	98.13
113	8	8	6.567	32.944	0	2	0	3.305	1.238	NA	0.364	NA	116.565	26.565
114	8	9	6.947	33.216	0	2	10	3.771	0.801	NA	0.467	NA	35.538	-81.027
115	9	1	3.745	37.449	0	2	80	0	0	NA	NA	NA	NA	NA
116	9	2	3.636	37.449	0	2	100	0.109	0.109	NA	0.109	NA	180	NA
117	9	3	3.582	37.449	0	2	130	0.163	0.163	NA	0.054	NA	180	0
118	9	4	3.582	37.449	0	2	190	0.163	0.163	NA	0	NA	0	-180
119	9	5	3.582	37.503	0	2	110	0.217	0.172	NA	0.054	NA	90	90
120	9	6	3.365	37.883	0	2	90	0.655	0.577	NA	0.438	NA	119.745	29.745
121	9	7	3.474	37.395	0	2	80	1.155	0.277	NA	0.5	NA	-77.471	162.784
122	9	8	3.474	37.069	0	2	110	1.481	0.467	NA	0.326	NA	-90	-12.529
123	9	9	3.419	37.069	0	2	140	1.535	0.5	NA	0.054	NA	180	-90
124	9	10	3.148	37.503	0	2	70	2.047	0.599	NA	0.512	NA	122.005	-57.995
125	9	11	3.365	37.286	0	2	60	2.354	0.413	NA	0.307	NA	-45	-167.005
126	9	12	3.365	37.232	0	2	90	2.408	0.438	NA	0.054	NA	-90	-45
127	9	13	3.365	36.906	0	2	80	2.734	0.662	NA	0.326	NA	-90	0
128	9	14	3.256	37.069	0	2	140	2.93	0.619	NA	0.196	NA	123.69	-146.31
129	9	15	3.256	37.069	0	2	110	2.93	0.619	NA	0	NA	0	-123.69
130	9	16	3.419	37.395	0	2	90	3.294	0.33	NA	0.364	NA	63.435	63.435
131	9	17	3.474	37.395	0	2	70	3.348	0.277	NA	0.054	NA	0	-63.435
132	9	18	3.474	37.395	0	2	110	3.348	0.277	NA	0	NA	0	0
133	9	19	3.365	37.829	0	2	40	3.796	0.537	NA	0.448	NA	104.036	104.036
134	9	20	3.582	37.395	0	2	100	4.281	0.172	NA	0.485	NA	-63.435	-167.471
135	9	21	3.582	37.72	0	2	90	4.607	0.316	NA	0.326	NA	90	153.435
136	9	22	3.582	37.72	0	2	150	4.607	0.316	NA	0	NA	0	-90
137	9	23	3.582	37.72	0	2	120	4.607	0.316	NA	0	NA	0	0
138	9	24	3.582	37.72	0	2	140	4.607	0.316	NA	0	NA	0	0
139	9	25	3.582	37.72	0	2	100	4.607	0.316	NA	0	NA	0	0
140	9	26	3.582	37.72	0	2	160	4.607	0.316	NA	0	NA	0	0
141	9	27	3.582	37.72	0	2	120	4.607	0.316	NA	0	NA	0	0
142	9	28	3.582	37.558	0	2	140	4.769	0.196	NA	0.163	NA	-90	-90
143	9	29	3.636	37.286	0	2	100	5.046	0.196	NA	0.277	NA	-78.69	11.31
144	9	30	3.636	37.286	0	2	140	5.046	0.196	NA	0	NA	0	78.69
145	9	31	3.691	37.232	0	2	120	5.123	0.224	NA	0.077	NA	-45	-45
146	9	32	3.691	37.232	0	2	180	5.123	0.224	NA	0	NA	0	45
147	9	33	3.636	37.286	0	2	80	5.2	0.196	NA	0.077	NA	135	135
148	9	34	3.474	37.503	0	2	80	5.471	0.277	NA	0.271	NA	126.87	-8.13
149	9	35	3.365	37.612	0	2	190	5.625	0.413	NA	0.154	NA	135	8.13
150	9	36	3.365	37.612	0	2	130	5.625	0.413	NA	0	NA	0	-135
151	9	37	3.419	37.612	0	2	50	5.679	0.364	NA	0.054	NA	0	0
152	9	38	3.474	37.449	0	2	180	5.85	0.271	NA	0.172	NA	-71.565	-71.565
153	9	39	3.474	37.449	0	2	130	5.85	0.271	NA	0	NA	0	71.565
154	9	40	3.365	37.286	0	2	140	6.046	0.413	NA	0.196	NA	-123.69	-123.69
155	9	41	3.256	37.178	0	2	200	6.2	0.559	NA	0.154	NA	-135	-11.31
156	9	42	3.419	36.581	0	2	160	6.818	0.927	NA	0.619	NA	-74.745	60.255
157	9	43	3.582	36.309	0	2	160	7.135	1.151	NA	0.316	NA	-59.036	15.709
158	9	44	3.799	36.635	0	2	70	7.526	0.816	NA	0.391	NA	56.31	115.346
159	9	45	4.179	35.604	0	2	120	8.625	1.896	NA	1.099	NA	-69.775	-126.085
160	9	46	4.125	35.984	0	2	220	9.009	1.514	NA	0.384	NA	98.13	167.905
161	9	47	4.613	34.952	0	2	220	10.15	2.643	NA	1.141	NA	-64.654	-162.784
162	9	48	4.505	34.79	0	2	255	10.346	2.766	NA	0.196	NA	-123.69	-59.036
163	10	1	4.505	26.106	0	2	10	0	0	NA	NA	NA	NA	NA
164	10	2	4.83	26.431	0	2	0	0.461	0.461	NA	0.461	NA	45	NA
165	10	3	3.474	26.16	0	2	30	1.844	1.033	NA	1.384	NA	-168.69	146.31
166	10	4	3.853	25.834	0	2	0	2.345	0.706	NA	0.5	NA	-40.601	128.089
167	10	5	4.016	25.834	0	2	40	2.507	0.559	NA	0.163	NA	0	40.601
168	10	6	4.125	25.834	0	2	0	2.616	0.467	NA	0.109	NA	0	0
169	10	7	3.582	25.726	0	2	10	3.169	0.998	NA	0.553	NA	-168.69	-168.69
170	10	8	4.016	25.834	0	2	30	3.617	0.559	NA	0.448	NA	14.036	-177.274
171	10	9	3.636	25.997	0	2	30	4.03	0.875	NA	0.413	NA	156.801	142.765
172	10	10	3.799	26.269	0	2	0	4.347	0.724	NA	0.316	NA	59.036	-97.765
173	10	11	3.474	26.54	0	2	10	4.771	1.119	NA	0.424	NA	140.194	81.158
174	10	12	2.768	27.408	0	2	60	5.89	2.171	NA	1.119	NA	129.094	-11.101
175	10	13	2.605	27.517	0	2	10	6.085	2.366	NA	0.196	NA	146.31	17.216
176	10	14	2.605	27.517	0	2	50	6.085	2.366	NA	0	NA	0	-146.31
177	10	15	2.768	27.463	0	2	20	6.257	2.204	NA	0.172	NA	-18.435	-18.435
178	10	16	3.039	27.68	0	2	10	6.604	2.151	NA	0.348	NA	38.66	57.095
179	10	17	3.419	26.92	0	2	20	7.454	1.357	NA	0.85	NA	-63.435	-102.095
180	10	18	3.474	26.703	0	2	10	7.678	1.192	NA	0.224	NA	-75.964	-12.529
181	10	19	4.233	25.889	0	2	30	8.791	0.348	NA	1.114	NA	-46.975	28.989
182	10	20	3.691	26.214	0	2	0	9.424	0.821	NA	0.633	NA	149.036	-163.989
183	10	21	3.039	26.269	0	2	10	10.078	1.474	NA	0.654	NA	175.236	26.2
184	11	1	7.924	32.564	0	2	10	0	0	NA	NA	NA	NA	NA
185	11	2	8.087	32.401	0	2	0	0.23	0.23	NA	0.23	NA	-45	NA
186	11	3	8.141	32.401	0	2	20	0.285	0.271	NA	0.054	NA	0	45
187	11	4	8.141	32.456	0	2	0	0.339	0.243	NA	0.054	NA	90	90
188	11	5	8.304	32.564	0	2	0	0.534	0.38	NA	0.196	NA	33.69	-56.31
189	11	6	8.195	32.781	0	2	0	0.777	0.348	NA	0.243	NA	116.565	82.875
190	11	7	8.141	32.727	0	2	0	0.854	0.271	NA	0.077	NA	-135	108.435
191	11	8	8.033	31.913	0	2	10	1.675	0.66	NA	0.821	NA	-97.595	37.405
192	11	9	7.87	32.184	0	2	20	1.992	0.384	NA	0.316	NA	120.964	-141.442
193	11	10	7.707	32.727	0	2	20	2.558	0.271	NA	0.567	NA	106.699	-14.265
194	11	11	8.141	32.673	0	2	10	2.996	0.243	NA	0.438	NA	-7.125	-113.824
195	11	12	7.707	32.564	0	2	0	3.444	0.217	NA	0.448	NA	-165.964	-158.839
196	11	13	7.436	32.564	0	2	10	3.715	0.488	NA	0.271	NA	180	-14.036
197	11	14	8.087	32.022	0	2	0	4.563	0.567	NA	0.848	NA	-39.806	140.194
198	11	15	8.684	31.533	0	2	0	5.334	1.281	NA	0.771	NA	-39.289	0.516
199	11	16	8.141	31.804	0	2	30	5.941	0.79	NA	0.607	NA	153.435	-167.276
200	11	17	8.412	31.533	0	2	0	6.325	1.141	NA	0.384	NA	-45	161.565
201	11	18	8.521	30.828	0	2	10	7.038	1.837	NA	0.714	NA	-81.254	-36.254
202	11	19	8.358	30.936	0	2	30	7.234	1.685	NA	0.196	NA	146.31	-132.436
203	11	20	8.195	30.393	0	2	20	7.801	2.188	NA	0.567	NA	-106.699	106.991
204	11	21	8.412	29.959	0	2	0	8.286	2.651	NA	0.485	NA	-63.435	43.264
205	11	22	8.63	30.231	0	2	10	8.634	2.438	NA	0.348	NA	51.34	114.775
206	12	1	25.183	25.563	0	2	30	0	0	NA	NA	NA	NA	NA
207	12	2	25.02	25.4	0	2	50	0.23	0.23	NA	0.23	NA	-135	NA
208	12	3	25.237	25.4	0	2	50	0.447	0.172	NA	0.217	NA	0	135
209	12	4	25.4	25.02	0	2	0	0.861	0.585	NA	0.413	NA	-66.801	-66.801
210	12	5	25.509	24.532	0	2	30	1.361	1.081	NA	0.5	NA	-77.471	-10.67
211	12	6	25.509	24.532	0	2	10	1.361	1.081	NA	0	NA	0	77.471
212	12	7	25.943	24.423	0	2	10	1.809	1.37	NA	0.448	NA	-14.036	-14.036
213	12	8	26.54	23.772	0	2	10	2.692	2.247	NA	0.884	NA	-47.49	-33.453
214	12	9	26.54	23.663	0	2	50	2.801	2.334	NA	0.109	NA	-90	-42.51
215	12	10	26.486	24.043	0	2	10	3.184	2.002	NA	0.384	NA	98.13	-171.87
216	12	11	26.486	24.098	0	2	30	3.239	1.961	NA	0.054	NA	90	-8.13
217	12	12	26.486	24.098	0	2	30	3.239	1.961	NA	0	NA	0	-90
218	12	13	26.486	24.152	0	2	20	3.293	1.92	NA	0.054	NA	90	90
219	12	14	26.486	24.206	0	2	40	3.347	1.881	NA	0.054	NA	90	0
220	12	15	26.323	24.423	0	2	70	3.619	1.612	NA	0.271	NA	126.87	36.87
221	12	16	26.323	24.423	0	2	20	3.619	1.612	NA	0	NA	0	-126.87
222	12	17	26.377	24.369	0	2	10	3.695	1.689	NA	0.077	NA	-45	-45
223	12	18	26.54	24.206	0	2	20	3.926	1.919	NA	0.23	NA	-45	0
224	12	19	26.214	24.315	0	2	30	4.269	1.619	NA	0.343	NA	161.565	-153.435
225	12	20	26.323	24.26	0	2	10	4.39	1.731	NA	0.121	NA	-26.565	171.87
226	12	21	26.377	24.26	0	2	40	4.445	1.767	NA	0.054	NA	0	26.565
227	12	22	26.594	24.26	0	2	40	4.662	1.92	NA	0.217	NA	0	0
228	12	23	26.703	24.098	0	2	0	4.857	2.111	NA	0.196	NA	-56.31	-56.31
229	12	24	26.703	24.098	0	2	10	4.857	2.111	NA	0	NA	0	56.31
230	12	25	26.594	24.098	0	2	60	4.966	2.034	NA	0.109	NA	180	180
231	12	26	26.594	24.098	0	2	20	4.966	2.034	NA	0	NA	0	-180
232	12	27	26.866	23.935	0	2	10	5.282	2.341	NA	0.316	NA	-30.964	-30.964
233	12	28	27.137	23.935	0	2	30	5.554	2.543	NA	0.271	NA	0	30.964
234	12	29	27.191	23.935	0	2	0	5.608	2.585	NA	0.054	NA	0	0
235	12	30	27.083	23.826	0	2	30	5.762	2.574	NA	0.154	NA	-135	-135
236	12	31	27.083	23.826	0	2	50	5.762	2.574	NA	0	NA	0	135
237	12	32	27.408	23.718	0	2	10	6.105	2.891	NA	0.343	NA	-18.435	-18.435
238	12	33	27.571	23.392	0	2	20	6.469	3.227	NA	0.364	NA	-63.435	-45
239	12	34	27.734	23.283	0	2	0	6.665	3.421	NA	0.196	NA	-33.69	29.745
240	12	35	27.734	23.609	0	2	20	6.99	3.213	NA	0.326	NA	90	123.69
241	12	36	27.897	23.012	0	2	10	7.609	3.724	NA	0.619	NA	-74.745	-164.745
242	12	37	27.842	23.175	0	2	20	7.781	3.574	NA	0.172	NA	108.435	-176.82
243	12	38	27.897	23.175	0	2	10	7.835	3.615	NA	0.054	NA	0	-108.435
244	12	39	27.842	22.958	0	2	10	8.059	3.723	NA	0.224	NA	-104.036	-104.036
245	12	40	28.168	22.958	0	2	20	8.384	3.962	NA	0.326	NA	0	104.036
246	12	41	28.331	22.632	0	2	40	8.748	4.301	NA	0.364	NA	-63.435	-63.435
247	12	42	28.168	22.686	0	2	40	8.92	4.145	NA	0.172	NA	161.565	-135
248	12	43	28.44	22.361	0	2	40	9.344	4.567	NA	0.424	NA	-50.194	148.241
249	12	44	30.339	21.547	0	2	50	11.411	6.536	NA	2.067	NA	-23.199	26.996
250	12	45	30.882	21.655	0	2	20	11.964	6.91	NA	0.553	NA	11.31	34.509
251	12	46	30.719	21.655	0	2	60	12.127	6.776	NA	0.163	NA	180	168.69
252	12	47	30.665	21.655	0	2	30	12.181	6.732	NA	0.054	NA	180	0
253	12	48	30.665	21.655	0	2	0	12.181	6.732	NA	0	NA	0	-180
254	13	1	32.401	21.492	0	2	0	0	0	NA	NA	NA	NA	NA
255	13	2	31.913	21.275	0	2	0	0.535	0.535	NA	0.535	NA	-156.038	NA
256	13	3	32.293	21.275	0	2	0	0.914	0.243	NA	0.38	NA	0	156.038
257	13	4	32.401	21.275	0	2	0	1.023	0.217	NA	0.109	NA	0	0
258	13	5	32.401	21.275	0	2	0	1.023	0.217	NA	0	NA	0	0
259	13	6	32.564	21.167	0	2	0	1.219	0.364	NA	0.196	NA	-33.69	-33.69
260	13	7	32.836	21.167	0	2	10	1.49	0.543	NA	0.271	NA	0	33.69
261	13	8	32.89	21.004	0	2	10	1.662	0.691	NA	0.172	NA	-71.565	-71.565
262	13	9	33.27	21.113	0	2	20	2.057	0.948	NA	0.395	NA	15.945	87.51
263	13	10	33.161	20.95	0	2	0	2.252	0.934	NA	0.196	NA	-123.69	-139.635
264	13	11	33.541	20.895	0	2	40	2.636	1.287	NA	0.384	NA	-8.13	115.56
265	13	12	33.27	21.221	0	2	0	3.06	0.91	NA	0.424	NA	129.806	137.936
266	13	13	33.27	21.221	0	2	0	3.06	0.91	NA	0	NA	0	-129.806
267	13	14	32.89	21.058	0	2	30	3.473	0.654	NA	0.413	NA	-156.801	-156.801
268	13	15	32.999	21.113	0	2	0	3.595	0.708	NA	0.121	NA	26.565	-176.634
269	13	16	32.944	20.733	0	2	10	3.979	0.934	NA	0.384	NA	-98.13	-124.695
270	13	17	32.619	20.895	0	2	10	4.343	0.635	NA	0.364	NA	153.435	-108.435
271	13	18	33.107	20.516	0	2	10	4.962	1.205	NA	0.619	NA	-37.875	168.69
272	13	19	32.944	20.624	0	2	20	5.157	1.024	NA	0.196	NA	146.31	-175.815
273	13	20	33.053	20.624	0	2	0	5.266	1.085	NA	0.109	NA	0	-146.31
274	13	21	32.89	21.113	0	2	0	5.781	0.619	NA	0.515	NA	108.435	108.435
275	13	22	32.727	20.516	0	2	0	6.399	1.03	NA	0.619	NA	-105.255	146.31
276	13	23	32.347	20.678	0	2	30	6.813	0.816	NA	0.413	NA	156.801	-97.943
277	13	24	30.99	21.275	0	2	30	8.295	1.428	NA	1.482	NA	156.251	-0.551
278	14	1	23.718	28.114	0	2	0	0	0	NA	NA	NA	NA	NA
279	14	2	23.989	27.897	0	2	0	0.348	0.348	NA	0.348	NA	-38.66	NA
280	14	3	24.26	27.734	0	2	0	0.664	0.662	NA	0.316	NA	-30.964	7.696
281	14	4	24.206	27.734	0	2	10	0.718	0.619	NA	0.054	NA	180	-149.036
282	14	5	24.315	27.354	0	2	0	1.113	0.966	NA	0.395	NA	-74.055	105.945
283	14	6	24.098	27.625	0	2	60	1.461	0.619	NA	0.348	NA	128.66	-157.286
284	14	7	24.369	27.625	0	2	0	1.732	0.814	NA	0.271	NA	0	-128.66
285	14	8	24.478	26.54	0	2	20	2.823	1.748	NA	1.091	NA	-84.289	-84.289
286	15	1	30.068	26.214	0	2	0	0	0	NA	NA	NA	NA	NA
287	15	2	31.153	25.075	0	2	40	1.574	1.574	NA	1.574	NA	-46.397	NA
288	15	3	31.913	24.586	0	2	0	2.477	2.461	NA	0.903	NA	-32.735	13.662
289	15	4	31.913	24.64	0	2	0	2.532	2.425	NA	0.054	NA	90	122.735
290	15	5	32.727	24.206	0	2	40	3.454	3.332	NA	0.923	NA	-28.072	-118.072
291	16	1	21.384	37.123	0	2	50	0	0	NA	NA	NA	NA	NA
292	16	2	21.71	37.123	0	2	10	0.326	0.326	NA	0.326	NA	0	NA
293	16	3	21.655	37.449	0	2	0	0.656	0.424	NA	0.33	NA	99.462	99.462
294	16	4	21.438	37.232	0	2	0	0.963	0.121	NA	0.307	NA	-135	125.538
295	16	5	21.655	37.123	0	2	10	1.206	0.271	NA	0.243	NA	-26.565	108.435
296	16	6	21.601	36.906	0	2	10	1.429	0.307	NA	0.224	NA	-104.036	-77.471
297	16	7	21.927	36.852	0	2	20	1.759	0.607	NA	0.33	NA	-9.462	94.574
298	16	8	21.872	36.852	0	2	10	1.814	0.559	NA	0.054	NA	180	-170.538
299	16	9	22.144	36.526	0	2	10	2.238	0.966	NA	0.424	NA	-50.194	129.806
300	17	1	21.492	34.138	0	2	10	0	0	NA	NA	NA	NA	NA
301	17	2	21.492	34.03	0	2	10	0.109	0.109	NA	0.109	NA	-90	NA
302	17	3	21.113	33.921	0	2	0	0.504	0.438	NA	0.395	NA	-164.055	-74.055
303	17	4	21.221	33.921	0	2	0	0.612	0.348	NA	0.109	NA	0	164.055
304	17	5	21.384	34.03	0	2	30	0.808	0.154	NA	0.196	NA	33.69	33.69
305	17	6	21.275	33.487	0	2	0	1.361	0.687	NA	0.553	NA	-101.31	-135
306	17	7	21.058	33.216	0	2	20	1.709	1.02	NA	0.348	NA	-128.66	-27.35
307	17	8	20.733	33.433	0	2	20	2.1	1.037	NA	0.391	NA	146.31	-85.03
308	17	9	20.95	33.27	0	2	10	2.372	1.024	NA	0.271	NA	-36.87	176.82
309	17	10	20.787	33.107	0	2	0	2.602	1.249	NA	0.23	NA	-135	-98.13
310	17	11	20.733	32.781	0	2	40	2.932	1.555	NA	0.33	NA	-99.462	35.538
311	17	12	21.058	32.944	0	2	10	3.296	1.271	NA	0.364	NA	26.565	126.027
312	17	13	21.058	32.89	0	2	10	3.35	1.322	NA	0.054	NA	-90	-116.565
313	17	14	20.841	32.781	0	2	0	3.593	1.505	NA	0.243	NA	-153.435	-63.435
314	18	1	21.818	36.635	0	2	0	0	0	NA	NA	NA	NA	NA
315	18	2	21.275	37.34	0	2	40	0.89	0.89	NA	0.89	NA	127.569	NA
316	18	3	20.461	38.752	0	2	20	2.519	2.514	NA	1.629	NA	119.982	-7.587
317	18	4	19.647	38.806	0	2	10	3.335	3.07	NA	0.816	NA	176.186	56.204
318	18	5	20.19	38.806	0	2	30	3.878	2.714	NA	0.543	NA	0	-176.186
319	18	6	20.407	38.914	0	2	40	4.121	2.681	NA	0.243	NA	26.565	26.565
320	18	7	20.95	38.806	0	2	10	4.674	2.338	NA	0.553	NA	-11.31	-37.875
321	18	8	20.678	38.643	0	2	20	4.991	2.309	NA	0.316	NA	-149.036	-137.726
322	18	9	20.895	38.589	0	2	10	5.214	2.161	NA	0.224	NA	-14.036	135
323	18	10	20.787	38.209	0	2	0	5.61	1.882	NA	0.395	NA	-105.945	-91.909
324	18	11	20.678	38.643	0	2	10	6.057	2.309	NA	0.448	NA	104.036	-150.018
325	18	12	20.895	38.534	0	2	20	6.3	2.112	NA	0.243	NA	-26.565	-130.601
326	18	13	20.624	38.426	0	2	20	6.592	2.153	NA	0.292	NA	-158.199	-131.634
327	18	14	21.058	38.426	0	2	20	7.026	1.946	NA	0.434	NA	0	158.199
328	18	15	21.113	38.48	0	2	10	7.103	1.976	NA	0.077	NA	45	45
329	18	16	21.004	38.589	0	2	0	7.257	2.117	NA	0.154	NA	135	90
330	18	17	21.167	38.643	0	2	0	7.428	2.111	NA	0.172	NA	18.435	-116.565
331	18	18	21.058	38.372	0	2	0	7.72	1.896	NA	0.292	NA	-111.801	-130.236
332	18	19	21.058	38.48	0	2	20	7.829	1.996	NA	0.109	NA	90	-158.199
333	18	20	20.787	39.186	0	2	10	8.585	2.751	NA	0.756	NA	111.038	21.038
334	19	1	20.624	37.72	0	2	10	0	0	NA	NA	NA	NA	NA
335	19	2	19.267	39.131	0	2	40	1.958	1.958	NA	1.958	NA	133.877	NA
336	19	3	18.724	40.868	0	2	0	3.777	3.677	NA	1.82	NA	107.354	-26.523
337	19	4	18.127	41.14	0	2	20	4.433	4.234	NA	0.656	NA	155.556	48.202
338	19	5	18.236	41.302	0	2	0	4.629	4.305	NA	0.196	NA	56.31	-99.246
339	19	6	17.965	40.488	0	2	30	5.487	3.839	NA	0.858	NA	-108.435	-164.745
340	19	7	18.345	40.705	0	2	20	5.924	3.756	NA	0.438	NA	29.745	138.18
341	20	1	27.897	31.859	0	2	30	0	0	NA	NA	NA	NA	NA
342	20	2	28.06	31.913	0	2	20	0.172	0.172	NA	0.172	NA	18.435	NA
343	20	3	27.68	32.293	0	2	0	0.709	0.485	NA	0.537	NA	135	116.565
344	20	4	27.734	32.456	0	2	0	0.881	0.619	NA	0.172	NA	71.565	-63.435
345	20	5	27.463	32.673	0	2	0	1.228	0.923	NA	0.348	NA	141.34	69.775
346	20	6	28.005	31.859	0	2	10	2.207	0.109	NA	0.978	NA	-56.31	162.35
347	20	7	28.928	30.013	0	2	10	4.27	2.114	NA	2.063	NA	-63.435	-7.125
348	20	8	30.285	27.137	0	2	20	7.45	5.291	NA	3.18	NA	-64.747	-1.312
349	20	9	30.828	26.757	0	2	20	8.113	5.884	NA	0.662	NA	-34.992	29.755
350	20	10	31.696	26.051	0	2	0	9.231	6.94	NA	1.119	NA	-39.094	-4.102
351	20	11	32.076	25.346	0	2	0	10.033	7.738	NA	0.801	NA	-61.699	-22.605
352	20	12	31.533	25.183	0	2	0	10.599	7.602	NA	0.567	NA	-163.301	-101.602
353	21	1	28.114	38.697	0	2	20	0	0	NA	NA	NA	NA	NA
354	21	2	28.657	38.752	0	2	0	0.545	0.545	NA	0.545	NA	5.711	NA
355	21	3	29.199	37.775	0	2	10	1.663	1.425	NA	1.118	NA	-60.945	-66.656
356	21	4	29.796	37.178	0	2	0	2.507	2.267	NA	0.844	NA	-45	15.945
357	21	5	30.936	36.146	0	2	10	4.044	3.804	NA	1.537	NA	-42.138	2.862
358	21	6	31.153	36.146	0	2	30	4.261	3.968	NA	0.217	NA	0	42.138
359	21	7	31.913	35.875	0	2	20	5.068	4.733	NA	0.807	NA	-19.654	-19.654
360	21	8	31.425	35.604	0	2	10	5.627	4.531	NA	0.559	NA	-150.945	-131.292
361	21	9	31.316	35.929	0	2	30	5.97	4.233	NA	0.343	NA	108.435	-100.62
362	21	10	31.425	35.875	0	2	30	6.092	4.35	NA	0.121	NA	-26.565	-135
363	21	11	31.533	35.929	0	2	0	6.213	4.399	NA	0.121	NA	26.565	53.13
364	21	12	31.75	35.495	0	2	0	6.698	4.845	NA	0.485	NA	-63.435	-90
365	21	13	31.153	35.604	0	2	20	7.305	4.337	NA	0.607	NA	169.695	-126.87
366	21	14	31.642	35.495	0	2	20	7.806	4.764	NA	0.5	NA	-12.529	177.776
367	21	15	31.804	35.387	0	2	0	8.001	4.958	NA	0.196	NA	-33.69	-21.161
368	21	16	31.479	35.387	0	2	20	8.327	4.721	NA	0.326	NA	180	-146.31
369	22	1	27.951	35.332	0	2	10	0	0	NA	NA	NA	NA	NA
370	22	2	27.517	35.604	0	2	10	0.512	0.512	NA	0.512	NA	147.995	NA
371	22	3	27.842	35.549	0	2	0	0.842	0.243	NA	0.33	NA	-9.462	-157.457
372	22	4	27.951	35.278	0	2	0	1.134	0.054	NA	0.292	NA	-68.199	-58.736
373	22	5	27.517	35.495	0	2	0	1.62	0.464	NA	0.485	NA	153.435	-138.366
374	22	6	27.842	35.495	0	2	10	1.946	0.196	NA	0.326	NA	0	-153.435
375	22	7	27.842	35.495	0	2	0	1.946	0.196	NA	0	NA	0	0
376	22	8	26.594	35.875	0	2	10	3.25	1.461	NA	1.305	NA	163.072	163.072
377	22	9	27.463	35.495	0	2	0	4.198	0.515	NA	0.948	NA	-23.629	173.298
378	22	10	27.028	36.201	0	2	30	5.027	1.267	NA	0.828	NA	121.608	145.237
379	22	11	26.431	36.363	0	2	0	5.645	1.837	NA	0.619	NA	164.745	43.137
380	22	12	25.997	36.798	0	2	0	6.26	2.442	NA	0.614	NA	135	-29.745
381	22	13	26.377	36.635	0	2	0	6.673	2.043	NA	0.413	NA	-23.199	-158.199
382	22	14	26.648	36.526	0	2	20	6.965	1.767	NA	0.292	NA	-21.801	1.397
383	22	15	26.594	36.255	0	2	10	7.242	1.641	NA	0.277	NA	-101.31	-79.509
384	22	16	26.648	35.766	0	2	0	7.733	1.373	NA	0.491	NA	-83.66	17.65
385	22	17	26.866	35.821	0	2	0	7.957	1.19	NA	0.224	NA	14.036	97.696
386	22	18	27.083	35.875	0	2	0	8.181	1.024	NA	0.224	NA	14.036	0
387	22	19	27.463	35.441	0	2	0	8.758	0.5	NA	0.577	NA	-48.814	-62.85
388	22	20	27.137	35.549	0	2	10	9.101	0.843	NA	0.343	NA	161.565	-149.621
389	22	21	27.245	35.441	0	2	30	9.255	0.714	NA	0.154	NA	-45	153.435
390	22	22	27.734	35.495	0	2	0	9.746	0.271	NA	0.491	NA	6.34	51.34
391	22	23	27.463	35.278	0	2	10	10.094	0.491	NA	0.348	NA	-141.34	-147.68
392	22	24	27.734	35.169	0	2	0	10.386	0.271	NA	0.292	NA	-21.801	119.539
393	22	25	27.408	35.332	0	2	10	10.75	0.543	NA	0.364	NA	153.435	175.236
394	22	26	27.191	35.387	0	2	10	10.974	0.762	NA	0.224	NA	165.964	12.529
395	22	27	27.68	35.387	0	2	10	11.462	0.277	NA	0.488	NA	0	-165.964
396	22	28	27.191	35.658	0	2	20	12.021	0.827	NA	0.559	NA	150.945	150.945
397	22	29	27.191	35.712	0	2	10	12.075	0.85	NA	0.054	NA	90	-60.945
398	22	30	26.594	35.441	0	2	10	12.731	1.361	NA	0.656	NA	-155.556	114.444
399	22	31	26.648	35.441	0	2	10	12.785	1.307	NA	0.054	NA	0	155.556
400	22	32	26.703	35.278	0	2	0	12.957	1.249	NA	0.172	NA	-71.565	-71.565
401	22	33	27.897	34.572	0	2	20	14.344	0.762	NA	1.387	NA	-30.579	40.986
402	22	34	27.897	34.464	0	2	10	14.452	0.87	NA	0.109	NA	-90	-59.421
403	22	35	28.819	33.758	0	2	0	15.614	1.798	NA	1.162	NA	-37.405	52.595
404	22	36	28.874	33.487	0	2	0	15.891	2.063	NA	0.277	NA	-78.69	-41.285
405	22	37	28.928	33.596	0	2	20	16.012	1.993	NA	0.121	NA	63.435	142.125
406	22	38	29.416	33.324	0	2	50	16.571	2.486	NA	0.559	NA	-29.055	-92.49
407	22	39	29.199	33.27	0	2	0	16.795	2.411	NA	0.224	NA	-165.964	-136.909
408	22	40	29.905	33.161	0	2	20	17.508	2.921	NA	0.714	NA	-8.746	157.218
409	22	41	29.634	33.161	0	2	0	17.78	2.747	NA	0.271	NA	180	-171.254
410	22	42	29.905	33.27	0	2	20	18.072	2.841	NA	0.292	NA	21.801	-158.199
411	23	1	30.719	34.138	0	2	20	0	0	NA	NA	NA	NA	NA
412	23	2	30.665	34.301	0	2	10	0.172	0.172	NA	0.172	NA	108.435	NA
413	23	3	31.262	33.758	0	2	20	0.978	0.662	NA	0.807	NA	-42.274	-150.709
414	23	4	31.587	33.107	0	2	30	1.707	1.348	NA	0.728	NA	-63.435	-21.161
415	23	5	33.216	31.913	0	2	30	3.726	3.344	NA	2.019	NA	-36.254	27.181
416	23	6	34.735	30.828	0	2	30	5.593	5.205	NA	1.868	NA	-35.538	0.716
417	23	7	35.169	30.665	0	2	10	6.057	5.646	NA	0.464	NA	-20.556	14.982
418	23	8	35.549	30.176	0	2	30	6.676	6.247	NA	0.619	NA	-52.125	-31.569
419	24	1	33.378	32.184	0	2	0	0	0	NA	NA	NA	NA	NA
420	24	2	33.378	31.804	0	2	0	0.38	0.38	NA	0.38	NA	-90	NA
421	24	3	33.27	31.859	0	2	10	0.501	0.343	NA	0.121	NA	153.435	-116.565
422	24	4	32.89	31.913	0	2	50	0.885	0.559	NA	0.384	NA	171.87	18.435
423	24	5	32.944	31.913	0	2	30	0.939	0.512	NA	0.054	NA	0	-171.87
424	24	6	33.053	32.184	0	2	40	1.232	0.326	NA	0.292	NA	68.199	68.199
425	24	7	32.781	31.859	0	2	20	1.655	0.68	NA	0.424	NA	-129.806	161.996
426	24	8	32.999	32.293	0	2	50	2.141	0.395	NA	0.485	NA	63.435	-166.759
427	24	9	32.619	32.076	0	2	10	2.579	0.768	NA	0.438	NA	-150.255	146.31
428	24	10	32.944	32.076	0	2	70	2.904	0.448	NA	0.326	NA	0	150.255
429	24	11	33.596	31.262	0	2	40	3.947	0.948	NA	1.043	NA	-51.34	-51.34
430	24	12	33.65	31.207	0	2	50	4.023	1.014	NA	0.077	NA	-45	6.34
431	24	13	33.921	31.207	0	2	0	4.295	1.118	NA	0.271	NA	0	45
432	24	14	33.867	30.773	0	2	30	4.732	1.493	NA	0.438	NA	-97.125	-97.125
433	24	15	33.541	31.533	0	2	30	5.559	0.671	NA	0.827	NA	113.199	-149.676
434	24	16	33.867	31.207	0	2	40	6.02	1.092	NA	0.461	NA	-45	-158.199
435	24	17	33.758	31.153	0	2	10	6.141	1.099	NA	0.121	NA	-153.435	-108.435
436	24	18	34.41	31.045	0	2	0	6.801	1.537	NA	0.66	NA	-9.462	143.973
437	24	19	34.193	31.316	0	2	10	7.149	1.19	NA	0.348	NA	128.66	138.122
438	24	20	34.084	31.262	0	2	20	7.27	1.162	NA	0.121	NA	-153.435	77.905
439	24	21	33.867	31.479	0	2	20	7.577	0.858	NA	0.307	NA	135	-71.565
440	24	22	33.65	30.99	0	2	30	8.112	1.224	NA	0.535	NA	-113.962	111.038
441	24	23	33.541	30.99	0	2	10	8.22	1.205	NA	0.109	NA	180	-66.038
442	24	24	33.541	30.936	0	2	20	8.274	1.259	NA	0.054	NA	-90	90
443	24	25	34.193	30.339	0	2	20	9.158	2.017	NA	0.884	NA	-42.51	47.49
444	24	26	34.301	30.231	0	2	60	9.312	2.161	NA	0.154	NA	-45	-2.49
445	24	27	34.518	30.013	0	2	40	9.619	2.452	NA	0.307	NA	-45	0
446	24	28	34.572	29.851	0	2	70	9.79	2.621	NA	0.172	NA	-71.565	-26.565
447	24	29	34.138	30.122	0	2	60	10.302	2.198	NA	0.512	NA	147.995	-140.44
448	25	1	25.563	43.528	0	2	50	0	0	NA	NA	NA	NA	NA
449	25	2	26.269	42.714	0	2	40	1.077	1.077	NA	1.077	NA	-49.086	NA
450	25	3	26.648	42.714	0	2	0	1.457	1.357	NA	0.38	NA	0	49.086
451	25	4	26.377	43.093	0	2	0	1.924	0.923	NA	0.467	NA	125.538	125.538
452	25	5	26.811	42.442	0	2	0	2.707	1.654	NA	0.783	NA	-56.31	178.152
453	25	6	26.757	42.442	0	2	20	2.761	1.614	NA	0.054	NA	180	-123.69
454	25	7	26.974	42.062	0	2	10	3.199	2.034	NA	0.438	NA	-60.255	119.745
455	25	8	27.354	41.628	0	2	10	3.776	2.611	NA	0.577	NA	-48.814	11.441
456	25	9	27.625	41.737	0	2	0	4.068	2.732	NA	0.292	NA	21.801	70.615
457	25	10	27.68	41.574	0	2	20	4.24	2.881	NA	0.172	NA	-71.565	-93.366
458	25	11	27.68	41.574	0	2	10	4.24	2.881	NA	0	NA	0	71.565
459	25	12	27.788	40.868	0	2	10	4.953	3.468	NA	0.714	NA	-81.254	-81.254
460	25	13	28.168	40.76	0	2	40	5.349	3.801	NA	0.395	NA	-15.945	65.308
461	25	14	28.06	41.031	0	2	20	5.641	3.531	NA	0.292	NA	111.801	127.747
462	25	15	28.331	41.194	0	2	20	5.957	3.621	NA	0.316	NA	30.964	-80.838
463	25	16	28.005	41.791	0	2	20	6.637	2.997	NA	0.68	NA	118.61	87.647
464	25	17	27.788	41.791	0	2	50	6.854	2.823	NA	0.217	NA	180	61.39
465	25	18	27.951	42.117	0	2	20	7.218	2.774	NA	0.364	NA	63.435	-116.565
466	25	19	28.005	42.171	0	2	20	7.295	2.794	NA	0.077	NA	45	-18.435
467	25	20	27.734	42.008	0	2	40	7.612	2.65	NA	0.316	NA	-149.036	165.964
468	25	21	27.897	41.791	0	2	0	7.883	2.909	NA	0.271	NA	-53.13	95.906
469	25	22	28.277	41.791	0	2	10	8.263	3.222	NA	0.38	NA	0	53.13
470	25	23	28.44	41.791	0	2	10	8.426	3.36	NA	0.163	NA	0	0
471	25	24	28.44	41.465	0	2	0	8.751	3.539	NA	0.326	NA	-90	-90
472	25	25	28.44	41.411	0	2	30	8.806	3.571	NA	0.054	NA	-90	0
473	25	26	28.928	40.977	0	2	0	9.459	4.223	NA	0.654	NA	-41.634	48.366
474	25	27	29.362	39.674	0	2	20	10.832	5.411	NA	1.373	NA	-71.565	-29.932
475	25	28	29.199	40.054	0	2	20	11.246	5.029	NA	0.413	NA	113.199	-175.236
476	25	29	29.308	39.674	0	2	10	11.641	5.373	NA	0.395	NA	-74.055	172.747
477	25	30	29.471	39.566	0	2	30	11.836	5.565	NA	0.196	NA	-33.69	40.365
478	25	31	29.851	38.697	0	2	0	12.784	6.459	NA	0.948	NA	-66.371	-32.681
479	25	32	30.339	37.883	0	2	40	13.734	7.394	NA	0.949	NA	-59.036	7.334
480	25	33	30.99	36.961	0	2	20	14.863	8.52	NA	1.129	NA	-54.782	4.254
481	25	34	31.262	36.472	0	2	10	15.422	9.07	NA	0.559	NA	-60.945	-6.163
482	25	35	31.75	36.038	0	2	20	16.075	9.715	NA	0.654	NA	-41.634	19.312
483	25	36	31.425	36.038	0	2	50	16.401	9.511	NA	0.326	NA	180	-138.366
484	25	37	32.239	35.007	0	2	10	17.715	10.825	NA	1.314	NA	-51.71	128.29
485	25	38	32.727	33.921	0	2	0	18.905	11.984	NA	1.19	NA	-65.772	-14.062
486	25	39	32.944	33.704	0	2	30	19.212	12.288	NA	0.307	NA	-45	20.772
487	25	40	32.781	33.704	0	2	20	19.375	12.19	NA	0.163	NA	180	-135
488	25	41	33.161	33.324	0	2	20	19.912	12.722	NA	0.537	NA	-45	135
489	25	42	32.999	33.921	0	2	0	20.531	12.148	NA	0.619	NA	105.255	150.255
490	25	43	33.27	33.433	0	2	20	21.09	12.701	NA	0.559	NA	-60.945	-166.201
491	26	1	33.487	33.758	0	2	60	0	0	NA	NA	NA	NA	NA
492	26	2	33.487	33.813	0	2	30	0.054	0.054	NA	0.054	NA	90	NA
493	26	3	33.541	33.65	0	2	50	0.226	0.121	NA	0.172	NA	-71.565	-161.565
494	26	4	33.378	33.813	0	2	30	0.456	0.121	NA	0.23	NA	135	-153.435
495	26	5	34.138	33.433	0	2	80	1.306	0.728	NA	0.85	NA	-26.565	-161.565
496	26	6	34.735	33.27	0	2	20	1.925	1.34	NA	0.619	NA	-15.255	11.31
497	26	7	35.278	33.107	0	2	10	2.491	1.906	NA	0.567	NA	-16.699	-1.444
498	26	8	35.332	33.107	0	2	10	2.545	1.957	NA	0.054	NA	0	16.699
499	26	9	35.441	32.999	0	2	50	2.699	2.096	NA	0.154	NA	-45	-45
500	26	10	35.441	32.999	0	2	20	2.699	2.096	NA	0	NA	0	45
501	26	11	35.441	33.27	0	2	40	2.97	2.014	NA	0.271	NA	90	90
502	26	12	35.441	33.27	0	2	10	2.97	2.014	NA	0	NA	0	-90
503	26	13	35.169	33.107	0	2	20	3.287	1.804	NA	0.316	NA	-149.036	-149.036
504	26	14	35.441	33.107	0	2	20	3.558	2.06	NA	0.271	NA	0	149.036
505	26	15	35.549	32.89	0	2	20	3.801	2.238	NA	0.243	NA	-63.435	-63.435
506	26	16	35.169	33.053	0	2	40	4.214	1.824	NA	0.413	NA	156.801	-139.764
507	26	17	35.495	32.89	0	2	40	4.578	2.188	NA	0.364	NA	-26.565	176.634
508	26	18	35.387	32.944	0	2	20	4.7	2.067	NA	0.121	NA	153.435	180
509	26	19	35.278	32.944	0	2	30	4.808	1.967	NA	0.109	NA	180	26.565
510	26	20	35.224	32.999	0	2	30	4.885	1.896	NA	0.077	NA	135	-45
511	26	21	35.224	32.89	0	2	20	4.993	1.942	NA	0.109	NA	-90	135
512	26	22	35.387	32.89	0	2	30	5.156	2.089	NA	0.163	NA	0	90
513	26	23	35.169	33.053	0	2	10	5.428	1.824	NA	0.271	NA	143.13	143.13
514	26	24	35.495	33.107	0	2	10	5.758	2.111	NA	0.33	NA	9.462	-133.668
515	26	25	35.549	32.89	0	2	30	5.982	2.238	NA	0.224	NA	-75.964	-85.426
516	26	26	35.495	32.781	0	2	10	6.103	2.233	NA	0.121	NA	-116.565	-40.601
517	26	27	35.604	32.673	0	2	10	6.256	2.379	NA	0.154	NA	-45	71.565
518	26	28	35.549	32.51	0	2	0	6.428	2.411	NA	0.172	NA	-108.435	-63.435
519	26	29	35.441	32.401	0	2	20	6.582	2.379	NA	0.154	NA	-135	-26.565
520	26	30	35.549	32.347	0	2	20	6.703	2.499	NA	0.121	NA	-26.565	108.435
521	26	31	36.255	31.804	0	2	0	7.593	3.388	NA	0.89	NA	-37.569	-11.004
522	26	32	36.309	30.773	0	2	20	8.626	4.108	NA	1.033	NA	-86.987	-49.419
523	27	1	31.587	35.929	0	2	20	0	0	NA	NA	NA	NA	NA
524	27	2	31.642	35.929	0	2	10	0.054	0.054	NA	0.054	NA	0	NA
525	27	3	31.37	36.201	0	2	0	0.438	0.348	NA	0.384	NA	135	135
526	27	4	31.533	35.604	0	2	10	1.057	0.33	NA	0.619	NA	-74.745	150.255
527	27	5	31.696	35.441	0	2	0	1.287	0.5	NA	0.23	NA	-45	29.745
528	27	6	31.37	35.821	0	2	10	1.788	0.243	NA	0.5	NA	130.601	175.601
529	27	7	31.642	35.387	0	2	10	2.3	0.545	NA	0.512	NA	-57.995	171.404
530	27	8	31.425	35.929	0	2	30	2.884	0.163	NA	0.585	NA	111.801	169.796
531	27	9	31.967	35.604	0	2	10	3.517	0.5	NA	0.633	NA	-30.964	-142.765
532	27	10	32.619	34.518	0	2	10	4.783	1.748	NA	1.266	NA	-59.036	-28.072
533	27	11	32.944	34.193	0	2	40	5.243	2.204	NA	0.461	NA	-45	14.036
534	27	12	32.781	34.084	0	2	10	5.439	2.198	NA	0.196	NA	-146.31	-101.31
535	27	13	32.944	34.138	0	2	20	5.611	2.247	NA	0.172	NA	18.435	164.745
536	27	14	32.944	34.084	0	2	30	5.665	2.29	NA	0.054	NA	-90	-108.435
537	27	15	32.781	34.084	0	2	10	5.828	2.198	NA	0.163	NA	180	-90
538	27	16	32.456	34.138	0	2	20	6.158	1.99	NA	0.33	NA	170.538	-9.462
539	27	17	32.184	34.193	0	2	40	6.435	1.837	NA	0.277	NA	168.69	-1.848
540	27	18	32.076	34.247	0	2	20	6.556	1.752	NA	0.121	NA	153.435	-15.255
541	27	19	32.401	34.464	0	2	20	6.947	1.676	NA	0.391	NA	33.69	-119.745
542	27	20	32.619	34.355	0	2	40	7.19	1.882	NA	0.243	NA	-26.565	-60.255
543	27	21	32.781	34.084	0	2	40	7.507	2.198	NA	0.316	NA	-59.036	-32.471
544	28	1	31.587	22.686	0	2	10	0	0	NA	NA	NA	NA	NA
545	28	2	31.153	22.904	0	2	0	0.485	0.485	NA	0.485	NA	153.435	NA
546	28	3	30.719	22.795	0	2	20	0.933	0.875	NA	0.448	NA	-165.964	40.601
547	28	4	30.013	23.989	0	2	0	2.32	2.043	NA	1.387	NA	120.579	-73.457
548	28	5	27.734	26.811	0	2	10	5.948	5.645	NA	3.628	NA	128.928	8.348
549	28	6	27.245	27.625	0	2	30	6.897	6.576	NA	0.949	NA	120.964	-7.964
550	28	7	26.323	28.277	0	2	10	8.027	7.679	NA	1.129	NA	144.782	23.819
551	28	8	24.369	29.525	0	2	0	10.345	9.943	NA	2.319	NA	147.426	2.644
552	28	9	24.26	29.471	0	2	0	10.466	9.986	NA	0.121	NA	-153.435	59.139
553	28	10	23.121	30.122	0	2	10	11.779	11.268	NA	1.313	NA	150.255	-56.31
554	28	11	21.492	32.944	0	2	0	15.037	14.392	NA	3.258	NA	119.982	-30.273
555	29	1	31.859	23.229	0	2	50	0	0	NA	NA	NA	NA	NA
556	29	2	31.642	23.283	0	2	0	0.224	0.224	NA	0.224	NA	165.964	NA
557	29	3	32.022	23.229	0	2	0	0.608	0.163	NA	0.384	NA	-8.13	-174.094
558	29	4	31.967	23.283	0	2	0	0.684	0.121	NA	0.077	NA	135	143.13
559	29	5	31.804	23.609	0	2	0	1.048	0.384	NA	0.364	NA	116.565	-18.435
560	29	6	31.587	23.935	0	2	0	1.44	0.756	NA	0.391	NA	123.69	7.125
561	29	7	31.099	24.098	0	2	0	1.955	1.154	NA	0.515	NA	161.565	37.875
562	29	8	31.045	24.803	0	2	0	2.662	1.772	NA	0.708	NA	94.399	-67.166
563	29	9	30.99	24.857	0	2	20	2.739	1.845	NA	0.077	NA	135	40.601
564	29	10	30.719	25.454	0	2	20	3.395	2.5	NA	0.656	NA	114.444	-20.556
565	29	11	31.37	24.966	0	2	10	4.209	1.804	NA	0.814	NA	-36.87	-151.314
566	30	1	32.619	25.02	0	2	0	0	0	NA	NA	NA	NA	NA
567	30	2	31.967	25.183	0	2	0	0.671	0.671	NA	0.671	NA	165.964	NA
568	30	3	31.642	25.454	0	2	0	1.095	1.069	NA	0.424	NA	140.194	-25.769
569	30	4	31.642	25.454	0	2	0	1.095	1.069	NA	0	NA	0	-140.194
570	30	5	31.587	25.617	0	2	0	1.267	1.192	NA	0.172	NA	108.435	108.435
571	30	6	31.37	25.563	0	2	10	1.491	1.361	NA	0.224	NA	-165.964	85.601
572	30	7	31.316	25.563	0	2	0	1.545	1.411	NA	0.054	NA	180	-14.036
573	30	8	31.316	25.563	0	2	30	1.545	1.411	NA	0	NA	0	-180
574	30	9	31.587	25.237	0	2	10	1.969	1.054	NA	0.424	NA	-50.194	-50.194
575	30	10	31.587	25.78	0	2	0	2.512	1.281	NA	0.543	NA	90	140.194
576	30	11	31.37	25.726	0	2	20	2.735	1.434	NA	0.224	NA	-165.964	104.036
577	30	12	31.479	25.672	0	2	0	2.857	1.313	NA	0.121	NA	-26.565	139.399
578	30	13	32.564	25.454	0	2	10	3.964	0.438	NA	1.107	NA	-11.31	15.255
579	30	14	32.89	25.237	0	2	10	4.355	0.348	NA	0.391	NA	-33.69	-22.38
580	30	15	33.378	24.64	0	2	10	5.126	0.85	NA	0.771	NA	-50.711	-17.021
581	31	1	43.365	21.818	0	2	10	0	0	NA	NA	NA	NA	NA
582	31	2	43.473	21.818	0	2	0	0.109	0.109	NA	0.109	NA	0	NA
583	31	3	43.419	22.361	0	2	0	0.654	0.545	NA	0.545	NA	95.711	95.711
584	31	4	43.148	21.872	0	2	0	1.213	0.224	NA	0.559	NA	-119.055	145.235
585	31	5	43.582	22.089	0	2	20	1.698	0.348	NA	0.485	NA	26.565	145.62
586	31	6	43.311	22.035	0	2	10	1.975	0.224	NA	0.277	NA	-168.69	164.745
587	31	7	43.311	22.144	0	2	0	2.084	0.33	NA	0.109	NA	90	-101.31
588	31	8	43.148	22.307	0	2	0	2.314	0.535	NA	0.23	NA	135	45
589	31	9	43.256	22.415	0	2	0	2.467	0.607	NA	0.154	NA	45	-90
590	31	10	42.822	22.361	0	2	10	2.905	0.768	NA	0.438	NA	-172.875	142.125
591	31	11	42.876	22.307	0	2	20	2.982	0.691	NA	0.077	NA	-45	127.875
592	31	12	42.876	22.578	0	2	0	3.253	0.903	NA	0.271	NA	90	135
593	31	13	42.822	22.469	0	2	0	3.374	0.848	NA	0.121	NA	-116.565	153.435
594	31	14	42.605	22.632	0	2	10	3.646	1.114	NA	0.271	NA	143.13	-100.305
595	31	15	42.822	22.524	0	2	0	3.888	0.89	NA	0.243	NA	-26.565	-169.695
596	31	16	42.605	22.741	0	2	0	4.195	1.195	NA	0.307	NA	135	161.565
597	31	17	42.279	22.849	0	2	0	4.539	1.497	NA	0.343	NA	161.565	26.565
598	31	18	42.442	22.632	0	2	10	4.81	1.23	NA	0.271	NA	-53.13	145.305
599	32	1	39.023	22.252	0	2	30	0	0	NA	NA	NA	NA	NA
600	32	2	39.023	22.252	0	2	0	0	0	NA	0	NA	0	NA
601	32	3	38.752	22.198	0	2	10	0.277	0.277	NA	0.277	NA	-168.69	-168.69
602	32	4	38.752	22.089	0	2	10	0.385	0.316	NA	0.109	NA	-90	78.69
603	32	5	39.023	21.927	0	2	40	0.702	0.326	NA	0.316	NA	-30.964	59.036
604	32	6	39.131	21.927	0	2	0	0.81	0.343	NA	0.109	NA	0	30.964
605	32	7	39.349	21.872	0	2	20	1.034	0.5	NA	0.224	NA	-14.036	-14.036
606	32	8	39.349	22.307	0	2	0	1.468	0.33	NA	0.434	NA	90	104.036
607	32	9	39.294	22.144	0	2	30	1.64	0.292	NA	0.172	NA	-108.435	161.565
608	32	10	39.294	21.872	0	2	0	1.911	0.467	NA	0.271	NA	-90	18.435
609	32	11	39.131	21.927	0	2	10	2.083	0.343	NA	0.172	NA	161.565	-108.435
610	32	12	39.131	22.144	0	2	0	2.3	0.154	NA	0.217	NA	90	-71.565
611	32	13	38.914	22.361	0	2	0	2.607	0.154	NA	0.307	NA	135	45
612	32	14	38.914	22.361	0	2	0	2.607	0.154	NA	0	NA	0	-135
613	32	15	38.643	22.307	0	2	10	2.884	0.384	NA	0.277	NA	-168.69	-168.69
614	32	16	38.534	22.307	0	2	0	2.992	0.491	NA	0.109	NA	180	-11.31
615	33	1	37.72	22.198	0	2	0	0	0	NA	NA	NA	NA	NA
616	33	2	37.612	21.927	0	2	10	0.292	0.292	NA	0.292	NA	-111.801	NA
617	33	3	37.503	22.144	0	2	30	0.535	0.224	NA	0.243	NA	116.565	-131.634
618	33	4	37.286	21.981	0	2	0	0.806	0.485	NA	0.271	NA	-143.13	100.305
619	33	5	37.34	21.547	0	2	10	1.244	0.754	NA	0.438	NA	-82.875	60.255
620	33	6	37.829	21.547	0	2	0	1.732	0.66	NA	0.488	NA	0	82.875
621	33	7	37.775	21.981	0	2	0	2.17	0.224	NA	0.438	NA	97.125	97.125
622	33	8	37.666	21.981	0	2	10	2.279	0.224	NA	0.109	NA	180	82.875
623	33	9	37.612	22.035	0	2	10	2.355	0.196	NA	0.077	NA	135	-45
624	33	10	37.666	21.927	0	2	0	2.477	0.277	NA	0.121	NA	-63.435	161.565
625	33	11	37.775	21.927	0	2	10	2.585	0.277	NA	0.109	NA	0	63.435
626	33	12	37.775	22.307	0	2	0	2.965	0.121	NA	0.38	NA	90	90
627	33	13	37.666	22.252	0	2	0	3.086	0.077	NA	0.121	NA	-153.435	116.565
628	33	14	37.666	22.252	0	2	0	3.086	0.077	NA	0	NA	0	153.435
629	33	15	37.558	22.252	0	2	10	3.195	0.172	NA	0.109	NA	180	180
630	33	16	37.395	22.252	0	2	10	3.358	0.33	NA	0.163	NA	180	0
631	33	17	37.395	22.198	0	2	30	3.412	0.326	NA	0.054	NA	-90	90
632	33	18	37.503	21.981	0	2	10	3.655	0.307	NA	0.243	NA	-63.435	26.565
633	33	19	37.829	22.144	0	2	0	4.019	0.121	NA	0.364	NA	26.565	90
634	33	20	37.829	22.089	0	2	20	4.073	0.154	NA	0.054	NA	-90	-116.565
635	33	21	37.883	21.71	0	2	20	4.457	0.515	NA	0.384	NA	-81.87	8.13
636	33	22	37.666	21.818	0	2	10	4.7	0.384	NA	0.243	NA	153.435	-124.695
637	33	23	37.775	21.492	0	2	20	5.043	0.708	NA	0.343	NA	-71.565	135
638	33	24	37.937	21.438	0	2	10	5.215	0.79	NA	0.172	NA	-18.435	53.13
639	33	25	37.992	21.438	0	2	50	5.269	0.807	NA	0.054	NA	0	18.435
640	33	26	38.046	21.221	0	2	20	5.493	1.03	NA	0.224	NA	-75.964	-75.964
641	33	27	37.829	21.547	0	2	40	5.884	0.66	NA	0.391	NA	123.69	-160.346
642	33	28	37.395	21.927	0	2	0	6.461	0.424	NA	0.577	NA	138.814	15.124
643	34	1	23.663	30.99	0	2	10	0	0	NA	NA	NA	NA	NA
644	34	2	24.26	30.502	0	2	10	0.771	0.771	NA	0.771	NA	-39.289	NA
645	34	3	24.26	30.448	0	2	10	0.826	0.807	NA	0.054	NA	-90	-50.711
646	34	4	23.772	31.045	0	2	20	1.597	0.121	NA	0.771	NA	129.289	-140.711
647	34	5	23.881	31.045	0	2	20	1.706	0.224	NA	0.109	NA	0	-129.289
648	34	6	24.043	30.936	0	2	20	1.901	0.384	NA	0.196	NA	-33.69	-33.69
649	34	7	24.043	31.099	0	2	10	2.064	0.395	NA	0.163	NA	90	123.69
650	34	8	24.26	30.773	0	2	0	2.455	0.635	NA	0.391	NA	-56.31	-146.31
651	34	9	24.423	30.502	0	2	0	2.772	0.903	NA	0.316	NA	-59.036	-2.726
652	34	10	24.749	29.905	0	2	20	3.452	1.535	NA	0.68	NA	-61.39	-2.353
653	34	11	26.431	27.788	0	2	10	6.156	4.233	NA	2.704	NA	-51.52	9.87
654	34	12	27.028	27.463	0	2	40	6.836	4.875	NA	0.68	NA	-28.61	22.909
655	34	13	27.897	27.191	0	2	0	7.746	5.688	NA	0.91	NA	-17.354	11.256
656	35	1	40.38	28.819	0	2	10	0	0	NA	NA	NA	NA	NA
657	35	2	40.543	28.874	0	2	0	0.172	0.172	NA	0.172	NA	18.435	NA
658	35	3	40.054	28.982	0	2	10	0.672	0.364	NA	0.5	NA	167.471	149.036
659	35	4	40.163	29.037	0	2	0	0.793	0.307	NA	0.121	NA	26.565	-140.906
660	35	5	40	28.602	0	2	20	1.257	0.438	NA	0.464	NA	-110.556	-137.121
661	35	6	40.108	28.602	0	2	10	1.366	0.348	NA	0.109	NA	0	110.556
662	35	7	39.728	28.711	0	2	0	1.761	0.66	NA	0.395	NA	164.055	164.055
663	35	8	39.946	29.091	0	2	0	2.198	0.512	NA	0.438	NA	60.255	-103.799
664	35	9	40.325	28.928	0	2	10	2.612	0.121	NA	0.413	NA	-23.199	-83.454
665	35	10	40.434	28.711	0	2	20	2.854	0.121	NA	0.243	NA	-63.435	-40.236
666	35	11	40.488	28.602	0	2	10	2.976	0.243	NA	0.121	NA	-63.435	0
667	35	12	40.597	28.602	0	2	20	3.084	0.307	NA	0.109	NA	0	63.435
668	35	13	40.325	28.765	0	2	0	3.401	0.077	NA	0.316	NA	149.036	149.036
669	35	14	40.271	28.765	0	2	10	3.455	0.121	NA	0.054	NA	180	30.964
670	35	15	40.325	28.657	0	2	40	3.576	0.172	NA	0.121	NA	-63.435	116.565
671	35	16	39.294	29.037	0	2	10	4.675	1.107	NA	1.099	NA	159.775	-136.79
672	35	17	37.286	30.068	0	2	30	6.933	3.336	NA	2.257	NA	152.819	-6.956
673	35	18	35.766	30.828	0	2	0	8.632	5.031	NA	1.699	NA	153.435	0.616
674	35	19	35.821	31.37	0	2	0	9.177	5.224	NA	0.545	NA	84.289	-69.146
675	35	20	36.038	31.045	0	2	0	9.569	4.879	NA	0.391	NA	-56.31	-140.599
676	35	21	35.875	30.99	0	2	20	9.74	5.001	NA	0.172	NA	-161.565	-105.255
677	35	22	35.984	30.828	0	2	10	9.936	4.833	NA	0.196	NA	-56.31	105.255
678	35	23	34.79	31.153	0	2	20	11.174	6.058	NA	1.238	NA	164.745	-138.945
679	35	24	34.627	31.859	0	2	10	11.898	6.507	NA	0.724	NA	102.995	-61.75
680	35	25	33.324	32.564	0	2	0	13.379	7.988	NA	1.481	NA	151.557	48.562
681	36	1	34.355	34.03	0	2	0	0	0	NA	NA	NA	NA	NA
682	36	2	35.875	32.999	0	2	40	1.837	1.837	NA	1.837	NA	-34.16	NA
683	36	3	36.581	32.781	0	2	10	2.575	2.551	NA	0.738	NA	-17.103	17.057
684	36	4	36.798	32.619	0	2	70	2.846	2.821	NA	0.271	NA	-36.87	-19.767
685	36	5	35.984	32.944	0	2	0	3.723	1.957	NA	0.877	NA	158.199	-164.932
686	36	6	33.867	33.758	0	2	30	5.991	0.559	NA	2.268	NA	158.962	0.764
687	36	7	33.921	33.758	0	2	60	6.045	0.512	NA	0.054	NA	0	-158.962
688	36	8	33.541	33.541	0	2	40	6.483	0.949	NA	0.438	NA	-150.255	-150.255
689	36	9	34.355	33.704	0	2	20	7.313	0.326	NA	0.83	NA	11.31	161.565
690	37	1	44.722	25.075	0	2	0	0	0	NA	NA	NA	NA	NA
691	37	2	44.776	25.075	0	2	0	0.054	0.054	NA	0.054	NA	0	NA
692	37	3	45.264	24.532	0	2	0	0.784	0.768	NA	0.73	NA	-48.013	-48.013
693	38	1	45.644	24.315	0	2	0	0	0	NA	NA	NA	NA	NA
694	38	2	46.079	24.098	0	2	10	0.485	0.485	NA	0.485	NA	-26.565	NA
695	38	3	45.97	23.718	0	2	20	0.881	0.68	NA	0.395	NA	-105.945	-79.38
696	38	4	46.73	23.609	0	2	10	1.648	1.295	NA	0.768	NA	-8.13	97.815
697	38	5	47.218	23.338	0	2	20	2.207	1.852	NA	0.559	NA	-29.055	-20.925
698	38	6	47.164	23.392	0	2	0	2.284	1.778	NA	0.077	NA	135	164.055
699	38	7	46.73	23.392	0	2	30	2.718	1.425	NA	0.434	NA	180	45
