Nr	TID	PID	x [micron]	y [micron]	t [sec]	c [idx]	I [val]	Len [micron]	D2S [micron]	D2R [micron]	D2P [micron]	v [micron/sec]	? [deg]	?? [deg]
1	1	1	16.698	11.599	0	2	16	0	0	NA	NA	NA	NA	NA
2	1	2	16.898	11.999	0	2	115	0.447	0.447	NA	0.447	NA	63.435	NA
3	1	3	17.398	12.699	0	2	82	1.307	1.304	NA	0.86	NA	54.462	-8.973
4	1	4	17.298	13.249	0	2	49.5	1.866	1.756	NA	0.559	NA	100.305	45.843
5	1	5	17.298	13.149	0	2	82.5	1.966	1.662	NA	0.1	NA	-90	169.695
6	1	6	17.148	13.249	0	2	99	2.147	1.71	NA	0.18	NA	146.31	-123.69
7	1	7	17.148	13.049	0	2	128	2.346	1.518	NA	0.2	NA	-90	123.69
8	1	8	17.098	12.999	0	2	66	2.417	1.456	NA	0.071	NA	-135	-45
9	1	9	16.948	12.749	0	2	119.75	2.709	1.177	NA	0.292	NA	-120.964	14.036
10	1	10	16.948	12.599	0	2	82	2.859	1.031	NA	0.15	NA	-90	30.964
11	1	11	16.948	12.599	0	2	82.5	2.859	1.031	NA	0	NA	0	90
12	1	12	16.798	12.399	0	2	49	3.109	0.806	NA	0.25	NA	-126.87	-126.87
13	1	13	16.948	12.249	0	2	86.25	3.321	0.696	NA	0.212	NA	-45	81.87
14	1	14	16.948	12.249	0	2	111.25	3.321	0.696	NA	0	NA	0	45
15	1	15	16.848	12.249	0	2	103	3.421	0.667	NA	0.1	NA	180	180
16	1	16	16.748	12.349	0	2	100.75	3.562	0.752	NA	0.141	NA	135	-45
17	1	17	16.748	12.349	0	2	103	3.562	0.752	NA	0	NA	0	-135
18	1	18	16.698	12.349	0	2	107	3.612	0.75	NA	0.05	NA	180	180
19	1	19	16.798	12.399	0	2	182	3.724	0.806	NA	0.112	NA	26.565	-153.435
20	1	20	16.698	12.299	0	2	132	3.865	0.7	NA	0.141	NA	-135	-161.565
21	1	21	16.798	12.099	0	2	66	4.089	0.51	NA	0.224	NA	-63.435	71.565
22	1	22	16.798	12.099	0	2	66	4.089	0.51	NA	0	NA	0	63.435
23	1	23	16.848	11.949	0	2	78.25	4.247	0.381	NA	0.158	NA	-71.565	-71.565
24	1	24	16.648	11.999	0	2	66	4.453	0.403	NA	0.206	NA	165.964	-122.471
25	1	25	16.998	12.249	0	2	107	4.883	0.716	NA	0.43	NA	35.538	-130.426
26	1	26	17.048	12.349	0	2	90.5	4.995	0.828	NA	0.112	NA	63.435	27.897
27	1	27	16.848	12.099	0	2	41	5.315	0.522	NA	0.32	NA	-128.66	167.905
28	1	28	17.098	12.399	0	2	33	5.706	0.894	NA	0.39	NA	50.194	178.854
29	1	29	16.848	12.499	0	2	115.5	5.975	0.912	NA	0.269	NA	158.199	108.004
30	1	30	16.998	12.849	0	2	41	6.356	1.285	NA	0.381	NA	66.801	-91.397
31	1	31	17.148	13.349	0	2	61.75	6.878	1.807	NA	0.522	NA	73.301	6.499
32	1	32	17.348	14.548	0	2	53.25	8.094	3.02	NA	1.216	NA	80.538	7.237
33	2	1	17.848	13.499	0	2	74	0	0	NA	NA	NA	NA	NA
34	2	2	17.998	13.999	0	2	66	0.522	0.522	NA	0.522	NA	73.301	NA
35	2	3	18.048	14.099	0	2	49.5	0.634	0.632	NA	0.112	NA	63.435	-9.866
36	2	4	18.048	14.099	0	2	57.5	0.634	0.632	NA	0	NA	0	-63.435
37	2	5	18.048	14.099	0	2	74	0.634	0.632	NA	0	NA	0	0
38	2	6	18.148	14.299	0	2	66	0.857	0.854	NA	0.224	NA	63.435	63.435
39	2	7	18.248	15.098	0	2	90.5	1.663	1.649	NA	0.806	NA	82.875	19.44
40	2	8	18.448	15.198	0	2	82.5	1.887	1.803	NA	0.224	NA	26.565	-56.31
41	2	9	18.248	14.848	0	2	107	2.29	1.408	NA	0.403	NA	-119.745	-146.31
42	2	10	18.348	14.948	0	2	41	2.432	1.534	NA	0.141	NA	45	164.745
43	2	11	18.348	15.748	0	2	57.25	3.231	2.305	NA	0.8	NA	90	45
44	2	12	17.998	14.998	0	2	16	4.059	1.507	NA	0.828	NA	-115.017	154.983
45	2	13	18.098	14.898	0	2	49	4.2	1.422	NA	0.141	NA	-45	70.017
46	2	14	18.198	15.198	0	2	132	4.517	1.735	NA	0.316	NA	71.565	116.565
47	2	15	18.448	15.698	0	2	90.5	5.076	2.28	NA	0.559	NA	63.435	-8.13
48	2	16	18.448	15.898	0	2	57.5	5.276	2.474	NA	0.2	NA	90	26.565
49	2	17	18.398	16.148	0	2	33	5.53	2.706	NA	0.255	NA	101.31	11.31
50	2	18	18.398	16.198	0	2	66	5.58	2.755	NA	0.05	NA	90	-11.31
51	2	19	18.098	16.648	0	2	57.5	6.121	3.16	NA	0.541	NA	123.69	33.69
52	2	20	18.448	16.998	0	2	49	6.616	3.551	NA	0.495	NA	45	-78.69
53	3	1	19.698	22.598	0	2	33	0	0	NA	NA	NA	NA	NA
54	3	2	19.548	22.548	0	2	86.25	0.158	0.158	NA	0.158	NA	-161.565	NA
55	3	3	19.548	22.548	0	2	49.25	0.158	0.158	NA	0	NA	0	161.565
56	3	4	19.498	21.948	0	2	82	0.76	0.68	NA	0.602	NA	-94.764	-94.764
57	3	5	19.148	22.048	0	2	103	1.124	0.778	NA	0.364	NA	164.055	-101.182
58	3	6	19.098	21.948	0	2	115.5	1.236	0.884	NA	0.112	NA	-116.565	79.38
59	3	7	19.048	21.948	0	2	78	1.286	0.919	NA	0.05	NA	180	-63.435
60	3	8	19.148	21.998	0	2	82.5	1.398	0.814	NA	0.112	NA	26.565	-153.435
61	3	9	19.098	21.998	0	2	49	1.448	0.848	NA	0.05	NA	180	153.435
62	3	10	19.148	22.198	0	2	82.5	1.654	0.68	NA	0.206	NA	75.964	-104.036
63	3	11	19.048	22.248	0	2	94.5	1.766	0.738	NA	0.112	NA	153.435	77.471
64	3	12	19.098	22.148	0	2	148.5	1.877	0.75	NA	0.112	NA	-63.435	143.13
65	3	13	18.948	22.198	0	2	82.5	2.035	0.85	NA	0.158	NA	161.565	-135
66	3	14	18.548	22.048	0	2	65.75	2.463	1.275	NA	0.427	NA	-159.444	38.991
67	3	15	18.998	22.598	0	2	33	3.173	0.7	NA	0.711	NA	50.711	-149.845
68	3	16	19.048	22.598	0	2	74	3.223	0.65	NA	0.05	NA	0	-50.711
69	3	17	19.448	22.848	0	2	53.25	3.695	0.354	NA	0.472	NA	32.005	32.005
70	3	18	19.098	22.448	0	2	74	4.226	0.618	NA	0.531	NA	-131.186	-163.191
71	3	19	18.898	22.348	0	2	82.5	4.45	0.838	NA	0.224	NA	-153.435	-22.249
72	3	20	18.798	22.348	0	2	82.5	4.55	0.934	NA	0.1	NA	180	-26.565
73	3	21	19.048	22.448	0	2	86.75	4.819	0.667	NA	0.269	NA	21.801	-158.199
74	3	22	19.098	22.498	0	2	82	4.89	0.608	NA	0.071	NA	45	23.199
75	3	23	19.098	22.548	0	2	65.5	4.94	0.602	NA	0.05	NA	90	45
76	3	24	19.098	22.598	0	2	99	4.99	0.6	NA	0.05	NA	90	0
77	3	25	18.948	22.998	0	2	49.5	5.417	0.85	NA	0.427	NA	110.556	20.556
78	3	26	18.898	22.698	0	2	115	5.721	0.806	NA	0.304	NA	-99.462	149.982
79	3	27	18.948	22.748	0	2	103.25	5.792	0.765	NA	0.071	NA	45	144.462
80	3	28	18.948	22.798	0	2	33	5.842	0.776	NA	0.05	NA	90	45
81	3	29	18.848	22.548	0	2	82.25	6.111	0.851	NA	0.269	NA	-111.801	158.199
82	3	30	18.648	22.498	0	2	82	6.317	1.055	NA	0.206	NA	-165.964	-54.162
83	3	31	18.798	23.148	0	2	49.5	6.984	1.055	NA	0.667	NA	77.005	-117.031
84	3	32	18.648	22.398	0	2	99	7.749	1.069	NA	0.765	NA	-101.31	-178.315
85	3	33	18.748	22.648	0	2	78	8.018	0.951	NA	0.269	NA	68.199	169.509
86	3	34	18.948	22.898	0	2	90.5	8.338	0.808	NA	0.32	NA	51.34	-16.858
87	3	35	18.748	23.248	0	2	49.25	8.741	1.151	NA	0.403	NA	119.745	68.405
88	3	36	19.198	23.348	0	2	49.5	9.202	0.901	NA	0.461	NA	12.529	-107.216
89	3	37	18.998	23.098	0	2	82	9.522	0.86	NA	0.32	NA	-128.66	-141.189
90	4	1	18.748	24.747	0	2	45.25	0	0	NA	NA	NA	NA	NA
91	4	2	18.448	24.148	0	2	90.75	0.671	0.671	NA	0.671	NA	-116.565	NA
92	4	3	18.448	23.798	0	2	115.5	1.021	0.996	NA	0.35	NA	-90	26.565
93	4	4	18.448	23.798	0	2	98.5	1.021	0.996	NA	0	NA	0	90
94	4	5	18.498	23.498	0	2	49	1.325	1.275	NA	0.304	NA	-80.538	-80.538
95	4	6	18.398	23.048	0	2	148.5	1.786	1.735	NA	0.461	NA	-102.529	-21.991
96	4	7	18.298	22.948	0	2	107	1.927	1.855	NA	0.141	NA	-135	-32.471
97	4	8	18.298	22.948	0	2	123.5	1.927	1.855	NA	0	NA	0	135
98	4	9	18.148	22.598	0	2	165	2.308	2.232	NA	0.381	NA	-113.199	-113.199
99	4	10	18.098	22.548	0	2	32.5	2.379	2.294	NA	0.071	NA	-135	-21.801
100	4	11	18.098	22.798	0	2	33	2.629	2.055	NA	0.25	NA	90	-135
101	4	12	18.098	22.898	0	2	49	2.729	1.961	NA	0.1	NA	90	0
102	4	13	18.298	23.148	0	2	65.5	3.049	1.662	NA	0.32	NA	51.34	-38.66
103	4	14	18.398	23.248	0	2	57.5	3.19	1.54	NA	0.141	NA	45	-6.34
104	4	15	18.398	23.248	0	2	66	3.19	1.54	NA	0	NA	0	-45
105	4	16	18.498	23.448	0	2	90.5	3.414	1.324	NA	0.224	NA	63.435	63.435
106	4	17	18.648	23.948	0	2	61.5	3.936	0.806	NA	0.522	NA	73.301	9.866
107	4	18	18.848	23.848	0	2	57.25	4.159	0.905	NA	0.224	NA	-26.565	-99.866
108	4	19	18.948	24.347	0	2	86.5	4.669	0.447	NA	0.51	NA	78.69	105.255
109	4	20	19.148	24.447	0	2	70	4.893	0.5	NA	0.224	NA	26.565	-52.125
110	4	21	19.798	25.247	0	2	57.5	5.923	1.163	NA	1.031	NA	50.906	24.341
111	4	22	18.948	24.947	0	2	28.5	6.825	0.283	NA	0.901	NA	-160.56	148.534
112	5	1	24.247	30.297	0	2	41	0	0	NA	NA	NA	NA	NA
113	5	2	24.247	30.297	0	2	82	0	0	NA	0	NA	0	NA
114	5	3	23.898	29.997	0	2	99	0.461	0.461	NA	0.461	NA	-139.399	-139.399
115	5	4	23.348	29.897	0	2	66	1.02	0.985	NA	0.559	NA	-169.695	-30.296
116	5	5	23.348	29.797	0	2	49.5	1.12	1.029	NA	0.1	NA	-90	79.695
117	5	6	23.348	29.447	0	2	57.5	1.47	1.238	NA	0.35	NA	-90	0
118	5	7	23.348	29.547	0	2	61.5	1.57	1.171	NA	0.1	NA	90	180
119	5	8	23.148	29.497	0	2	82.5	1.776	1.36	NA	0.206	NA	-165.964	104.036
120	5	9	23.348	29.597	0	2	74	2	1.14	NA	0.224	NA	26.565	-167.471
121	5	10	23.398	29.747	0	2	74	2.158	1.012	NA	0.158	NA	71.565	45
122	5	11	23.448	29.647	0	2	82.25	2.269	1.031	NA	0.112	NA	-63.435	-135
123	5	12	23.098	29.447	0	2	107	2.673	1.43	NA	0.403	NA	-150.255	-86.82
124	5	13	23.148	29.347	0	2	99	2.784	1.453	NA	0.112	NA	-63.435	86.82
125	5	14	23.148	29.497	0	2	132	2.934	1.36	NA	0.15	NA	90	153.435
126	5	15	23.148	29.197	0	2	82.5	3.234	1.555	NA	0.3	NA	-90	-180
127	5	16	23.398	29.597	0	2	49	3.706	1.101	NA	0.472	NA	57.995	147.995
128	5	17	23.348	29.647	0	2	82.5	3.777	1.11	NA	0.071	NA	135	77.005
129	5	18	23.248	29.647	0	2	32.75	3.877	1.193	NA	0.1	NA	180	45
130	5	19	23.198	29.547	0	2	90.5	3.988	1.29	NA	0.112	NA	-116.565	63.435
131	5	20	23.198	29.497	0	2	82	4.038	1.32	NA	0.05	NA	-90	26.565
132	5	21	23.198	29.497	0	2	99	4.038	1.32	NA	0	NA	0	90
133	5	22	23.048	29.497	0	2	107	4.188	1.442	NA	0.15	NA	180	180
134	5	23	23.048	29.347	0	2	70	4.338	1.53	NA	0.15	NA	-90	90
135	5	24	23.048	29.347	0	2	86.25	4.338	1.53	NA	0	NA	0	90
136	5	25	22.848	29.297	0	2	90.5	4.544	1.72	NA	0.206	NA	-165.964	-165.964
137	5	26	22.848	29.297	0	2	32.5	4.544	1.72	NA	0	NA	0	165.964
138	5	27	22.848	29.297	0	2	115.5	4.544	1.72	NA	0	NA	0	0
139	5	28	22.548	29.147	0	2	61.5	4.88	2.052	NA	0.335	NA	-153.435	-153.435
140	5	29	22.648	29.197	0	2	124	4.992	1.941	NA	0.112	NA	26.565	180
141	5	30	22.648	29.197	0	2	99	4.992	1.941	NA	0	NA	0	-26.565
142	5	32	23.048	29.497	0	2	41	5.492	1.442	NA	0.5	NA	36.87	36.87
