Nr	TID	PID	x [micron]	y [micron]	t [sec]	c [idx]	I [val]	Len [micron]	D2S [micron]	D2R [micron]	D2P [micron]	v [micron/sec]	? [deg]	?? [deg]
1	1	1	18.842	32.193	0	2	139	0	0	NA	NA	NA	NA	NA
2	1	2	19.088	32.378	0	2	186	0.308	0.308	NA	0.308	NA	36.87	NA
3	1	3	19.273	32.501	0	2	167	0.529	0.529	NA	0.222	NA	33.69	-3.18
4	1	4	19.15	32.685	0	2	158	0.751	0.58	NA	0.222	NA	123.69	90
5	1	5	19.027	32.439	0	2	121	1.026	0.308	NA	0.275	NA	-116.565	119.745
6	1	6	19.211	32.439	0	2	130	1.211	0.444	NA	0.185	NA	0	116.565
7	1	7	19.088	32.747	0	2	102	1.542	0.606	NA	0.331	NA	111.801	111.801
8	1	8	19.211	33.116	0	2	177	1.931	0.994	NA	0.389	NA	71.565	-40.236
9	1	9	19.642	33.731	0	2	111	2.682	1.734	NA	0.751	NA	55.008	-16.557
10	1	10	19.58	33.916	0	2	102	2.877	1.874	NA	0.195	NA	108.435	53.427
11	1	11	19.396	33.916	0	2	83	3.062	1.81	NA	0.185	NA	180	71.565
12	1	12	20.011	33.916	0	2	65	3.677	2.082	NA	0.615	NA	0	-180
13	1	13	19.58	33.977	0	2	139	4.112	1.931	NA	0.435	NA	171.87	171.87
14	1	14	19.703	33.793	0	2	55	4.334	1.817	NA	0.222	NA	-56.31	131.82
15	1	15	19.519	33.67	0	2	149	4.556	1.624	NA	0.222	NA	-146.31	-90
16	1	16	19.457	33.485	0	2	55	4.75	1.431	NA	0.195	NA	-108.435	37.875
17	1	17	19.273	33.485	0	2	55	4.935	1.362	NA	0.185	NA	180	-71.565
18	1	18	19.826	33.793	0	2	46	5.568	1.878	NA	0.633	NA	29.055	-150.945
19	1	19	19.642	33.916	0	2	111	5.79	1.899	NA	0.222	NA	146.31	117.255
20	1	20	19.826	34.039	0	2	18	6.012	2.092	NA	0.222	NA	33.69	-112.62
21	1	21	19.703	34.346	0	2	195	6.343	2.319	NA	0.331	NA	111.801	78.111
22	1	22	20.011	34.531	0	2	93	6.702	2.614	NA	0.359	NA	30.964	-80.838
23	1	23	19.888	34.592	0	2	93	6.839	2.618	NA	0.138	NA	153.435	122.471
24	1	24	20.257	34.469	0	2	18	7.229	2.68	NA	0.389	NA	-18.435	-171.87
25	1	25	20.073	34.654	0	2	93	7.49	2.751	NA	0.261	NA	135	153.435
26	2	1	20.503	36.192	0	2	149	0	0	NA	NA	NA	NA	NA
27	2	2	20.196	36.069	0	2	149	0.331	0.331	NA	0.331	NA	-158.199	NA
28	2	3	20.319	36.069	0	2	255	0.454	0.222	NA	0.123	NA	0	158.199
29	2	4	20.319	36.069	0	2	205	0.454	0.222	NA	0	NA	0	0
30	2	5	20.134	35.638	0	2	111	0.923	0.665	NA	0.469	NA	-113.199	-113.199
31	2	6	20.134	35.269	0	2	102	1.292	0.994	NA	0.369	NA	-90	23.199
32	2	7	20.073	35.638	0	2	233	1.666	0.701	NA	0.374	NA	99.462	-170.538
33	2	8	19.95	35.208	0	2	167	2.114	1.129	NA	0.448	NA	-105.945	154.592
34	2	9	20.073	35.269	0	2	102	2.252	1.018	NA	0.138	NA	26.565	132.51
35	2	10	19.95	35.023	0	2	205	2.527	1.293	NA	0.275	NA	-116.565	-143.13
36	2	11	19.826	35.023	0	2	242	2.65	1.351	NA	0.123	NA	180	-63.435
37	2	12	19.703	34.962	0	2	121	2.788	1.468	NA	0.138	NA	-153.435	26.565
38	2	13	19.703	34.962	0	2	65	2.788	1.468	NA	0	NA	0	153.435
39	2	14	19.642	34.839	0	2	55	2.925	1.604	NA	0.138	NA	-116.565	-116.565
40	2	15	19.826	34.531	0	2	186	3.284	1.794	NA	0.359	NA	-59.036	57.529
41	2	16	19.95	34.408	0	2	121	3.458	1.868	NA	0.174	NA	-45	14.036
42	2	17	19.888	34.408	0	2	111	3.519	1.887	NA	0.062	NA	180	-135
43	2	18	19.95	34.346	0	2	83	3.606	1.927	NA	0.087	NA	-45	135
44	2	19	19.58	34.223	0	2	93	3.996	2.174	NA	0.389	NA	-161.565	-116.565
45	2	20	19.765	34.285	0	2	121	4.19	2.045	NA	0.195	NA	18.435	180
46	2	21	19.765	34.285	0	2	195	4.19	2.045	NA	0	NA	0	-18.435
47	2	22	19.888	34.654	0	2	93	4.579	1.657	NA	0.389	NA	71.565	71.565
48	3	1	21.365	36.992	0	2	255	0	0	NA	NA	NA	NA	NA
49	3	2	21.365	36.992	0	2	186	0	0	NA	0	NA	0	NA
50	3	3	20.934	36.992	0	2	205	0.431	0.431	NA	0.431	NA	180	180
51	3	4	21.057	36.992	0	2	251	0.554	0.308	NA	0.123	NA	0	-180
52	3	5	21.057	36.992	0	2	121	0.554	0.308	NA	0	NA	0	0
53	3	6	20.934	36.561	0	2	37	1.002	0.609	NA	0.448	NA	-105.945	-105.945
54	3	7	20.626	36.438	0	2	186	1.333	0.923	NA	0.331	NA	-158.199	-52.253
55	3	8	20.934	36.377	0	2	158	1.647	0.751	NA	0.314	NA	-11.31	146.889
56	3	9	20.565	36.069	0	2	242	2.127	1.221	NA	0.481	NA	-140.194	-128.884
57	3	10	20.442	35.823	0	2	195	2.402	1.489	NA	0.275	NA	-116.565	23.629
58	3	11	20.442	35.823	0	2	93	2.402	1.489	NA	0	NA	0	116.565
59	3	12	20.442	35.823	0	2	93	2.402	1.489	NA	0	NA	0	0
60	3	13	20.503	35.7	0	2	186	2.54	1.553	NA	0.138	NA	-63.435	-63.435
61	3	14	20.319	35.638	0	2	177	2.734	1.711	NA	0.195	NA	-161.565	-98.13
62	3	15	20.38	35.638	0	2	139	2.796	1.674	NA	0.062	NA	0	161.565
63	3	16	20.442	35.7	0	2	177	2.883	1.588	NA	0.087	NA	45	45
64	3	17	20.442	35.7	0	2	93	2.883	1.588	NA	0	NA	0	-45
65	3	18	20.38	35.638	0	2	205	2.97	1.674	NA	0.087	NA	-135	-135
66	3	19	20.503	35.638	0	2	111	3.093	1.604	NA	0.123	NA	0	135
67	3	20	20.565	35.638	0	2	46	3.155	1.572	NA	0.062	NA	0	0
68	3	21	20.565	35.638	0	2	9	3.155	1.572	NA	0	NA	0	0
69	4	1	18.411	30.655	0	2	102	0	0	NA	NA	NA	NA	NA
70	4	2	18.411	30.839	0	2	83	0.185	0.185	NA	0.185	NA	90	NA
71	4	3	18.657	31.024	0	2	83	0.492	0.444	NA	0.308	NA	36.87	-53.13
72	4	4	18.596	31.024	0	2	93	0.554	0.413	NA	0.062	NA	180	143.13
73	4	5	18.596	31.024	0	2	111	0.554	0.413	NA	0	NA	0	-180
74	4	6	18.657	31.086	0	2	121	0.641	0.496	NA	0.087	NA	45	45
75	4	7	17.919	28.748	0	2	83	3.092	1.97	NA	2.452	NA	-107.526	-152.526
76	4	8	17.55	26.779	0	2	0	5.096	3.971	NA	2.003	NA	-100.62	6.906
77	5	1	19.642	32.624	0	2	37	0	0	NA	NA	NA	NA	NA
78	5	2	19.58	32.747	0	2	46	0.138	0.138	NA	0.138	NA	116.565	NA
79	5	3	19.642	32.993	0	2	9	0.391	0.369	NA	0.254	NA	75.964	-40.601
80	5	4	19.519	32.993	0	2	27	0.514	0.389	NA	0.123	NA	180	104.036
81	5	5	19.58	33.116	0	2	37	0.652	0.496	NA	0.138	NA	63.435	-116.565
82	5	6	19.334	33.239	0	2	9	0.927	0.688	NA	0.275	NA	153.435	90
83	5	7	19.642	33.239	0	2	37	1.235	0.615	NA	0.308	NA	0	-153.435
84	5	8	19.58	32.993	0	2	55	1.488	0.374	NA	0.254	NA	-104.036	-104.036
85	5	9	19.703	33.239	0	2	46	1.763	0.618	NA	0.275	NA	63.435	167.471
86	5	10	19.888	33.3	0	2	83	1.958	0.72	NA	0.195	NA	18.435	-45
87	5	11	19.888	33.731	0	2	9	2.389	1.134	NA	0.431	NA	90	71.565
88	5	12	19.826	33.793	0	2	74	2.476	1.183	NA	0.087	NA	135	45
89	5	13	20.257	33.854	0	2	37	2.911	1.376	NA	0.435	NA	8.13	-126.87
90	5	14	20.073	33.731	0	2	27	3.133	1.188	NA	0.222	NA	-146.31	-154.44
91	5	15	20.134	33.67	0	2	93	3.22	1.156	NA	0.087	NA	-45	101.31
92	5	16	19.888	33.977	0	2	9	3.614	1.376	NA	0.394	NA	128.66	173.66
93	5	17	20.319	33.854	0	2	37	4.061	1.404	NA	0.448	NA	-15.945	-144.605
94	5	18	20.565	34.469	0	2	83	4.724	2.064	NA	0.663	NA	68.199	84.144
95	5	19	20.811	34.346	0	2	9	4.999	2.082	NA	0.275	NA	-26.565	-94.764
96	5	20	20.319	34.346	0	2	27	5.491	1.851	NA	0.492	NA	180	-153.435
97	5	21	20.688	34.346	0	2	111	5.861	2.015	NA	0.369	NA	0	-180
98	5	22	20.565	34.9	0	2	9	6.428	2.456	NA	0.567	NA	102.529	102.529
99	5	23	20.872	34.9	0	2	46	6.735	2.588	NA	0.308	NA	0	-102.529
100	5	24	20.872	35.146	0	2	27	6.982	2.807	NA	0.246	NA	90	90
101	5	25	20.872	34.9	0	2	65	7.228	2.588	NA	0.246	NA	-90	-180
102	5	26	21.18	34.962	0	2	27	7.541	2.799	NA	0.314	NA	11.31	101.31
103	6	1	12.813	27.025	0	2	9	0	0	NA	NA	NA	NA	NA
104	6	2	12.566	26.717	0	2	18	0.394	0.394	NA	0.394	NA	-128.66	NA
105	6	3	11.644	24.687	0	2	37	2.624	2.614	NA	2.23	NA	-114.444	14.216
106	6	4	10.598	23.272	0	2	9	4.384	4.358	NA	1.76	NA	-126.469	-12.025
107	6	5	9.244	21.611	0	2	0	6.527	6.484	NA	2.143	NA	-129.174	-2.704
108	6	6	9.183	21.365	0	2	46	6.78	6.724	NA	0.254	NA	-104.036	25.137
109	7	1	26.902	36.807	0	2	83	0	0	NA	NA	NA	NA	NA
110	7	2	26.902	36.807	0	2	18	0	0	NA	0	NA	0	NA
111	7	3	26.902	36.807	0	2	83	0	0	NA	0	NA	0	0
112	7	4	26.963	36.869	0	2	65	0.087	0.087	NA	0.087	NA	45	45
113	7	5	27.025	36.869	0	2	37	0.149	0.138	NA	0.062	NA	0	-45
114	7	6	27.209	36.869	0	2	27	0.333	0.314	NA	0.185	NA	0	0
115	7	7	27.271	36.869	0	2	37	0.395	0.374	NA	0.062	NA	0	0
116	7	8	27.086	37.177	0	2	27	0.753	0.413	NA	0.359	NA	120.964	120.964
117	7	9	27.209	37.177	0	2	18	0.876	0.481	NA	0.123	NA	0	-120.964
118	7	10	27.209	37.238	0	2	46	0.938	0.529	NA	0.062	NA	90	90
119	7	11	27.333	37.177	0	2	46	1.076	0.567	NA	0.138	NA	-26.565	-116.565
120	7	12	27.456	37.115	0	2	27	1.213	0.633	NA	0.138	NA	-26.565	0
121	7	13	27.517	37.546	0	2	83	1.648	0.961	NA	0.435	NA	81.87	108.435
122	7	14	27.948	37.546	0	2	27	2.079	1.28	NA	0.431	NA	0	-81.87
123	7	15	27.456	37.546	0	2	27	2.571	0.923	NA	0.492	NA	180	180
124	7	16	27.763	38.038	0	2	27	3.151	1.502	NA	0.58	NA	57.995	-122.005
125	7	17	27.886	37.792	0	2	27	3.427	1.392	NA	0.275	NA	-63.435	-121.43
126	7	18	28.009	37.915	0	2	9	3.601	1.566	NA	0.174	NA	45	108.435
127	7	19	27.763	37.915	0	2	55	3.847	1.403	NA	0.246	NA	180	135
128	7	20	27.64	37.915	0	2	0	3.97	1.331	NA	0.123	NA	180	0
129	7	21	27.579	37.73	0	2	27	4.164	1.144	NA	0.195	NA	-108.435	71.565
130	7	22	27.763	38.099	0	2	27	4.577	1.553	NA	0.413	NA	63.435	171.87
131	7	23	27.825	38.222	0	2	37	4.715	1.689	NA	0.138	NA	63.435	0
132	8	1	22.226	37.853	0	2	93	0	0	NA	NA	NA	NA	NA
133	8	2	22.103	37.73	0	2	46	0.174	0.174	NA	0.174	NA	-135	NA
134	8	3	22.164	38.099	0	2	9	0.548	0.254	NA	0.374	NA	80.538	-144.462
135	8	4	21.672	37.484	0	2	27	1.336	0.665	NA	0.788	NA	-128.66	150.803
136	8	5	21.734	37.792	0	2	46	1.65	0.496	NA	0.314	NA	78.69	-152.65
137	9	1	18.842	35.392	0	2	37	0	0	NA	NA	NA	NA	NA
138	9	2	18.842	35.392	0	2	18	0	0	NA	0	NA	0	NA
139	9	3	18.965	35.392	0	2	9	0.123	0.123	NA	0.123	NA	0	0
140	9	4	19.027	35.392	0	2	9	0.185	0.185	NA	0.062	NA	0	0
141	9	5	19.027	35.392	0	2	0	0.185	0.185	NA	0	NA	0	0
142	9	6	18.965	34.839	0	2	0	0.742	0.567	NA	0.557	NA	-96.34	-96.34
143	9	7	18.904	34.777	0	2	46	0.829	0.618	NA	0.087	NA	-135	-38.66
144	9	8	18.904	34.839	0	2	9	0.89	0.557	NA	0.062	NA	90	-135
145	9	9	18.781	34.962	0	2	37	1.064	0.435	NA	0.174	NA	135	45
146	9	10	18.842	34.962	0	2	9	1.126	0.431	NA	0.062	NA	0	-135
147	9	11	18.411	34.531	0	2	27	1.735	0.963	NA	0.609	NA	-135	-135
148	9	12	18.473	34.592	0	2	9	1.822	0.881	NA	0.087	NA	45	180
149	9	13	19.15	34.592	0	2	18	2.499	0.857	NA	0.677	NA	0	-45
150	9	14	18.719	34.654	0	2	18	2.934	0.748	NA	0.435	NA	171.87	171.87
151	9	15	18.842	34.654	0	2	74	3.057	0.738	NA	0.123	NA	0	-171.87
152	9	16	19.088	34.654	0	2	18	3.303	0.778	NA	0.246	NA	0	0
153	9	17	19.088	34.654	0	2	0	3.303	0.778	NA	0	NA	0	0
154	9	18	18.965	34.346	0	2	37	3.634	1.053	NA	0.331	NA	-111.801	-111.801
155	9	19	18.965	34.346	0	2	9	3.634	1.053	NA	0	NA	0	111.801
156	9	20	18.473	34.039	0	2	37	4.215	1.403	NA	0.58	NA	-147.995	-147.995
157	9	21	18.719	34.039	0	2	18	4.461	1.359	NA	0.246	NA	0	147.995
158	9	22	18.719	34.346	0	2	18	4.768	1.053	NA	0.308	NA	90	90
159	9	23	19.027	34.285	0	2	18	5.082	1.123	NA	0.314	NA	-11.31	-101.31
160	9	24	19.088	34.346	0	2	37	5.169	1.074	NA	0.087	NA	45	56.31
161	9	25	19.088	34.346	0	2	37	5.169	1.074	NA	0	NA	0	-45
162	9	26	19.088	34.408	0	2	18	5.231	1.015	NA	0.062	NA	90	90
163	9	27	19.273	34.469	0	2	18	5.425	1.018	NA	0.195	NA	18.435	-71.565
164	9	28	19.273	34.469	0	2	9	5.425	1.018	NA	0	NA	0	-18.435
165	9	29	19.396	34.654	0	2	0	5.647	0.923	NA	0.222	NA	56.31	56.31
166	9	30	19.273	34.654	0	2	37	5.77	0.855	NA	0.123	NA	180	123.69
167	9	31	19.211	34.716	0	2	27	5.857	0.771	NA	0.087	NA	135	-45
168	9	32	19.273	34.592	0	2	9	5.995	0.908	NA	0.138	NA	-63.435	161.565
169	9	33	19.088	34.592	0	2	18	6.179	0.837	NA	0.185	NA	180	-116.565
170	9	34	19.088	34.592	0	2	18	6.179	0.837	NA	0	NA	0	-180
171	9	35	19.273	34.654	0	2	9	6.374	0.855	NA	0.195	NA	18.435	18.435
172	9	36	19.396	34.654	0	2	37	6.497	0.923	NA	0.123	NA	0	-18.435
173	9	37	19.396	34.654	0	2	55	6.497	0.923	NA	0	NA	0	0
174	9	38	19.396	34.346	0	2	27	6.804	1.183	NA	0.308	NA	-90	-90
175	9	39	19.396	34.346	0	2	27	6.804	1.183	NA	0	NA	0	90
176	9	40	19.396	34.346	0	2	55	6.804	1.183	NA	0	NA	0	0
177	10	1	11.398	30.778	0	2	27	0	0	NA	NA	NA	NA	NA
178	10	2	12.013	30.778	0	2	46	0.615	0.615	NA	0.615	NA	0	NA
179	10	3	12.136	31.086	0	2	46	0.947	0.8	NA	0.331	NA	68.199	68.199
180	10	4	12.197	31.147	0	2	83	1.034	0.881	NA	0.087	NA	45	-23.199
181	10	5	12.197	31.147	0	2	55	1.034	0.881	NA	0	NA	0	-45
182	10	6	12.628	31.086	0	2	111	1.469	1.268	NA	0.435	NA	-8.13	-8.13
183	10	7	12.628	31.086	0	2	27	1.469	1.268	NA	0	NA	0	8.13
184	10	8	12.751	31.332	0	2	130	1.744	1.462	NA	0.275	NA	63.435	63.435
185	10	9	12.936	31.516	0	2	46	2.005	1.706	NA	0.261	NA	45	-18.435
186	10	10	13.243	31.639	0	2	93	2.336	2.037	NA	0.331	NA	21.801	-23.199
187	10	11	13.243	31.701	0	2	93	2.398	2.064	NA	0.062	NA	90	68.199
188	10	12	13.489	31.824	0	2	83	2.673	2.339	NA	0.275	NA	26.565	-63.435
189	10	13	13.243	31.701	0	2	65	2.948	2.064	NA	0.275	NA	-153.435	-180
190	10	14	13.366	31.639	0	2	121	3.086	2.149	NA	0.138	NA	-26.565	126.87
191	10	15	13.428	31.639	0	2	93	3.147	2.205	NA	0.062	NA	0	26.565
192	10	16	13.428	31.639	0	2	130	3.147	2.205	NA	0	NA	0	0
193	10	17	13.612	31.639	0	2	102	3.332	2.376	NA	0.185	NA	0	0
194	10	18	13.612	31.639	0	2	139	3.332	2.376	NA	0	NA	0	0
195	10	19	13.551	31.639	0	2	139	3.393	2.319	NA	0.062	NA	180	180
196	10	20	13.551	31.639	0	2	83	3.393	2.319	NA	0	NA	0	-180
197	10	21	13.674	31.393	0	2	111	3.668	2.358	NA	0.275	NA	-63.435	-63.435
198	10	22	13.612	31.393	0	2	55	3.73	2.299	NA	0.062	NA	180	-116.565
199	10	23	13.674	31.824	0	2	74	4.165	2.505	NA	0.435	NA	81.87	-98.13
200	10	24	13.674	31.885	0	2	102	4.226	2.532	NA	0.062	NA	90	8.13
201	10	25	13.551	31.824	0	2	83	4.364	2.394	NA	0.138	NA	-153.435	116.565
202	10	26	13.674	31.762	0	2	46	4.502	2.48	NA	0.138	NA	-26.565	126.87
203	10	27	13.489	31.332	0	2	55	4.97	2.164	NA	0.469	NA	-113.199	-86.634
204	10	28	13.366	31.332	0	2	111	5.093	2.045	NA	0.123	NA	180	-66.801
205	10	29	13.243	31.332	0	2	65	5.216	1.927	NA	0.123	NA	180	0
206	10	30	13.059	31.147	0	2	83	5.477	1.702	NA	0.261	NA	-135	45
207	10	31	13.059	31.147	0	2	46	5.477	1.702	NA	0	NA	0	135
208	11	1	9.367	15.704	0	2	27	0	0	NA	NA	NA	NA	NA
209	11	2	10.044	16.627	0	2	83	1.144	1.144	NA	1.144	NA	53.746	NA
210	11	3	10.229	16.627	0	2	37	1.329	1.262	NA	0.185	NA	0	-53.746
211	11	4	10.229	16.627	0	2	46	1.329	1.262	NA	0	NA	0	0
212	11	5	10.659	16.627	0	2	27	1.76	1.588	NA	0.431	NA	0	0
213	11	6	10.475	16.75	0	2	27	1.982	1.523	NA	0.222	NA	146.31	146.31
214	11	7	10.475	16.812	0	2	18	2.043	1.566	NA	0.062	NA	90	-56.31
215	11	8	10.475	16.812	0	2	46	2.043	1.566	NA	0	NA	0	-90
216	11	9	10.721	16.627	0	2	46	2.351	1.638	NA	0.308	NA	-36.87	-36.87
217	11	10	10.844	16.689	0	2	83	2.488	1.775	NA	0.138	NA	26.565	63.435
218	11	11	11.213	16.812	0	2	37	2.877	2.152	NA	0.389	NA	18.435	-8.13
219	11	12	10.782	16.812	0	2	65	3.308	1.797	NA	0.431	NA	180	161.565
220	11	13	11.028	16.75	0	2	0	3.562	1.963	NA	0.254	NA	-14.036	165.964
221	11	14	11.028	16.75	0	2	27	3.562	1.963	NA	0	NA	0	14.036
222	11	15	10.905	16.812	0	2	55	3.699	1.895	NA	0.138	NA	153.435	153.435
223	11	16	10.967	16.812	0	2	37	3.761	1.946	NA	0.062	NA	0	-153.435
224	11	17	11.028	16.812	0	2	55	3.822	1.996	NA	0.062	NA	0	0
225	11	18	11.09	16.75	0	2	27	3.909	2.015	NA	0.087	NA	-45	-45
226	11	19	10.905	16.75	0	2	65	4.094	1.86	NA	0.185	NA	180	-135
227	11	20	10.967	16.75	0	2	27	4.155	1.911	NA	0.062	NA	0	-180
228	11	21	11.213	16.873	0	2	37	4.431	2.185	NA	0.275	NA	26.565	26.565
229	11	22	11.213	16.873	0	2	74	4.431	2.185	NA	0	NA	0	-26.565
230	11	23	11.213	16.689	0	2	37	4.615	2.092	NA	0.185	NA	-90	-90
231	11	24	11.213	16.689	0	2	9	4.615	2.092	NA	0	NA	0	90
232	11	25	11.213	16.689	0	2	37	4.615	2.092	NA	0	NA	0	0
233	11	26	11.151	16.443	0	2	27	4.869	1.931	NA	0.254	NA	-104.036	-104.036
234	11	27	11.151	16.443	0	2	46	4.869	1.931	NA	0	NA	0	104.036
235	11	28	10.659	16.258	0	2	55	5.395	1.406	NA	0.526	NA	-159.444	-159.444
236	11	29	10.721	16.258	0	2	9	5.456	1.462	NA	0.062	NA	0	159.444
237	11	30	10.905	16.504	0	2	9	5.764	1.734	NA	0.308	NA	53.13	53.13
238	12	1	12.136	28.871	0	2	46	0	0	NA	NA	NA	NA	NA
239	12	2	12.69	29.178	0	2	46	0.633	0.633	NA	0.633	NA	29.055	NA
240	12	3	12.69	28.809	0	2	37	1.003	0.557	NA	0.369	NA	-90	-119.055
241	12	4	12.69	28.809	0	2	18	1.003	0.557	NA	0	NA	0	90
242	12	5	12.936	28.625	0	2	18	1.31	0.837	NA	0.308	NA	-36.87	-36.87
243	12	6	13.428	28.44	0	2	111	1.836	1.362	NA	0.526	NA	-20.556	16.314
244	12	7	13.428	28.378	0	2	18	1.897	1.383	NA	0.062	NA	-90	-69.444
245	12	8	13.612	28.44	0	2	74	2.092	1.538	NA	0.195	NA	18.435	108.435
246	12	9	13.92	28.748	0	2	27	2.527	1.788	NA	0.435	NA	45	26.565
247	12	10	13.735	28.625	0	2	111	2.749	1.618	NA	0.222	NA	-146.31	168.69
248	12	11	12.997	28.871	0	2	9	3.527	0.861	NA	0.778	NA	161.565	-52.125
249	12	12	14.043	29.055	0	2	93	4.589	1.916	NA	1.062	NA	10.008	-151.557
250	12	13	13.859	29.055	0	2	83	4.774	1.733	NA	0.185	NA	180	169.992
251	12	14	13.859	29.055	0	2	18	4.774	1.733	NA	0	NA	0	-180
252	12	15	14.043	28.625	0	2	46	5.242	1.923	NA	0.469	NA	-66.801	-66.801
253	13	1	12.997	27.763	0	2	18	0	0	NA	NA	NA	NA	NA
254	13	2	12.997	27.763	0	2	37	0	0	NA	0	NA	0	NA
255	13	3	12.997	27.948	0	2	37	0.185	0.185	NA	0.185	NA	90	90
256	13	4	13.489	27.886	0	2	27	0.681	0.507	NA	0.496	NA	-7.125	-97.125
257	13	5	13.674	28.809	0	2	37	1.622	1.246	NA	0.941	NA	78.69	85.815
258	13	6	13.859	29.117	0	2	0	1.981	1.604	NA	0.359	NA	59.036	-19.654
259	13	7	13.797	29.117	0	2	37	2.042	1.572	NA	0.062	NA	180	120.964
260	13	8	14.166	29.732	0	2	37	2.76	2.29	NA	0.717	NA	59.036	-120.964
261	13	9	14.166	30.101	0	2	27	3.129	2.614	NA	0.369	NA	90	30.964
262	13	10	14.043	30.347	0	2	18	3.404	2.788	NA	0.275	NA	116.565	26.565
263	13	11	13.92	30.286	0	2	18	3.541	2.686	NA	0.138	NA	-153.435	90
264	14	1	30.839	37.607	0	2	0	0	0	NA	NA	NA	NA	NA
265	14	2	31.27	37.669	0	2	37	0.435	0.435	NA	0.435	NA	8.13	NA
266	14	3	31.27	37.669	0	2	9	0.435	0.435	NA	0	NA	0	-8.13
267	14	4	31.27	37.669	0	2	18	0.435	0.435	NA	0	NA	0	0
268	14	5	31.578	37.853	0	2	37	0.794	0.778	NA	0.359	NA	30.964	30.964
269	14	6	31.578	37.853	0	2	18	0.794	0.778	NA	0	NA	0	-30.964
270	14	7	31.578	37.853	0	2	0	0.794	0.778	NA	0	NA	0	0
271	14	8	32.008	38.161	0	2	9	1.323	1.293	NA	0.529	NA	35.538	35.538
272	14	9	32.316	38.838	0	2	18	2.066	1.922	NA	0.743	NA	65.556	30.018
273	14	10	32.07	38.899	0	2	0	2.32	1.784	NA	0.254	NA	165.964	100.408
274	15	1	12.136	27.579	0	2	27	0	0	NA	NA	NA	NA	NA
275	15	2	12.32	27.209	0	2	37	0.413	0.413	NA	0.413	NA	-63.435	NA
276	15	3	12.013	26.963	0	2	9	0.807	0.627	NA	0.394	NA	-141.34	-77.905
277	15	4	12.382	27.025	0	2	18	1.181	0.606	NA	0.374	NA	9.462	150.803
278	15	5	12.566	26.902	0	2	27	1.403	0.802	NA	0.222	NA	-33.69	-43.152
279	15	6	12.874	26.902	0	2	46	1.71	1.002	NA	0.308	NA	0	33.69
280	15	7	13.12	27.64	0	2	46	2.489	0.986	NA	0.778	NA	71.565	71.565
281	15	8	13.059	27.64	0	2	55	2.55	0.925	NA	0.062	NA	180	108.435
282	15	9	13.059	27.517	0	2	55	2.673	0.925	NA	0.123	NA	-90	90
283	15	10	13.12	27.517	0	2	37	2.735	0.986	NA	0.062	NA	0	90
284	15	11	13.12	27.517	0	2	37	2.735	0.986	NA	0	NA	0	0
285	15	12	12.936	27.64	0	2	18	2.957	0.802	NA	0.222	NA	146.31	146.31
286	16	1	31.639	39.638	0	2	27	0	0	NA	NA	NA	NA	NA
287	16	2	31.885	39.638	0	2	37	0.246	0.246	NA	0.246	NA	0	NA
288	16	3	31.885	39.638	0	2	0	0.246	0.246	NA	0	NA	0	0
289	16	4	31.578	39.514	0	2	74	0.577	0.138	NA	0.331	NA	-158.199	-158.199
290	16	5	31.701	39.514	0	2	46	0.7	0.138	NA	0.123	NA	0	158.199
291	16	6	31.762	39.576	0	2	55	0.787	0.138	NA	0.087	NA	45	45
292	16	7	31.762	39.576	0	2	74	0.787	0.138	NA	0	NA	0	-45
293	16	8	31.762	39.576	0	2	65	0.787	0.138	NA	0	NA	0	0
294	16	9	31.885	39.638	0	2	18	0.925	0.246	NA	0.138	NA	26.565	26.565
295	16	10	32.131	39.576	0	2	55	1.179	0.496	NA	0.254	NA	-14.036	-40.601
296	16	11	32.131	39.576	0	2	27	1.179	0.496	NA	0	NA	0	14.036
297	16	12	32.131	39.576	0	2	74	1.179	0.496	NA	0	NA	0	0
298	16	13	32.131	39.268	0	2	9	1.486	0.615	NA	0.308	NA	-90	-90
299	16	14	32.131	39.268	0	2	27	1.486	0.615	NA	0	NA	0	90
300	16	15	32.501	39.33	0	2	9	1.861	0.915	NA	0.374	NA	9.462	9.462
301	16	16	32.501	39.33	0	2	0	1.861	0.915	NA	0	NA	0	-9.462
302	16	17	32.439	39.514	0	2	9	2.055	0.809	NA	0.195	NA	108.435	108.435
303	16	18	32.501	39.453	0	2	18	2.142	0.881	NA	0.087	NA	-45	-153.435
304	16	19	32.562	39.514	0	2	27	2.229	0.931	NA	0.087	NA	45	90
305	16	20	32.501	39.022	0	2	9	2.725	1.059	NA	0.496	NA	-97.125	-142.125
306	17	1	19.826	11.767	0	2	186	0	0	NA	NA	NA	NA	NA
307	17	2	19.888	11.828	0	2	139	0.087	0.087	NA	0.087	NA	45	NA
308	17	3	19.95	12.505	0	2	83	0.767	0.748	NA	0.68	NA	84.806	39.806
309	17	4	19.95	12.751	0	2	111	1.013	0.992	NA	0.246	NA	90	5.194
310	17	5	19.888	12.32	0	2	121	1.448	0.557	NA	0.435	NA	-98.13	171.87
311	17	6	19.888	12.259	0	2	93	1.509	0.496	NA	0.062	NA	-90	8.13
312	17	7	19.703	12.566	0	2	255	1.868	0.809	NA	0.359	NA	120.964	-149.036
313	17	8	20.134	13.366	0	2	255	2.776	1.629	NA	0.908	NA	61.699	-59.265
314	17	9	20.196	13.797	0	2	139	3.211	2.064	NA	0.435	NA	81.87	20.171
315	17	10	20.442	14.105	0	2	167	3.605	2.418	NA	0.394	NA	51.34	-30.53
316	17	11	20.565	14.412	0	2	74	3.937	2.747	NA	0.331	NA	68.199	16.858
317	17	12	20.38	15.027	0	2	93	4.579	3.308	NA	0.642	NA	106.699	38.501
318	17	13	20.38	15.027	0	2	177	4.579	3.308	NA	0	NA	0	-106.699
319	17	14	20.38	15.027	0	2	111	4.579	3.308	NA	0	NA	0	0
320	18	1	25.364	21.242	0	2	223	0	0	NA	NA	NA	NA	NA
321	18	2	25.364	20.749	0	2	158	0.492	0.492	NA	0.492	NA	-90	NA
322	18	3	25.056	20.011	0	2	65	1.292	1.268	NA	0.8	NA	-112.62	-22.62
323	18	4	24.872	19.58	0	2	27	1.761	1.733	NA	0.469	NA	-113.199	-0.579
324	18	5	24.625	19.334	0	2	130	2.109	2.045	NA	0.348	NA	-135	-21.801
325	18	6	24.687	19.642	0	2	158	2.422	1.737	NA	0.314	NA	78.69	-146.31
326	18	7	24.687	19.642	0	2	186	2.422	1.737	NA	0	NA	0	-78.69
327	18	8	24.872	19.642	0	2	167	2.607	1.674	NA	0.185	NA	0	0
328	18	9	24.872	19.765	0	2	130	2.73	1.556	NA	0.123	NA	90	90
329	18	10	24.872	19.95	0	2	46	2.915	1.383	NA	0.185	NA	90	0
330	18	11	24.995	20.257	0	2	65	3.246	1.051	NA	0.331	NA	68.199	-21.801
331	18	12	25.118	20.38	0	2	102	3.42	0.896	NA	0.174	NA	45	-23.199
332	18	13	25.056	20.442	0	2	121	3.507	0.857	NA	0.087	NA	135	90
333	18	14	25.241	20.319	0	2	65	3.729	0.931	NA	0.222	NA	-33.69	-168.69
334	18	15	24.995	20.319	0	2	74	3.975	0.994	NA	0.246	NA	180	-146.31
335	18	16	24.81	20.196	0	2	74	4.197	1.183	NA	0.222	NA	-146.31	33.69
336	18	17	24.872	19.826	0	2	27	4.571	1.498	NA	0.374	NA	-80.538	65.772
337	18	18	24.81	19.703	0	2	18	4.708	1.635	NA	0.138	NA	-116.565	-36.027
338	18	19	24.81	19.58	0	2	65	4.832	1.751	NA	0.123	NA	-90	26.565
339	18	20	24.687	19.334	0	2	55	5.107	2.024	NA	0.275	NA	-116.565	-26.565
340	18	21	25.179	19.396	0	2	65	5.603	1.855	NA	0.496	NA	7.125	123.69
341	18	22	24.81	19.396	0	2	37	5.972	1.927	NA	0.369	NA	180	172.875
342	18	23	24.933	19.826	0	2	65	6.42	1.479	NA	0.448	NA	74.055	-105.945
343	18	24	25.056	19.826	0	2	55	6.543	1.448	NA	0.123	NA	0	-74.055
344	18	25	25.241	19.642	0	2	46	6.804	1.604	NA	0.261	NA	-45	-45
345	18	26	25.302	19.703	0	2	74	6.891	1.539	NA	0.087	NA	45	90
346	18	27	25.302	19.888	0	2	55	7.075	1.355	NA	0.185	NA	90	45
347	18	28	25.241	19.765	0	2	83	7.213	1.482	NA	0.138	NA	-116.565	153.435
348	18	29	25.118	19.457	0	2	55	7.544	1.801	NA	0.331	NA	-111.801	4.764
349	19	1	23.641	17.981	0	2	130	0	0	NA	NA	NA	NA	NA
350	19	2	23.764	18.165	0	2	121	0.222	0.222	NA	0.222	NA	56.31	NA
351	19	3	24.195	18.104	0	2	121	0.657	0.567	NA	0.435	NA	-8.13	-64.44
352	19	4	24.195	18.104	0	2	130	0.657	0.567	NA	0	NA	0	8.13
353	19	5	24.195	18.104	0	2	111	0.657	0.567	NA	0	NA	0	0
354	19	6	24.01	18.104	0	2	102	0.841	0.389	NA	0.185	NA	180	180
355	19	7	24.195	17.858	0	2	158	1.149	0.567	NA	0.308	NA	-53.13	126.87
356	19	8	24.195	17.796	0	2	233	1.211	0.584	NA	0.062	NA	-90	-36.87
357	19	9	24.256	17.796	0	2	130	1.272	0.642	NA	0.062	NA	0	90
358	19	10	24.318	18.165	0	2	158	1.646	0.701	NA	0.374	NA	80.538	80.538
359	19	11	24.072	17.981	0	2	205	1.954	0.431	NA	0.308	NA	-143.13	136.332
360	19	12	24.072	17.981	0	2	251	1.954	0.431	NA	0	NA	0	143.13
361	19	13	24.256	18.042	0	2	177	2.149	0.618	NA	0.195	NA	18.435	18.435
362	19	14	24.256	18.042	0	2	255	2.149	0.618	NA	0	NA	0	-18.435
363	19	15	24.318	18.288	0	2	223	2.402	0.743	NA	0.254	NA	75.964	75.964
364	19	16	24.441	18.042	0	2	111	2.677	0.802	NA	0.275	NA	-63.435	-139.399
365	19	17	24.441	18.042	0	2	121	2.677	0.802	NA	0	NA	0	63.435
366	19	18	24.256	18.104	0	2	167	2.872	0.627	NA	0.195	NA	161.565	161.565
367	19	19	24.256	18.104	0	2	186	2.872	0.627	NA	0	NA	0	-161.565
368	19	20	24.625	18.042	0	2	121	3.246	0.986	NA	0.374	NA	-9.462	-9.462
369	19	21	24.625	18.227	0	2	149	3.431	1.015	NA	0.185	NA	90	99.462
370	19	22	24.748	18.596	0	2	255	3.82	1.267	NA	0.389	NA	71.565	-18.435
371	19	23	24.81	18.657	0	2	251	3.907	1.351	NA	0.087	NA	45	-26.565
372	19	24	24.81	18.657	0	2	111	3.907	1.351	NA	0	NA	0	-45
373	19	25	24.81	18.657	0	2	130	3.907	1.351	NA	0	NA	0	0
374	19	26	24.748	18.534	0	2	167	4.044	1.238	NA	0.138	NA	-116.565	-116.565
375	19	27	24.872	18.596	0	2	121	4.182	1.376	NA	0.138	NA	26.565	143.13
376	19	28	24.872	18.534	0	2	130	4.244	1.349	NA	0.062	NA	-90	-116.565
377	19	29	24.933	18.904	0	2	111	4.618	1.588	NA	0.374	NA	80.538	170.538
378	19	30	25.487	19.027	0	2	46	5.185	2.121	NA	0.567	NA	12.529	-68.009
379	19	31	25.241	18.842	0	2	55	5.493	1.817	NA	0.308	NA	-143.13	-155.659
380	19	32	25.241	18.904	0	2	83	5.554	1.847	NA	0.062	NA	90	-126.87
381	19	33	25.302	19.088	0	2	102	5.749	1.996	NA	0.195	NA	71.565	-18.435
382	19	34	25.487	19.273	0	2	74	6.01	2.253	NA	0.261	NA	45	-26.565
383	19	35	25.548	19.457	0	2	55	6.204	2.412	NA	0.195	NA	71.565	26.565
384	19	36	25.61	19.703	0	2	55	6.458	2.616	NA	0.254	NA	75.964	4.399
385	19	37	25.733	19.95	0	2	18	6.733	2.873	NA	0.275	NA	63.435	-12.529
386	19	38	25.671	20.196	0	2	9	6.987	3.005	NA	0.254	NA	104.036	40.601
387	19	39	25.856	20.196	0	2	37	7.171	3.132	NA	0.185	NA	0	-104.036
388	19	40	25.856	20.011	0	2	46	7.356	3.005	NA	0.185	NA	-90	-90
389	19	41	25.917	20.011	0	2	46	7.418	3.05	NA	0.062	NA	0	90
390	20	1	22.349	15.335	0	2	251	0	0	NA	NA	NA	NA	NA
391	20	2	22.411	15.335	0	2	255	0.062	0.062	NA	0.062	NA	0	NA
392	20	3	22.657	15.212	0	2	65	0.337	0.331	NA	0.275	NA	-26.565	-26.565
393	20	4	22.411	15.274	0	2	255	0.59	0.087	NA	0.254	NA	165.964	-167.471
394	20	5	22.534	15.274	0	2	130	0.713	0.195	NA	0.123	NA	0	-165.964
395	20	6	22.841	15.212	0	2	65	1.027	0.507	NA	0.314	NA	-11.31	-11.31
396	20	7	22.657	15.027	0	2	74	1.288	0.435	NA	0.261	NA	-135	-123.69
397	20	8	22.903	14.597	0	2	37	1.784	0.923	NA	0.496	NA	-60.255	74.745
398	20	9	22.78	14.228	0	2	93	2.173	1.188	NA	0.389	NA	-108.435	-48.18
399	20	10	22.78	14.043	0	2	139	2.358	1.362	NA	0.185	NA	-90	18.435
400	20	11	22.657	13.982	0	2	111	2.495	1.388	NA	0.138	NA	-153.435	-63.435
401	20	12	22.657	13.982	0	2	139	2.495	1.388	NA	0	NA	0	153.435
402	20	13	22.718	13.735	0	2	111	2.749	1.642	NA	0.254	NA	-75.964	-75.964
403	20	14	22.841	13.612	0	2	55	2.923	1.792	NA	0.174	NA	-45	30.964
404	20	15	22.841	13.12	0	2	83	3.415	2.269	NA	0.492	NA	-90	-45
405	21	1	20.934	16.258	0	2	255	0	0	NA	NA	NA	NA	NA
406	21	2	20.934	16.258	0	2	255	0	0	NA	0	NA	0	NA
407	21	3	20.749	16.381	0	2	255	0.222	0.222	NA	0.222	NA	146.31	146.31
408	21	4	20.749	16.381	0	2	255	0.222	0.222	NA	0	NA	0	-146.31
409	21	5	20.688	16.381	0	2	255	0.283	0.275	NA	0.062	NA	180	180
410	21	6	20.626	16.443	0	2	255	0.37	0.359	NA	0.087	NA	135	-45
411	21	7	20.626	16.443	0	2	255	0.37	0.359	NA	0	NA	0	-135
412	21	8	20.688	16.32	0	2	255	0.508	0.254	NA	0.138	NA	-63.435	-63.435
413	21	9	20.688	16.32	0	2	255	0.508	0.254	NA	0	NA	0	63.435
414	21	10	20.811	16.32	0	2	255	0.631	0.138	NA	0.123	NA	0	0
415	21	11	20.811	16.32	0	2	255	0.631	0.138	NA	0	NA	0	0
416	21	12	20.811	16.32	0	2	255	0.631	0.138	NA	0	NA	0	0
417	21	13	20.811	16.32	0	2	255	0.631	0.138	NA	0	NA	0	0
418	21	14	20.811	16.381	0	2	255	0.693	0.174	NA	0.062	NA	90	90
419	21	15	20.811	16.443	0	2	255	0.754	0.222	NA	0.062	NA	90	0
420	21	16	20.872	16.443	0	2	255	0.816	0.195	NA	0.062	NA	0	-90
421	21	17	20.872	16.258	0	2	255	1	0.062	NA	0.185	NA	-90	-90
422	21	18	20.872	16.258	0	2	255	1	0.062	NA	0	NA	0	90
423	21	19	20.872	16.381	0	2	255	1.123	0.138	NA	0.123	NA	90	90
424	21	20	20.995	16.443	0	2	255	1.261	0.195	NA	0.138	NA	26.565	-63.435
425	21	21	21.18	16.196	0	2	255	1.568	0.254	NA	0.308	NA	-53.13	-79.695
426	21	22	21.18	16.196	0	2	167	1.568	0.254	NA	0	NA	0	53.13
427	21	23	21.118	16.258	0	2	255	1.655	0.185	NA	0.087	NA	135	135
428	21	24	21.118	16.258	0	2	214	1.655	0.185	NA	0	NA	0	-135
429	21	25	21.057	16.258	0	2	130	1.717	0.123	NA	0.062	NA	180	180
430	21	26	21.18	15.95	0	2	233	2.048	0.394	NA	0.331	NA	-68.199	111.801
431	21	27	21.18	15.95	0	2	177	2.048	0.394	NA	0	NA	0	68.199
432	21	28	21.18	15.95	0	2	139	2.048	0.394	NA	0	NA	0	0
433	21	29	21.18	15.827	0	2	255	2.171	0.496	NA	0.123	NA	-90	-90
434	21	30	21.242	15.52	0	2	233	2.485	0.8	NA	0.314	NA	-78.69	11.31
435	21	31	21.242	15.52	0	2	186	2.485	0.8	NA	0	NA	0	78.69
436	21	32	21.242	15.52	0	2	186	2.485	0.8	NA	0	NA	0	0
437	21	33	21.242	15.335	0	2	186	2.67	0.973	NA	0.185	NA	-90	-90
438	21	34	21.242	15.335	0	2	205	2.67	0.973	NA	0	NA	0	90
439	21	35	21.18	15.274	0	2	177	2.757	1.015	NA	0.087	NA	-135	-135
440	21	36	21.18	15.274	0	2	255	2.757	1.015	NA	0	NA	0	135
441	21	37	21.18	15.274	0	2	223	2.757	1.015	NA	0	NA	0	0
442	21	38	21.18	15.274	0	2	195	2.757	1.015	NA	0	NA	0	0
443	21	39	21.18	15.274	0	2	195	2.757	1.015	NA	0	NA	0	0
444	21	40	21.057	15.212	0	2	186	2.894	1.053	NA	0.138	NA	-153.435	-153.435
445	21	41	21.057	15.212	0	2	121	2.894	1.053	NA	0	NA	0	153.435
446	21	42	21.057	15.151	0	2	102	2.956	1.114	NA	0.062	NA	-90	-90
447	21	43	21.057	15.151	0	2	111	2.956	1.114	NA	0	NA	0	90
448	21	44	21.057	15.212	0	2	177	3.017	1.053	NA	0.062	NA	90	90
449	21	45	21.057	15.335	0	2	139	3.14	0.931	NA	0.123	NA	90	0
450	21	46	21.488	15.335	0	2	139	3.571	1.076	NA	0.431	NA	0	-90
451	21	47	21.611	15.335	0	2	149	3.694	1.144	NA	0.123	NA	0	0
452	21	48	21.611	15.335	0	2	205	3.694	1.144	NA	0	NA	0	0
453	21	49	21.857	15.151	0	2	111	4.002	1.442	NA	0.308	NA	-36.87	-36.87
454	21	50	21.98	15.089	0	2	111	4.139	1.569	NA	0.138	NA	-26.565	10.305
455	22	1	24.995	14.351	0	2	37	0	0	NA	NA	NA	NA	NA
456	22	2	25.118	15.397	0	2	111	1.053	1.053	NA	1.053	NA	83.29	NA
457	22	3	25.241	15.089	0	2	93	1.384	0.778	NA	0.331	NA	-68.199	-151.489
458	22	4	24.625	16.689	0	2	149	3.098	2.367	NA	1.714	NA	111.038	179.236
459	22	5	24.625	17.119	0	2	27	3.529	2.793	NA	0.431	NA	90	-21.038
460	23	1	25.241	12.136	0	2	158	0	0	NA	NA	NA	NA	NA
461	23	2	24.995	11.582	0	2	251	0.606	0.606	NA	0.606	NA	-113.962	NA
462	23	3	24.995	11.521	0	2	93	0.667	0.663	NA	0.062	NA	-90	23.962
463	23	4	24.872	11.336	0	2	65	0.889	0.881	NA	0.222	NA	-123.69	-33.69
464	23	5	25.302	11.582	0	2	83	1.385	0.557	NA	0.496	NA	29.745	153.435
465	23	6	25.179	11.09	0	2	83	1.893	1.048	NA	0.507	NA	-104.036	-133.781
466	23	7	25.056	11.151	0	2	83	2.03	1.002	NA	0.138	NA	153.435	-102.529
467	23	8	24.995	10.905	0	2	46	2.284	1.255	NA	0.254	NA	-104.036	102.529
468	23	9	24.995	10.905	0	2	37	2.284	1.255	NA	0	NA	0	104.036
469	23	10	24.81	11.09	0	2	18	2.545	1.131	NA	0.261	NA	135	135
470	23	11	24.748	10.967	0	2	74	2.683	1.268	NA	0.138	NA	-116.565	108.435
471	23	12	24.872	10.782	0	2	74	2.904	1.403	NA	0.222	NA	-56.31	60.255
472	23	13	24.933	10.967	0	2	93	3.099	1.209	NA	0.195	NA	71.565	127.875
473	23	14	24.687	10.967	0	2	37	3.345	1.293	NA	0.246	NA	180	108.435
474	23	15	24.933	10.905	0	2	121	3.599	1.268	NA	0.254	NA	-14.036	165.964
475	23	16	24.625	10.659	0	2	46	3.993	1.6	NA	0.394	NA	-141.34	-127.304
476	23	17	24.933	10.721	0	2	149	4.306	1.448	NA	0.314	NA	11.31	152.65
477	23	18	25.179	10.598	0	2	46	4.582	1.539	NA	0.275	NA	-26.565	-37.875
478	23	19	24.748	10.598	0	2	65	5.012	1.615	NA	0.431	NA	180	-153.435
479	23	20	24.687	10.721	0	2	102	5.15	1.52	NA	0.138	NA	116.565	-63.435
480	23	21	24.687	10.536	0	2	27	5.334	1.693	NA	0.185	NA	-90	153.435
481	23	22	24.133	10.167	0	2	93	6	2.259	NA	0.665	NA	-146.31	-56.31
482	23	23	23.579	10.105	0	2	111	6.557	2.623	NA	0.557	NA	-173.66	-27.35
483	23	24	23.826	10.105	0	2	55	6.803	2.475	NA	0.246	NA	0	173.66
484	23	25	23.579	10.105	0	2	121	7.049	2.623	NA	0.246	NA	180	180
485	23	26	23.764	10.167	0	2	139	7.244	2.461	NA	0.195	NA	18.435	-161.565
486	23	27	23.887	10.229	0	2	65	7.381	2.339	NA	0.138	NA	26.565	8.13
487	23	28	23.826	10.044	0	2	177	7.576	2.526	NA	0.195	NA	-108.435	-135
488	23	29	24.133	10.044	0	2	83	7.883	2.367	NA	0.308	NA	0	108.435
489	23	30	24.133	10.044	0	2	55	7.883	2.367	NA	0	NA	0	0
490	23	31	23.21	10.598	0	2	121	8.96	2.547	NA	1.076	NA	149.036	149.036
491	24	1	18.904	14.166	0	2	139	0	0	NA	NA	NA	NA	NA
492	24	2	18.904	14.474	0	2	158	0.308	0.308	NA	0.308	NA	90	NA
493	24	3	18.904	14.474	0	2	255	0.308	0.308	NA	0	NA	0	-90
494	24	4	19.15	15.397	0	2	255	1.263	1.255	NA	0.955	NA	75.069	75.069
495	24	5	19.334	15.581	0	2	255	1.524	1.479	NA	0.261	NA	45	-30.069
496	24	6	19.273	15.274	0	2	255	1.837	1.167	NA	0.314	NA	-101.31	-146.31
497	24	7	19.273	15.027	0	2	255	2.084	0.937	NA	0.246	NA	-90	11.31
498	24	8	19.273	15.397	0	2	195	2.453	1.285	NA	0.369	NA	90	180
499	24	9	19.273	15.397	0	2	223	2.453	1.285	NA	0	NA	0	-90
500	24	10	19.273	15.151	0	2	139	2.699	1.051	NA	0.246	NA	-90	-90
501	24	11	19.334	15.089	0	2	93	2.786	1.018	NA	0.087	NA	-45	45
502	24	12	19.519	15.458	0	2	130	3.199	1.431	NA	0.413	NA	63.435	108.435
503	24	13	19.519	15.458	0	2	167	3.199	1.431	NA	0	NA	0	-63.435
504	25	1	18.904	14.474	0	2	139	0	0	NA	NA	NA	NA	NA
505	25	2	18.719	13.612	0	2	74	0.881	0.881	NA	0.881	NA	-102.095	NA
506	25	3	18.596	13.489	0	2	46	1.055	1.031	NA	0.174	NA	-135	-32.905
507	25	4	18.473	13.428	0	2	55	1.192	1.131	NA	0.138	NA	-153.435	-18.435
508	25	5	18.904	13.428	0	2	55	1.623	1.046	NA	0.431	NA	0	153.435
509	25	6	18.719	13.489	0	2	46	1.818	1.002	NA	0.195	NA	161.565	161.565
510	25	7	18.657	13.12	0	2	18	2.192	1.376	NA	0.374	NA	-99.462	98.973
511	26	1	20.38	13.797	0	2	37	0	0	NA	NA	NA	NA	NA
512	26	2	20.442	12.936	0	2	18	0.864	0.864	NA	0.864	NA	-85.914	NA
513	26	3	20.872	11.951	0	2	74	1.938	1.91	NA	1.074	NA	-66.371	19.544
514	26	4	21.118	11.521	0	2	55	2.434	2.393	NA	0.496	NA	-60.255	6.116
515	26	5	20.934	11.336	0	2	9	2.695	2.523	NA	0.261	NA	-135	-74.745
516	26	6	21.426	12.505	0	2	37	3.963	1.662	NA	1.268	NA	67.166	-157.834
517	26	7	21.242	12.32	0	2	46	4.224	1.709	NA	0.261	NA	-135	157.834
518	26	8	21.365	11.274	0	2	27	5.278	2.708	NA	1.053	NA	-83.29	51.71
519	26	9	21.18	10.782	0	2	102	5.803	3.119	NA	0.526	NA	-110.556	-27.266
520	26	10	21.426	10.905	0	2	55	6.078	3.075	NA	0.275	NA	26.565	137.121
521	26	11	21.426	10.905	0	2	55	6.078	3.075	NA	0	NA	0	-26.565
522	26	12	21.611	10.844	0	2	27	6.273	3.199	NA	0.195	NA	-18.435	-18.435
523	26	13	21.488	10.844	0	2	27	6.396	3.154	NA	0.123	NA	180	-161.565
524	26	14	21.426	10.905	0	2	27	6.483	3.075	NA	0.087	NA	135	-45
525	26	15	21.426	11.459	0	2	121	7.037	2.561	NA	0.554	NA	90	-45
526	26	16	21.426	11.459	0	2	83	7.037	2.561	NA	0	NA	0	-90
527	26	17	21.365	11.705	0	2	55	7.29	2.312	NA	0.254	NA	104.036	104.036
