Nr	TID	PID	x [micron]	y [micron]	t [sec]	c [idx]	I [val]	Len [micron]	D2S [micron]	D2R [micron]	D2P [micron]	v [micron/sec]	? [deg]	?? [deg]
1	1	1	18.848	18.286	0	2	149	0	0	NA	NA	NA	NA	NA
2	1	2	18.942	18.192	0	2	74	0.133	0.133	NA	0.133	NA	-45	NA
3	1	3	18.942	18.052	0	2	158	0.273	0.252	NA	0.141	NA	-90	-45
4	1	4	18.989	18.099	0	2	83	0.339	0.234	NA	0.066	NA	45	135
5	1	5	19.176	18.427	0	2	102	0.717	0.357	NA	0.378	NA	60.255	15.255
6	1	6	19.13	18.474	0	2	167	0.783	0.338	NA	0.066	NA	135	74.745
7	1	7	19.223	18.427	0	2	130	0.888	0.4	NA	0.105	NA	-26.565	-161.565
8	1	8	19.223	18.427	0	2	83	0.888	0.4	NA	0	NA	0	26.565
9	1	9	19.411	18.286	0	2	102	1.122	0.562	NA	0.234	NA	-36.87	-36.87
10	1	10	19.598	18.146	0	2	37	1.357	0.763	NA	0.234	NA	-36.87	0
11	1	11	19.504	18.192	0	2	177	1.462	0.663	NA	0.105	NA	153.435	-169.695
12	1	12	19.504	18.192	0	2	46	1.462	0.663	NA	0	NA	0	-153.435
13	1	13	19.504	18.192	0	2	111	1.462	0.663	NA	0	NA	0	0
14	1	14	19.504	18.192	0	2	65	1.462	0.663	NA	0	NA	0	0
15	1	15	19.504	18.192	0	2	55	1.462	0.663	NA	0	NA	0	0
16	1	16	19.551	18.192	0	2	37	1.508	0.709	NA	0.047	NA	0	0
17	1	17	19.176	18.286	0	2	46	1.895	0.328	NA	0.386	NA	165.964	165.964
18	1	18	19.036	18.474	0	2	102	2.129	0.265	NA	0.234	NA	126.87	-39.094
19	1	19	19.176	18.146	0	2	37	2.486	0.357	NA	0.357	NA	-66.801	166.329
20	1	20	18.333	18.614	0	2	83	3.451	0.611	NA	0.965	NA	150.945	-142.253
21	1	21	18.474	18.708	0	2	55	3.62	0.564	NA	0.169	NA	33.69	-117.255
22	1	22	18.052	18.708	0	2	27	4.041	0.901	NA	0.422	NA	180	146.31
23	1	23	18.052	18.708	0	2	55	4.041	0.901	NA	0	NA	0	-180
24	1	24	17.958	18.755	0	2	27	4.146	1.006	NA	0.105	NA	153.435	153.435
25	1	25	17.958	18.755	0	2	37	4.146	1.006	NA	0	NA	0	-153.435
26	1	26	18.239	18.661	0	2	65	4.443	0.715	NA	0.296	NA	-18.435	-18.435
27	1	27	18.38	18.661	0	2	27	4.583	0.6	NA	0.141	NA	0	18.435
28	1	28	18.52	18.708	0	2	9	4.731	0.534	NA	0.148	NA	18.435	18.435
29	1	29	18.474	18.848	0	2	93	4.88	0.676	NA	0.148	NA	108.435	90
30	1	30	18.427	18.942	0	2	121	4.984	0.78	NA	0.105	NA	116.565	8.13
31	1	31	18.333	18.989	0	2	18	5.089	0.872	NA	0.105	NA	153.435	36.87
32	1	32	18.333	18.989	0	2	65	5.089	0.872	NA	0	NA	0	-153.435
33	1	33	18.333	19.036	0	2	18	5.136	0.91	NA	0.047	NA	90	90
34	1	34	18.427	18.989	0	2	46	5.241	0.82	NA	0.105	NA	-26.565	-116.565
35	1	35	18.474	18.661	0	2	0	5.572	0.53	NA	0.331	NA	-81.87	-55.305
36	1	36	18.895	18.427	0	2	27	6.054	0.148	NA	0.482	NA	-29.055	52.815
37	1	37	18.567	18.239	0	2	55	6.432	0.285	NA	0.378	NA	-150.255	-121.201
38	1	38	18.52	18.239	0	2	18	6.479	0.331	NA	0.047	NA	180	-29.745
39	1	39	18.239	18.286	0	2	74	6.764	0.609	NA	0.285	NA	170.538	-9.462
40	1	40	18.239	18.286	0	2	18	6.764	0.609	NA	0	NA	0	-170.538
41	1	41	18.239	18.239	0	2	18	6.811	0.611	NA	0.047	NA	-90	-90
42	1	42	18.474	18.192	0	2	55	7.05	0.386	NA	0.239	NA	-11.31	78.69
43	1	43	18.052	17.911	0	2	55	7.557	0.88	NA	0.507	NA	-146.31	-135
44	1	44	18.052	17.958	0	2	55	7.604	0.861	NA	0.047	NA	90	-123.69
45	1	45	18.052	17.255	0	2	37	8.306	1.303	NA	0.703	NA	-90	-180
46	1	46	18.052	17.255	0	2	55	8.306	1.303	NA	0	NA	0	90
47	1	47	18.052	17.255	0	2	74	8.306	1.303	NA	0	NA	0	0
48	1	48	18.239	17.349	0	2	37	8.516	1.118	NA	0.21	NA	26.565	26.565
49	1	49	18.239	17.818	0	2	65	8.985	0.769	NA	0.469	NA	90	63.435
50	1	50	18.192	17.396	0	2	65	9.409	1.106	NA	0.424	NA	-96.34	173.66
51	2	1	17.677	16.834	0	2	93	0	0	NA	NA	NA	NA	NA
52	2	2	17.818	16.459	0	2	37	0.4	0.4	NA	0.4	NA	-69.444	NA
53	2	3	17.911	16.131	0	2	83	0.741	0.741	NA	0.341	NA	-74.055	-4.611
54	2	4	18.146	16.271	0	2	18	1.015	0.732	NA	0.273	NA	30.964	105.018
55	2	5	18.052	15.85	0	2	37	1.447	1.053	NA	0.432	NA	-102.529	-133.493
56	2	6	18.099	15.756	0	2	37	1.551	1.157	NA	0.105	NA	-63.435	39.094
57	2	7	18.146	15.1	0	2	55	2.209	1.796	NA	0.658	NA	-85.914	-22.479
58	2	8	18.005	15.147	0	2	37	2.357	1.718	NA	0.148	NA	161.565	-112.521
59	2	9	18.005	15.1	0	2	65	2.404	1.764	NA	0.047	NA	-90	108.435
60	2	10	17.864	15.1	0	2	46	2.545	1.744	NA	0.141	NA	180	-90
61	2	11	17.864	14.772	0	2	9	2.873	2.07	NA	0.328	NA	-90	90
62	2	12	17.958	14.678	0	2	18	3.005	2.174	NA	0.133	NA	-45	45
63	2	13	17.583	14.584	0	2	18	3.392	2.251	NA	0.386	NA	-165.964	-120.964
64	3	1	23.019	26.393	0	2	46	0	0	NA	NA	NA	NA	NA
65	3	2	22.925	26.393	0	2	55	0.094	0.094	NA	0.094	NA	180	NA
66	3	3	22.972	25.971	0	2	167	0.518	0.424	NA	0.424	NA	-83.66	96.34
67	3	4	23.159	25.971	0	2	37	0.705	0.445	NA	0.187	NA	0	83.66
68	3	5	22.972	26.158	0	2	9	0.971	0.239	NA	0.265	NA	135	135
69	3	6	22.785	26.158	0	2	9	1.158	0.331	NA	0.187	NA	180	45
70	3	7	22.878	26.252	0	2	111	1.29	0.199	NA	0.133	NA	45	-135
71	3	8	22.878	25.924	0	2	74	1.618	0.489	NA	0.328	NA	-90	-135
72	3	9	23.019	25.643	0	2	65	1.933	0.75	NA	0.314	NA	-63.435	26.565
73	3	10	22.785	25.643	0	2	18	2.167	0.785	NA	0.234	NA	180	-116.565
74	3	11	23.487	25.362	0	2	27	2.924	1.132	NA	0.757	NA	-21.801	158.199
75	3	12	23.3	25.362	0	2	27	3.112	1.069	NA	0.187	NA	180	-158.199
76	3	13	23.019	25.362	0	2	27	3.393	1.031	NA	0.281	NA	180	0
77	3	14	22.55	25.362	0	2	93	3.861	1.132	NA	0.469	NA	180	0
78	3	15	22.785	25.409	0	2	74	4.1	1.012	NA	0.239	NA	11.31	-168.69
79	3	16	22.878	25.315	0	2	93	4.233	1.087	NA	0.133	NA	-45	-56.31
80	3	17	22.691	25.221	0	2	177	4.442	1.216	NA	0.21	NA	-153.435	-108.435
81	3	18	22.644	25.362	0	2	37	4.59	1.097	NA	0.148	NA	108.435	-98.13
82	3	19	21.426	25.362	0	2	27	5.809	1.898	NA	1.218	NA	180	71.565
83	4	1	19.551	26.252	0	2	55	0	0	NA	NA	NA	NA	NA
84	4	2	19.786	26.252	0	2	65	0.234	0.234	NA	0.234	NA	0	NA
85	4	3	19.879	26.346	0	2	27	0.367	0.341	NA	0.133	NA	45	45
86	4	4	20.16	25.83	0	2	27	0.954	0.741	NA	0.587	NA	-61.39	-106.39
87	4	5	20.582	26.018	0	2	37	1.415	1.057	NA	0.461	NA	23.962	85.352
88	4	6	20.395	25.971	0	2	46	1.609	0.889	NA	0.193	NA	-165.964	170.074
89	5	1	24.097	18.661	0	2	65	0	0	NA	NA	NA	NA	NA
90	5	2	24.097	18.661	0	2	46	0	0	NA	0	NA	0	NA
91	5	3	24.05	18.614	0	2	83	0.066	0.066	NA	0.066	NA	-135	-135
92	5	4	24.471	18.333	0	2	46	0.573	0.498	NA	0.507	NA	-33.69	101.31
93	5	5	24.659	18.192	0	2	37	0.807	0.732	NA	0.234	NA	-36.87	-3.18
94	5	6	24.893	17.818	0	2	74	1.249	1.16	NA	0.442	NA	-57.995	-21.125
95	5	7	24.893	17.818	0	2	27	1.249	1.16	NA	0	NA	0	57.995
96	5	8	25.596	17.302	0	2	27	2.121	2.024	NA	0.872	NA	-36.254	-36.254
97	5	9	25.502	17.724	0	2	37	2.553	1.689	NA	0.432	NA	102.529	138.783
98	6	1	28.267	17.724	0	2	74	0	0	NA	NA	NA	NA	NA
99	6	2	28.173	17.536	0	2	37	0.21	0.21	NA	0.21	NA	-116.565	NA
100	6	3	27.751	18.005	0	2	65	0.84	0.587	NA	0.63	NA	131.987	-111.448
101	6	4	28.033	17.583	0	2	46	1.347	0.273	NA	0.507	NA	-56.31	171.703
102	6	5	27.986	17.49	0	2	121	1.452	0.366	NA	0.105	NA	-116.565	-60.255
103	6	6	27.798	17.49	0	2	83	1.639	0.524	NA	0.187	NA	180	-63.435
104	6	7	27.611	17.396	0	2	55	1.849	0.733	NA	0.21	NA	-153.435	26.565
105	6	8	27.611	17.162	0	2	83	2.083	0.864	NA	0.234	NA	-90	63.435
106	6	9	27.611	17.021	0	2	18	2.223	0.961	NA	0.141	NA	-90	0
107	6	10	27.47	16.88	0	2	93	2.422	1.16	NA	0.199	NA	-135	-45
108	6	11	27.095	16.88	0	2	83	2.797	1.443	NA	0.375	NA	180	-45
109	6	12	26.814	16.365	0	2	18	3.384	1.989	NA	0.587	NA	-118.61	61.39
110	6	13	26.58	16.974	0	2	130	4.037	1.846	NA	0.653	NA	111.038	-130.352
111	6	14	26.627	17.068	0	2	102	4.142	1.766	NA	0.105	NA	63.435	-47.603
112	6	15	26.627	17.115	0	2	55	4.188	1.749	NA	0.047	NA	90	26.565
113	6	16	26.018	16.74	0	2	83	4.904	2.455	NA	0.715	NA	-148.392	121.608
114	6	17	27.002	16.74	0	2	55	5.888	1.603	NA	0.984	NA	0	148.392
115	6	18	27.189	16.787	0	2	37	6.081	1.428	NA	0.193	NA	14.036	14.036
116	6	19	26.627	16.74	0	2	18	6.645	1.913	NA	0.564	NA	-175.236	170.727
117	6	20	26.252	16.365	0	2	74	7.175	2.43	NA	0.53	NA	-135	40.236
118	6	21	26.205	16.084	0	2	18	7.46	2.634	NA	0.285	NA	-99.462	35.538
119	6	22	26.158	15.943	0	2	9	7.609	2.76	NA	0.148	NA	-108.435	-8.973
120	6	23	25.69	15.896	0	2	55	8.079	3.159	NA	0.471	NA	-174.289	-65.854
121	6	24	26.111	15.428	0	2	27	8.71	3.149	NA	0.63	NA	-48.013	126.277
122	6	25	26.439	14.959	0	2	0	9.282	3.314	NA	0.572	NA	-55.008	-6.995
123	6	26	26.205	15.1	0	2	46	9.555	3.337	NA	0.273	NA	149.036	-155.956
124	6	27	25.924	15.381	0	2	0	9.953	3.313	NA	0.398	NA	135	-14.036
125	6	28	25.783	15.85	0	2	18	10.442	3.111	NA	0.489	NA	106.699	-28.301
126	7	1	28.876	17.162	0	2	121	0	0	NA	NA	NA	NA	NA
127	7	2	28.923	17.115	0	2	167	0.066	0.066	NA	0.066	NA	-45	NA
128	7	3	28.361	17.443	0	2	195	0.717	0.587	NA	0.651	NA	149.744	-165.256
129	7	4	28.314	17.302	0	2	65	0.865	0.58	NA	0.148	NA	-108.435	101.821
130	7	5	28.501	17.302	0	2	186	1.053	0.4	NA	0.187	NA	0	108.435
131	7	6	28.735	17.349	0	2	149	1.292	0.234	NA	0.239	NA	11.31	11.31
132	7	7	28.735	17.068	0	2	121	1.573	0.169	NA	0.281	NA	-90	-101.31
133	7	8	28.595	17.115	0	2	139	1.721	0.285	NA	0.148	NA	161.565	-108.435
134	7	9	28.595	16.646	0	2	111	2.19	0.587	NA	0.469	NA	-90	108.435
135	7	10	28.595	16.787	0	2	167	2.33	0.469	NA	0.141	NA	90	180
136	7	11	28.501	16.178	0	2	111	2.947	1.053	NA	0.616	NA	-98.746	171.254
137	7	12	28.407	16.412	0	2	111	3.199	0.884	NA	0.252	NA	111.801	-149.452
138	7	13	28.361	16.88	0	2	37	3.67	0.587	NA	0.471	NA	95.711	-16.091
139	7	14	28.314	16.412	0	2	102	4.141	0.937	NA	0.471	NA	-95.711	168.579
140	7	15	28.642	16.646	0	2	83	4.544	0.566	NA	0.403	NA	35.538	131.248
141	7	16	28.595	16.646	0	2	27	4.591	0.587	NA	0.047	NA	180	144.462
142	7	17	28.689	16.646	0	2	37	4.684	0.548	NA	0.094	NA	0	-180
143	7	18	28.829	16.646	0	2	55	4.825	0.518	NA	0.141	NA	0	0
144	7	19	28.876	16.693	0	2	27	4.891	0.469	NA	0.066	NA	45	45
145	7	20	28.782	16.178	0	2	46	5.415	0.988	NA	0.524	NA	-100.305	-145.305
146	7	21	28.829	16.131	0	2	46	5.481	1.032	NA	0.066	NA	-45	55.305
147	7	22	28.735	16.084	0	2	55	5.586	1.087	NA	0.105	NA	-153.435	-108.435
148	7	23	28.501	16.037	0	2	37	5.825	1.185	NA	0.239	NA	-168.69	-15.255
149	7	24	28.595	15.568	0	2	27	6.303	1.618	NA	0.478	NA	-78.69	90
150	7	25	28.595	15.709	0	2	18	6.444	1.48	NA	0.141	NA	90	168.69
151	7	26	28.548	15.756	0	2	9	6.51	1.443	NA	0.066	NA	135	45
152	7	27	28.454	15.803	0	2	46	6.615	1.423	NA	0.105	NA	153.435	18.435
153	7	28	28.454	15.803	0	2	27	6.615	1.423	NA	0	NA	0	-153.435
154	7	29	28.548	15.662	0	2	27	6.783	1.535	NA	0.169	NA	-56.31	-56.31
155	7	30	28.501	15.709	0	2	55	6.85	1.5	NA	0.066	NA	135	-168.69
156	7	31	28.454	15.662	0	2	9	6.916	1.558	NA	0.066	NA	-135	90
157	7	32	28.267	15.709	0	2	27	7.109	1.575	NA	0.193	NA	165.964	-59.036
158	7	33	28.126	15.99	0	2	18	7.424	1.391	NA	0.314	NA	116.565	-49.399
159	7	34	28.361	16.084	0	2	46	7.676	1.195	NA	0.252	NA	21.801	-94.764
160	7	35	28.267	15.896	0	2	27	7.885	1.404	NA	0.21	NA	-116.565	-138.366
161	7	36	28.126	16.271	0	2	0	8.286	1.164	NA	0.4	NA	110.556	-132.879
162	7	37	28.22	16.271	0	2	9	8.38	1.106	NA	0.094	NA	0	-110.556
163	7	38	28.22	16.037	0	2	9	8.614	1.302	NA	0.234	NA	-90	-90
164	7	39	28.454	15.615	0	2	18	9.096	1.603	NA	0.482	NA	-60.945	29.055
165	7	40	28.173	15.615	0	2	0	9.377	1.699	NA	0.281	NA	180	-119.055
166	8	1	29.532	17.958	0	2	121	0	0	NA	NA	NA	NA	NA
167	8	2	29.204	18.192	0	2	65	0.403	0.403	NA	0.403	NA	144.462	NA
168	8	3	29.391	17.911	0	2	46	0.741	0.148	NA	0.338	NA	-56.31	159.228
169	8	4	29.391	17.911	0	2	55	0.741	0.148	NA	0	NA	0	56.31
170	8	5	29.579	18.333	0	2	55	1.202	0.378	NA	0.461	NA	66.038	66.038
171	8	6	29.485	18.38	0	2	46	1.307	0.424	NA	0.105	NA	153.435	87.397
172	8	7	29.391	18.427	0	2	27	1.412	0.489	NA	0.105	NA	153.435	0
173	8	8	29.157	19.083	0	2	0	2.109	1.185	NA	0.697	NA	109.654	-43.781
174	8	9	28.829	19.551	0	2	18	2.681	1.741	NA	0.572	NA	124.992	15.338
175	8	10	28.923	19.411	0	2	9	2.85	1.575	NA	0.169	NA	-56.31	178.698
176	8	11	28.923	19.411	0	2	9	2.85	1.575	NA	0	NA	0	56.31
177	8	12	28.97	19.645	0	2	9	3.088	1.778	NA	0.239	NA	78.69	78.69
178	8	13	29.251	18.942	0	2	27	3.845	1.023	NA	0.757	NA	-68.199	-146.889
179	8	14	29.438	18.942	0	2	0	4.033	0.988	NA	0.187	NA	0	68.199
180	8	15	28.501	18.427	0	2	18	5.102	1.132	NA	1.07	NA	-151.189	-151.189
181	8	16	29.204	17.911	0	2	27	5.974	0.331	NA	0.872	NA	-36.254	114.935
182	8	17	29.438	17.63	0	2	37	6.34	0.341	NA	0.366	NA	-50.194	-13.941
183	8	18	29.298	17.864	0	2	37	6.613	0.252	NA	0.273	NA	120.964	171.158
184	8	19	29.298	17.864	0	2	46	6.613	0.252	NA	0	NA	0	-120.964
185	8	20	29.298	17.911	0	2	18	6.66	0.239	NA	0.047	NA	90	90
186	8	21	29.251	17.818	0	2	27	6.765	0.314	NA	0.105	NA	-116.565	153.435
187	8	22	29.766	18.286	0	2	37	7.461	0.403	NA	0.697	NA	42.274	158.839
188	8	23	29.766	18.614	0	2	0	7.789	0.697	NA	0.328	NA	90	47.726
189	9	1	22.691	18.895	0	2	65	0	0	NA	NA	NA	NA	NA
190	9	2	22.738	18.848	0	2	46	0.066	0.066	NA	0.066	NA	-45	NA
191	9	3	22.738	18.848	0	2	74	0.066	0.066	NA	0	NA	0	45
192	9	4	22.597	18.942	0	2	121	0.235	0.105	NA	0.169	NA	146.31	146.31
193	9	5	22.597	18.942	0	2	55	0.235	0.105	NA	0	NA	0	-146.31
194	9	6	22.644	18.989	0	2	102	0.301	0.105	NA	0.066	NA	45	45
195	9	7	22.644	18.989	0	2	121	0.301	0.105	NA	0	NA	0	-45
196	9	8	23.019	18.661	0	2	74	0.8	0.403	NA	0.498	NA	-41.186	-41.186
197	9	9	23.253	18.474	0	2	0	1.1	0.703	NA	0.3	NA	-38.66	2.526
198	9	10	23.441	18.192	0	2	37	1.438	1.028	NA	0.338	NA	-56.31	-17.65
199	9	11	23.441	18.239	0	2	83	1.484	0.996	NA	0.047	NA	90	146.31
200	9	12	23.441	18.239	0	2	46	1.484	0.996	NA	0	NA	0	-90
201	9	13	23.394	18.38	0	2	46	1.633	0.872	NA	0.148	NA	108.435	108.435
202	10	1	24.003	18.942	0	2	37	0	0	NA	NA	NA	NA	NA
203	10	2	24.097	18.942	0	2	37	0.094	0.094	NA	0.094	NA	0	NA
204	10	3	24.097	18.942	0	2	18	0.094	0.094	NA	0	NA	0	0
205	10	4	23.347	18.942	0	2	27	0.843	0.656	NA	0.75	NA	180	180
206	10	5	23.441	19.036	0	2	55	0.976	0.57	NA	0.133	NA	45	-135
207	10	6	23.441	19.083	0	2	18	1.023	0.58	NA	0.047	NA	90	45
208	10	7	23.394	19.176	0	2	27	1.128	0.653	NA	0.105	NA	116.565	26.565
209	10	8	23.394	18.942	0	2	46	1.362	0.609	NA	0.234	NA	-90	153.435
210	10	9	23.394	18.942	0	2	65	1.362	0.609	NA	0	NA	0	90
211	10	10	23.394	18.942	0	2	46	1.362	0.609	NA	0	NA	0	0
212	10	11	23.675	19.176	0	2	27	1.728	0.403	NA	0.366	NA	39.806	39.806
213	10	12	23.815	18.848	0	2	37	2.085	0.21	NA	0.357	NA	-66.801	-106.607
214	10	13	23.956	18.567	0	2	46	2.399	0.378	NA	0.314	NA	-63.435	3.366
215	10	14	23.956	18.567	0	2	27	2.399	0.378	NA	0	NA	0	63.435
216	10	15	23.347	18.895	0	2	93	3.091	0.658	NA	0.692	NA	151.699	151.699
217	10	16	22.972	18.802	0	2	18	3.477	1.04	NA	0.386	NA	-165.964	42.337
218	10	17	22.644	18.474	0	2	93	3.941	1.437	NA	0.464	NA	-135	30.964
219	10	18	22.691	18.474	0	2	121	3.988	1.393	NA	0.047	NA	0	135
220	10	19	22.691	18.567	0	2	46	4.082	1.365	NA	0.094	NA	90	90
221	10	20	22.691	18.661	0	2	46	4.175	1.342	NA	0.094	NA	90	0
222	10	21	22.597	18.661	0	2	121	4.269	1.434	NA	0.094	NA	180	90
223	10	22	22.597	18.708	0	2	102	4.316	1.425	NA	0.047	NA	90	-90
224	10	23	22.503	18.989	0	2	55	4.612	1.5	NA	0.296	NA	108.435	18.435
225	10	24	22.503	19.083	0	2	27	4.706	1.506	NA	0.094	NA	90	-18.435
226	10	25	22.738	18.989	0	2	83	4.958	1.266	NA	0.252	NA	-21.801	-111.801
227	10	26	23.487	18.848	0	2	27	5.721	0.524	NA	0.763	NA	-10.62	11.182
228	10	27	22.738	18.942	0	2	9	6.477	1.265	NA	0.756	NA	172.875	-176.505
229	10	28	23.441	18.661	0	2	46	7.234	0.629	NA	0.757	NA	-21.801	165.324
230	10	29	24.003	18.333	0	2	37	7.885	0.609	NA	0.651	NA	-30.256	-8.455
231	10	30	24.003	18.38	0	2	9	7.932	0.562	NA	0.047	NA	90	120.256
232	10	31	23.862	18.38	0	2	46	8.072	0.58	NA	0.141	NA	180	90
233	10	32	24.378	17.818	0	2	37	8.835	1.185	NA	0.763	NA	-47.49	132.51
234	10	33	24.518	17.349	0	2	27	9.324	1.674	NA	0.489	NA	-73.301	-25.811
235	10	34	24.659	17.536	0	2	27	9.558	1.551	NA	0.234	NA	53.13	126.431
236	10	35	25.127	17.443	0	2	18	10.036	1.874	NA	0.478	NA	-11.31	-64.44
237	10	36	24.94	17.396	0	2	46	10.23	1.808	NA	0.193	NA	-165.964	-154.654
238	10	37	25.081	17.115	0	2	46	10.544	2.122	NA	0.314	NA	-63.435	102.529
239	10	38	25.409	16.693	0	2	55	11.078	2.652	NA	0.534	NA	-52.125	11.31
240	10	39	25.69	16.459	0	2	18	11.444	3.002	NA	0.366	NA	-39.806	12.319
241	11	1	23.675	11.82	0	2	65	0	0	NA	NA	NA	NA	NA
242	11	2	23.956	11.726	0	2	46	0.296	0.296	NA	0.296	NA	-18.435	NA
243	11	3	23.815	11.726	0	2	65	0.437	0.169	NA	0.141	NA	180	-161.565
244	11	4	24.097	11.586	0	2	37	0.751	0.482	NA	0.314	NA	-26.565	153.435
245	11	5	23.675	11.492	0	2	27	1.183	0.328	NA	0.432	NA	-167.471	-140.906
246	11	6	23.675	11.539	0	2	74	1.23	0.281	NA	0.047	NA	90	-102.529
247	11	7	24.003	11.773	0	2	65	1.633	0.331	NA	0.403	NA	35.538	-54.462
248	11	8	23.347	11.914	0	2	27	2.304	0.341	NA	0.671	NA	167.905	132.368
249	11	9	22.878	12.148	0	2	46	2.828	0.861	NA	0.524	NA	153.435	-14.47
250	11	10	24.003	11.773	0	2	37	4.013	0.331	NA	1.185	NA	-18.435	-171.87
251	11	11	23.628	11.867	0	2	0	4.4	0.066	NA	0.386	NA	165.964	-175.601
252	11	12	22.878	11.96	0	2	83	5.155	0.809	NA	0.756	NA	172.875	6.911
253	11	13	22.878	11.914	0	2	9	5.202	0.802	NA	0.047	NA	-90	97.125
254	11	14	22.925	11.726	0	2	27	5.395	0.756	NA	0.193	NA	-75.964	14.036
255	11	15	22.878	11.96	0	2	83	5.634	0.809	NA	0.239	NA	101.31	177.274
256	11	16	23.159	11.726	0	2	65	6	0.524	NA	0.366	NA	-39.806	-141.116
257	11	17	22.644	11.867	0	2	55	6.535	1.032	NA	0.534	NA	164.745	-155.45
258	11	18	22.691	11.679	0	2	65	6.728	0.994	NA	0.193	NA	-75.964	119.291
259	11	19	22.41	11.586	0	2	102	7.024	1.287	NA	0.296	NA	-161.565	-85.601
260	11	20	22.363	11.726	0	2	37	7.172	1.315	NA	0.148	NA	108.435	-90
261	11	21	22.878	11.632	0	2	37	7.696	0.818	NA	0.524	NA	-10.305	-118.74
262	11	22	22.831	11.726	0	2	9	7.801	0.849	NA	0.105	NA	116.565	126.87
263	11	23	22.691	11.632	0	2	9	7.97	1.002	NA	0.169	NA	-146.31	97.125
264	11	24	22.035	11.632	0	2	18	8.626	1.651	NA	0.656	NA	180	-33.69
265	11	25	22.269	11.445	0	2	18	8.926	1.455	NA	0.3	NA	-38.66	141.34
266	11	26	22.222	11.539	0	2	27	9.031	1.48	NA	0.105	NA	116.565	155.225
267	11	27	22.129	11.539	0	2	27	9.124	1.572	NA	0.094	NA	180	63.435
268	11	28	22.175	11.632	0	2	0	9.229	1.511	NA	0.105	NA	63.435	-116.565
269	11	29	22.644	11.445	0	2	18	9.734	1.097	NA	0.505	NA	-21.801	-85.236
270	11	30	23.066	11.398	0	2	27	10.158	0.741	NA	0.424	NA	-6.34	15.461
271	11	31	23.206	11.164	0	2	18	10.431	0.806	NA	0.273	NA	-59.036	-52.696
272	11	32	23.675	11.211	0	2	27	10.902	0.609	NA	0.471	NA	5.711	64.747
273	11	33	24.003	11.258	0	2	46	11.234	0.651	NA	0.331	NA	8.13	2.42
274	11	34	23.815	11.773	0	2	18	11.782	0.148	NA	0.548	NA	109.983	101.853
275	11	35	23.534	11.773	0	2	37	12.063	0.148	NA	0.281	NA	180	70.017
276	11	36	23.769	11.679	0	2	46	12.316	0.169	NA	0.252	NA	-21.801	158.199
277	11	37	24.097	11.492	0	2	55	12.693	0.534	NA	0.378	NA	-29.745	-7.943
278	11	38	24.518	11.211	0	2	83	13.2	1.04	NA	0.507	NA	-33.69	-3.945
279	11	39	24.612	11.117	0	2	37	13.333	1.171	NA	0.133	NA	-45	-11.31
280	11	40	24.706	11.351	0	2	37	13.585	1.132	NA	0.252	NA	68.199	113.199
281	11	41	25.034	11.398	0	2	27	13.916	1.423	NA	0.331	NA	8.13	-60.068
282	11	42	24.753	11.726	0	2	55	14.348	1.082	NA	0.432	NA	130.601	122.471
283	11	43	24.659	11.773	0	2	46	14.453	0.985	NA	0.105	NA	153.435	22.834
284	11	44	24.846	11.586	0	2	37	14.718	1.195	NA	0.265	NA	-45	161.565
285	11	45	24.893	11.258	0	2	37	15.05	1.342	NA	0.331	NA	-81.87	-36.87
286	11	46	24.565	11.07	0	2	9	15.427	1.164	NA	0.378	NA	-150.255	-68.385
287	11	47	24.846	10.976	0	2	37	15.724	1.443	NA	0.296	NA	-18.435	131.82
288	11	48	24.799	10.976	0	2	46	15.771	1.406	NA	0.047	NA	180	-161.565
289	11	49	24.565	10.742	0	2	46	16.102	1.398	NA	0.331	NA	-135	45
290	11	50	24.659	10.742	0	2	27	16.196	1.459	NA	0.094	NA	0	135
291	12	1	26.533	14.912	0	2	55	0	0	NA	NA	NA	NA	NA
292	12	2	25.971	14.772	0	2	27	0.58	0.58	NA	0.58	NA	-165.964	NA
293	12	3	25.737	14.116	0	2	55	1.276	1.127	NA	0.697	NA	-109.654	56.31
294	12	4	25.034	13.319	0	2	83	2.339	2.188	NA	1.062	NA	-131.424	-21.77
295	12	5	25.081	13.319	0	2	102	2.385	2.156	NA	0.047	NA	0	131.424
296	12	6	24.893	13.132	0	2	65	2.65	2.421	NA	0.265	NA	-135	-135
297	12	7	25.034	12.57	0	2	9	3.23	2.782	NA	0.58	NA	-75.964	59.036
298	12	8	24.846	12.476	0	2	0	3.44	2.964	NA	0.21	NA	-153.435	-77.471
299	12	9	24.799	12.57	0	2	27	3.544	2.915	NA	0.105	NA	116.565	-90
300	12	10	24.753	12.57	0	2	55	3.591	2.943	NA	0.047	NA	180	63.435
301	12	11	24.753	12.57	0	2	27	3.591	2.943	NA	0	NA	0	-180
302	12	12	24.799	12.523	0	2	65	3.657	2.952	NA	0.066	NA	-45	-45
303	12	13	24.94	13.132	0	2	18	4.283	2.389	NA	0.625	NA	77.005	122.005
304	12	14	25.174	13.132	0	2	37	4.517	2.24	NA	0.234	NA	0	-77.005
305	12	15	25.362	14.069	0	2	27	5.473	1.443	NA	0.956	NA	78.69	78.69
306	12	16	25.409	13.507	0	2	0	6.037	1.8	NA	0.564	NA	-85.236	-163.926
307	12	17	25.362	13.507	0	2	37	6.084	1.83	NA	0.047	NA	180	-94.764
308	12	18	25.174	13.226	0	2	37	6.422	2.166	NA	0.338	NA	-123.69	56.31
309	12	19	24.893	12.523	0	2	27	7.179	2.898	NA	0.757	NA	-111.801	11.889
310	12	20	24.753	12.382	0	2	18	7.377	3.094	NA	0.199	NA	-135	-23.199
311	12	21	24.753	12.335	0	2	46	7.424	3.132	NA	0.047	NA	-90	45
312	12	22	24.893	12.523	0	2	46	7.659	2.898	NA	0.234	NA	53.13	143.13
313	12	23	25.034	12.616	0	2	18	7.828	2.742	NA	0.169	NA	33.69	-19.44
314	12	24	25.034	12.335	0	2	18	8.109	2.982	NA	0.281	NA	-90	-123.69
315	12	25	25.034	12.335	0	2	9	8.109	2.982	NA	0	NA	0	90
316	12	26	25.081	12.57	0	2	27	8.348	2.757	NA	0.239	NA	78.69	78.69
317	12	27	25.174	12.663	0	2	18	8.48	2.628	NA	0.133	NA	45	-33.69
318	12	28	24.893	12.616	0	2	9	8.765	2.822	NA	0.285	NA	-170.538	144.462
319	12	29	25.221	12.944	0	2	27	9.229	2.365	NA	0.464	NA	45	-144.462
320	12	30	24.987	12.991	0	2	37	9.468	2.466	NA	0.239	NA	168.69	123.69
321	12	31	25.081	12.57	0	2	0	9.9	2.757	NA	0.432	NA	-77.471	113.839
322	12	32	25.081	12.476	0	2	0	9.994	2.837	NA	0.094	NA	-90	-12.529
323	12	33	25.081	12.476	0	2	27	9.994	2.837	NA	0	NA	0	90
324	12	34	25.127	12.616	0	2	18	10.142	2.692	NA	0.148	NA	71.565	71.565
325	12	35	24.94	12.476	0	2	27	10.376	2.911	NA	0.234	NA	-143.13	145.305
326	12	36	24.799	12.851	0	2	37	10.777	2.694	NA	0.4	NA	110.556	-106.314
327	12	37	25.362	13.085	0	2	27	11.386	2.171	NA	0.609	NA	22.62	-87.936
328	12	38	25.268	13.085	0	2	18	11.479	2.223	NA	0.094	NA	180	157.38
329	12	39	25.315	13.179	0	2	9	11.584	2.119	NA	0.105	NA	63.435	-116.565
330	12	40	24.753	12.288	0	2	18	12.637	3.171	NA	1.053	NA	-122.276	174.289
331	12	41	24.987	12.382	0	2	9	12.889	2.965	NA	0.252	NA	21.801	144.077
332	12	42	25.081	12.101	0	2	9	13.186	3.165	NA	0.296	NA	-71.565	-93.366
333	12	43	25.034	12.288	0	2	18	13.379	3.022	NA	0.193	NA	104.036	175.601
334	12	44	25.127	12.242	0	2	18	13.484	3.018	NA	0.105	NA	-26.565	-130.601
335	12	45	25.221	12.57	0	2	37	13.825	2.685	NA	0.341	NA	74.055	100.62
336	12	46	25.268	12.382	0	2	9	14.018	2.829	NA	0.193	NA	-75.964	-150.018
337	13	1	27.142	15.756	0	2	255	0	0	NA	NA	NA	NA	NA
338	13	2	27.142	15.756	0	2	195	0	0	NA	0	NA	0	NA
339	13	3	27.142	15.709	0	2	255	0.047	0.047	NA	0.047	NA	-90	-90
340	13	4	26.861	15.85	0	2	130	0.361	0.296	NA	0.314	NA	153.435	-116.565
341	13	5	26.721	15.709	0	2	195	0.56	0.424	NA	0.199	NA	-135	71.565
342	13	6	26.908	15.662	0	2	255	0.753	0.252	NA	0.193	NA	-14.036	120.964
343	13	7	26.721	15.522	0	2	149	0.987	0.482	NA	0.234	NA	-143.13	-129.094
344	13	8	26.767	15.475	0	2	214	1.054	0.469	NA	0.066	NA	-45	98.13
345	13	9	26.861	15.428	0	2	186	1.159	0.432	NA	0.105	NA	-26.565	18.435
346	13	10	26.767	15.334	0	2	167	1.291	0.564	NA	0.133	NA	-135	-108.435
347	13	11	26.767	15.287	0	2	214	1.338	0.6	NA	0.047	NA	-90	45
348	13	12	27.095	14.959	0	2	102	1.802	0.798	NA	0.464	NA	-45	45
349	13	13	26.533	15.334	0	2	177	2.478	0.741	NA	0.676	NA	146.31	-168.69
350	13	14	26.346	15.381	0	2	158	2.671	0.88	NA	0.193	NA	165.964	19.654
351	13	15	26.814	15.24	0	2	74	3.16	0.611	NA	0.489	NA	-16.699	177.337
352	13	16	27.189	15.053	0	2	149	3.579	0.704	NA	0.419	NA	-26.565	-9.866
353	13	17	27.517	14.678	0	2	18	4.077	1.141	NA	0.498	NA	-48.814	-22.249
354	13	18	28.548	14.116	0	2	9	5.251	2.16	NA	1.174	NA	-28.61	20.204
355	13	19	28.548	14.069	0	2	9	5.298	2.196	NA	0.047	NA	-90	-61.39
356	13	20	28.735	13.882	0	2	55	5.563	2.46	NA	0.265	NA	-45	45
357	14	1	26.018	6.197	0	2	65	0	0	NA	NA	NA	NA	NA
358	14	2	24.565	6.525	0	2	46	1.489	1.489	NA	1.489	NA	167.276	NA
359	14	3	23.206	6.947	0	2	27	2.912	2.91	NA	1.423	NA	162.759	-4.517
360	14	4	20.863	8.915	0	2	158	5.972	5.827	NA	3.06	NA	139.97	-22.789
361	14	5	20.817	9.196	0	2	186	6.257	6.004	NA	0.285	NA	99.462	-40.507
362	14	6	20.91	9.196	0	2	111	6.35	5.923	NA	0.094	NA	0	-99.462
363	14	7	21.051	9.477	0	2	186	6.665	5.952	NA	0.314	NA	63.435	63.435
364	14	8	20.77	9.618	0	2	102	6.979	6.264	NA	0.314	NA	153.435	90
365	14	9	20.957	9.383	0	2	139	7.279	5.98	NA	0.3	NA	-51.34	155.225
366	14	10	20.817	9.711	0	2	102	7.636	6.277	NA	0.357	NA	113.199	164.539
367	14	11	21.004	9.805	0	2	121	7.846	6.177	NA	0.21	NA	26.565	-86.634
368	14	12	21.145	9.524	0	2	167	8.16	5.901	NA	0.314	NA	-63.435	-90
369	14	13	21.238	9.243	0	2	111	8.456	5.667	NA	0.296	NA	-71.565	-8.13
370	14	14	21.238	9.149	0	2	139	8.55	5.618	NA	0.094	NA	-90	-18.435
371	14	15	21.332	8.915	0	2	83	8.802	5.417	NA	0.252	NA	-68.199	21.801
372	14	16	21.379	8.774	0	2	37	8.95	5.307	NA	0.148	NA	-71.565	-3.366
373	14	17	21.191	8.868	0	2	55	9.16	5.516	NA	0.21	NA	153.435	-135
374	14	18	21.426	8.868	0	2	93	9.394	5.312	NA	0.234	NA	0	-153.435
375	14	19	21.379	8.54	0	2	111	9.726	5.197	NA	0.331	NA	-98.13	-98.13
376	14	20	21.285	8.493	0	2	27	9.83	5.26	NA	0.105	NA	-153.435	-55.305
377	14	21	21.145	8.399	0	2	65	9.999	5.348	NA	0.169	NA	-146.31	7.125
378	14	22	21.098	8.399	0	2	55	10.046	5.39	NA	0.047	NA	180	-33.69
379	14	23	21.051	8.446	0	2	37	10.113	5.452	NA	0.066	NA	135	-45
380	14	24	21.098	9.149	0	2	55	10.817	5.738	NA	0.704	NA	86.186	-48.814
381	14	25	21.098	9.008	0	2	74	10.958	5.667	NA	0.141	NA	-90	-176.186
382	14	26	21.004	8.727	0	2	37	11.254	5.616	NA	0.296	NA	-108.435	-18.435
383	14	27	20.629	8.962	0	2	27	11.696	6.056	NA	0.442	NA	147.995	-103.57
384	14	28	20.629	8.962	0	2	83	11.696	6.056	NA	0	NA	0	-147.995
385	14	29	20.723	9.055	0	2	83	11.828	6.017	NA	0.133	NA	45	45
386	14	30	20.77	9.008	0	2	74	11.895	5.954	NA	0.066	NA	-45	-90
387	14	31	20.535	9.055	0	2	74	12.134	6.183	NA	0.239	NA	168.69	-146.31
388	14	32	20.77	8.868	0	2	27	12.434	5.889	NA	0.3	NA	-38.66	152.65
389	14	33	20.535	8.868	0	2	46	12.668	6.098	NA	0.234	NA	180	-141.34
390	14	34	20.676	8.774	0	2	65	12.837	5.931	NA	0.169	NA	-33.69	146.31
391	14	35	20.207	9.149	0	2	27	13.437	6.517	NA	0.6	NA	141.34	175.03
392	14	36	20.488	8.868	0	2	27	13.835	6.14	NA	0.398	NA	-45	173.66
393	14	37	20.395	8.68	0	2	18	14.044	6.147	NA	0.21	NA	-116.565	-71.565
394	14	38	20.395	8.493	0	2	37	14.232	6.074	NA	0.187	NA	-90	26.565
395	14	39	20.301	8.399	0	2	0	14.364	6.126	NA	0.133	NA	-135	-45
396	14	40	20.348	8.024	0	2	18	14.742	5.957	NA	0.378	NA	-82.875	52.125
397	14	41	20.723	7.931	0	2	0	15.128	5.572	NA	0.386	NA	-14.036	68.839
398	15	1	19.223	11.773	0	2	46	0	0	NA	NA	NA	NA	NA
399	15	2	19.223	11.773	0	2	55	0	0	NA	0	NA	0	NA
400	15	3	19.13	11.914	0	2	74	0.169	0.169	NA	0.169	NA	123.69	123.69
401	15	4	19.13	11.914	0	2	139	0.169	0.169	NA	0	NA	0	-123.69
402	15	5	19.223	11.914	0	2	83	0.263	0.141	NA	0.094	NA	0	0
403	15	6	18.989	12.195	0	2	55	0.629	0.482	NA	0.366	NA	129.806	129.806
404	15	7	19.176	11.914	0	2	195	0.967	0.148	NA	0.338	NA	-56.31	173.884
405	15	8	19.176	11.914	0	2	102	0.967	0.148	NA	0	NA	0	56.31
406	15	9	19.13	11.914	0	2	83	1.013	0.169	NA	0.047	NA	180	180
407	15	10	19.13	11.914	0	2	65	1.013	0.169	NA	0	NA	0	-180
408	15	11	18.942	11.773	0	2	74	1.248	0.281	NA	0.234	NA	-143.13	-143.13
409	15	12	19.13	11.773	0	2	55	1.435	0.094	NA	0.187	NA	0	143.13
410	15	13	19.458	11.773	0	2	55	1.763	0.234	NA	0.328	NA	0	0
411	15	14	18.848	11.679	0	2	18	2.379	0.386	NA	0.616	NA	-171.254	-171.254
412	15	15	19.317	11.539	0	2	55	2.869	0.252	NA	0.489	NA	-16.699	154.555
413	15	16	19.504	11.211	0	2	55	3.246	0.629	NA	0.378	NA	-60.255	-43.556
414	15	17	19.551	11.211	0	2	37	3.293	0.651	NA	0.047	NA	0	60.255
415	15	18	19.645	11.211	0	2	18	3.387	0.703	NA	0.094	NA	0	0
416	15	19	19.832	11.211	0	2	111	3.574	0.829	NA	0.187	NA	0	0
417	15	20	19.973	10.836	0	2	37	3.975	1.2	NA	0.4	NA	-69.444	-69.444
418	15	21	19.973	10.976	0	2	55	4.115	1.094	NA	0.141	NA	90	159.444
419	15	22	19.551	11.164	0	2	65	4.577	0.692	NA	0.461	NA	156.038	66.038
420	15	23	19.551	11.164	0	2	46	4.577	0.692	NA	0	NA	0	-156.038
421	16	1	25.221	22.878	0	2	18	0	0	NA	NA	NA	NA	NA
422	16	2	24.706	23.581	0	2	37	0.872	0.872	NA	0.872	NA	126.254	NA
423	16	3	24.284	23.956	0	2	9	1.436	1.428	NA	0.564	NA	138.366	12.113
424	16	4	24.05	23.956	0	2	65	1.67	1.592	NA	0.234	NA	180	41.634
425	16	5	24.19	23.956	0	2	18	1.811	1.491	NA	0.141	NA	0	-180
426	16	6	24.331	24.003	0	2	37	1.959	1.434	NA	0.148	NA	18.435	18.435
427	16	7	24.143	23.956	0	2	55	2.152	1.524	NA	0.193	NA	-165.964	175.601
428	16	8	24.05	24.237	0	2	65	2.448	1.794	NA	0.296	NA	108.435	-85.601
429	16	9	23.956	24.471	0	2	83	2.701	2.034	NA	0.252	NA	111.801	3.366
430	16	10	23.722	24.518	0	2	55	2.94	2.222	NA	0.239	NA	168.69	56.889
431	16	11	23.815	24.518	0	2	37	3.033	2.16	NA	0.094	NA	0	-168.69
432	16	12	23.722	24.471	0	2	55	3.138	2.188	NA	0.105	NA	-153.435	-153.435
433	16	13	23.628	24.94	0	2	55	3.616	2.606	NA	0.478	NA	101.31	-105.255
434	16	14	23.722	24.987	0	2	37	3.721	2.587	NA	0.105	NA	26.565	-74.745
435	16	15	23.581	25.362	0	2	55	4.121	2.976	NA	0.4	NA	110.556	83.991
436	17	1	22.55	28.689	0	2	27	0	0	NA	NA	NA	NA	NA
437	17	2	23.581	28.361	0	2	18	1.082	1.082	NA	1.082	NA	-17.65	NA
438	17	3	23.769	28.361	0	2	18	1.269	1.262	NA	0.187	NA	0	17.65
439	17	4	24.003	28.267	0	2	27	1.522	1.513	NA	0.252	NA	-21.801	-21.801
440	17	5	24.378	28.126	0	2	9	1.922	1.912	NA	0.4	NA	-20.556	1.245
441	17	6	24.143	27.986	0	2	46	2.195	1.741	NA	0.273	NA	-149.036	-128.48
442	17	7	23.675	28.173	0	2	37	2.7	1.237	NA	0.505	NA	158.199	-52.765
443	17	8	23.675	28.314	0	2	18	2.84	1.185	NA	0.141	NA	90	-68.199
444	17	9	23.3	28.735	0	2	46	3.405	0.751	NA	0.564	NA	131.634	41.634
445	17	10	23.441	28.501	0	2	18	3.678	0.91	NA	0.273	NA	-59.036	169.33
446	17	11	23.253	28.267	0	2	102	3.978	0.82	NA	0.3	NA	-128.66	-69.624
447	17	12	23.581	27.751	0	2	46	4.589	1.393	NA	0.611	NA	-57.529	71.131
448	17	13	23.394	28.361	0	2	9	5.226	0.905	NA	0.637	NA	107.103	164.632
449	17	14	22.082	29.626	0	2	83	7.049	1.048	NA	1.823	NA	136.042	28.939
450	17	15	22.129	29.438	0	2	65	7.242	0.86	NA	0.193	NA	-75.964	147.995
451	17	16	22.363	29.391	0	2	18	7.481	0.727	NA	0.239	NA	-11.31	64.654
452	17	17	22.691	29.532	0	2	55	7.838	0.855	NA	0.357	NA	23.199	34.509
453	18	1	22.925	27.377	0	2	74	0	0	NA	NA	NA	NA	NA
454	18	2	22.644	27.423	0	2	37	0.285	0.285	NA	0.285	NA	170.538	NA
455	18	3	22.644	27.423	0	2	18	0.285	0.285	NA	0	NA	0	-170.538
456	18	4	22.41	27.892	0	2	55	0.809	0.729	NA	0.524	NA	116.565	116.565
457	18	5	22.457	27.517	0	2	9	1.187	0.489	NA	0.378	NA	-82.875	160.56
458	18	6	22.972	27.423	0	2	37	1.711	0.066	NA	0.524	NA	-10.305	72.57
459	18	7	23.113	28.079	0	2	9	2.381	0.727	NA	0.671	NA	77.905	88.21
460	18	8	23.394	28.079	0	2	0	2.663	0.845	NA	0.281	NA	0	-77.905
461	18	9	23.675	27.798	0	2	9	3.06	0.86	NA	0.398	NA	-45	-45
462	19	1	18.239	11.586	0	2	46	0	0	NA	NA	NA	NA	NA
463	19	2	17.208	12.476	0	2	65	1.362	1.362	NA	1.362	NA	139.185	NA
464	19	3	16.834	12.523	0	2	102	1.74	1.689	NA	0.378	NA	172.875	33.69
465	19	4	16.318	12.804	0	2	37	2.327	2.275	NA	0.587	NA	151.39	-21.485
466	19	5	16.318	12.944	0	2	18	2.468	2.353	NA	0.141	NA	90	-61.39
467	19	6	15.943	13.226	0	2	27	2.936	2.822	NA	0.469	NA	143.13	53.13
468	19	7	15.943	13.226	0	2	37	2.936	2.822	NA	0	NA	0	-143.13
469	19	8	15.756	13.226	0	2	27	3.124	2.976	NA	0.187	NA	180	180
470	19	9	15.475	13.366	0	2	37	3.438	3.288	NA	0.314	NA	153.435	-26.565
471	19	10	15.522	13.366	0	2	9	3.485	3.249	NA	0.047	NA	0	-153.435
472	19	11	15.006	13.6	0	2	18	4.051	3.81	NA	0.566	NA	155.556	155.556
473	19	12	15.1	13.6	0	2	27	4.145	3.73	NA	0.094	NA	0	-155.556
474	19	13	14.772	13.554	0	2	18	4.476	3.987	NA	0.331	NA	-171.87	-171.87
475	20	1	18.099	15.99	0	2	9	0	0	NA	NA	NA	NA	NA
476	20	2	17.536	15.943	0	2	27	0.564	0.564	NA	0.564	NA	-175.236	NA
477	20	3	17.536	15.99	0	2	37	0.611	0.562	NA	0.047	NA	90	-94.764
478	20	4	17.724	16.037	0	2	37	0.804	0.378	NA	0.193	NA	14.036	-75.964
479	20	5	18.005	16.037	0	2	0	1.085	0.105	NA	0.281	NA	0	-14.036
480	20	6	17.818	15.568	0	2	27	1.59	0.507	NA	0.505	NA	-111.801	-111.801
481	20	7	17.958	15.334	0	2	9	1.863	0.671	NA	0.273	NA	-59.036	52.765
482	20	8	17.958	15.334	0	2	9	1.863	0.671	NA	0	NA	0	59.036
483	20	9	17.958	15.334	0	2	37	1.863	0.671	NA	0	NA	0	0
484	20	10	17.958	15.287	0	2	9	1.91	0.717	NA	0.047	NA	-90	-90
485	20	11	18.052	15.475	0	2	37	2.12	0.518	NA	0.21	NA	63.435	153.435
486	20	12	18.146	15.381	0	2	0	2.252	0.611	NA	0.133	NA	-45	-108.435
487	20	13	18.333	15.475	0	2	27	2.462	0.566	NA	0.21	NA	26.565	71.565
488	20	14	18.614	15.522	0	2	9	2.747	0.697	NA	0.285	NA	9.462	-17.103
489	20	15	17.911	16.365	0	2	27	3.845	0.419	NA	1.098	NA	129.806	120.343
490	20	16	18.333	16.037	0	2	27	4.379	0.239	NA	0.534	NA	-37.875	-167.681
491	20	17	18.333	16.318	0	2	37	4.66	0.403	NA	0.281	NA	90	127.875
492	20	18	18.52	16.459	0	2	18	4.894	0.63	NA	0.234	NA	36.87	-53.13
493	21	1	23.113	27.283	0	2	37	0	0	NA	NA	NA	NA	NA
494	21	2	23.066	27.283	0	2	9	0.047	0.047	NA	0.047	NA	180	NA
495	21	3	22.738	27.611	0	2	37	0.511	0.498	NA	0.464	NA	135	-45
496	21	4	22.738	27.658	0	2	27	0.558	0.53	NA	0.047	NA	90	-45
497	21	5	22.785	28.079	0	2	0	0.982	0.861	NA	0.424	NA	83.66	-6.34
498	21	6	22.644	28.829	0	2	0	1.745	1.616	NA	0.763	NA	100.62	16.96
499	21	7	23.019	29.298	0	2	9	2.345	2.017	NA	0.6	NA	51.34	-49.279
500	21	8	23.253	29.391	0	2	65	2.597	2.113	NA	0.252	NA	21.801	-29.539
501	21	9	22.831	29.579	0	2	9	3.059	2.313	NA	0.461	NA	156.038	134.236
502	21	10	22.785	29.579	0	2	27	3.105	2.319	NA	0.047	NA	180	23.962
503	21	11	22.691	29.673	0	2	18	3.238	2.427	NA	0.133	NA	135	-45
504	21	12	22.878	29.673	0	2	18	3.425	2.401	NA	0.187	NA	0	-135
505	21	13	22.691	29.673	0	2	9	3.613	2.427	NA	0.187	NA	180	180
506	21	14	22.55	29.438	0	2	9	3.886	2.228	NA	0.273	NA	-120.964	59.036
507	21	15	22.503	29.438	0	2	0	3.933	2.24	NA	0.047	NA	180	-59.036
508	21	16	22.457	29.579	0	2	9	4.081	2.388	NA	0.148	NA	108.435	-71.565
509	21	17	22.597	29.345	0	2	18	4.354	2.125	NA	0.273	NA	-59.036	-167.471
510	21	18	22.597	28.876	0	2	0	4.823	1.674	NA	0.469	NA	-90	-30.964
511	22	1	22.129	28.033	0	2	9	0	0	NA	NA	NA	NA	NA
512	22	2	22.644	27.47	0	2	65	0.763	0.763	NA	0.763	NA	-47.49	NA
513	22	3	23.019	27.798	0	2	27	1.261	0.921	NA	0.498	NA	41.186	88.675
514	22	4	23.3	27.939	0	2	18	1.575	1.175	NA	0.314	NA	26.565	-14.621
515	22	5	22.269	27.33	0	2	27	2.773	0.717	NA	1.197	NA	-149.421	-175.986
516	22	6	22.269	26.955	0	2	9	3.147	1.087	NA	0.375	NA	-90	59.421
517	22	7	22.363	26.486	0	2	27	3.625	1.564	NA	0.478	NA	-78.69	11.31
518	22	8	22.738	26.111	0	2	37	4.155	2.015	NA	0.53	NA	-45	33.69
519	22	9	22.785	26.111	0	2	37	4.202	2.03	NA	0.047	NA	0	45
520	22	10	22.55	26.58	0	2	0	4.726	1.513	NA	0.524	NA	116.565	116.565
521	22	11	22.082	26.674	0	2	0	5.204	1.36	NA	0.478	NA	168.69	52.125
522	22	12	22.503	27.236	0	2	27	5.907	0.88	NA	0.703	NA	53.13	-115.56
523	23	1	18.239	13.6	0	2	55	0	0	NA	NA	NA	NA	NA
524	23	2	18.239	13.6	0	2	27	0	0	NA	0	NA	0	NA
525	23	3	18.239	13.6	0	2	9	0	0	NA	0	NA	0	0
526	23	4	18.239	13.507	0	2	37	0.094	0.094	NA	0.094	NA	-90	-90
527	23	5	18.239	13.507	0	2	18	0.094	0.094	NA	0	NA	0	90
528	23	6	18.192	13.647	0	2	46	0.242	0.066	NA	0.148	NA	108.435	108.435
529	23	7	18.192	13.647	0	2	37	0.242	0.066	NA	0	NA	0	-108.435
530	23	8	18.146	13.741	0	2	18	0.347	0.169	NA	0.105	NA	116.565	116.565
531	23	9	17.818	13.788	0	2	18	0.678	0.461	NA	0.331	NA	171.87	55.305
532	23	10	17.818	13.788	0	2	27	0.678	0.461	NA	0	NA	0	-171.87
533	23	11	17.49	13.272	0	2	27	1.289	0.818	NA	0.611	NA	-122.471	-122.471
534	23	12	17.818	13.507	0	2	83	1.692	0.432	NA	0.403	NA	35.538	158.009
535	23	13	17.958	13.507	0	2	37	1.833	0.296	NA	0.141	NA	0	-35.538
536	23	14	17.864	13.413	0	2	102	1.965	0.419	NA	0.133	NA	-135	-135
537	23	15	17.864	13.413	0	2	55	1.965	0.419	NA	0	NA	0	135
538	23	16	18.052	13.413	0	2	27	2.153	0.265	NA	0.187	NA	0	0
539	23	17	17.724	13.319	0	2	74	2.494	0.587	NA	0.341	NA	-164.055	-164.055
540	23	18	17.771	13.507	0	2	55	2.687	0.478	NA	0.193	NA	75.964	-119.982
541	23	19	17.818	13.413	0	2	55	2.792	0.461	NA	0.105	NA	-63.435	-139.399
542	23	20	18.005	13.366	0	2	46	2.985	0.331	NA	0.193	NA	-14.036	49.399
543	23	21	18.005	13.319	0	2	27	3.032	0.366	NA	0.047	NA	-90	-75.964
544	23	22	17.958	13.319	0	2	83	3.079	0.398	NA	0.047	NA	180	-90
545	23	23	17.958	13.319	0	2	83	3.079	0.398	NA	0	NA	0	-180
546	23	24	17.958	13.319	0	2	37	3.079	0.398	NA	0	NA	0	0
547	23	25	17.864	13.319	0	2	55	3.172	0.469	NA	0.094	NA	180	180
548	23	26	17.724	13.647	0	2	0	3.529	0.518	NA	0.357	NA	113.199	-66.801
549	23	27	17.677	13.6	0	2	55	3.595	0.562	NA	0.066	NA	-135	111.801
550	23	28	17.583	13.46	0	2	55	3.764	0.671	NA	0.169	NA	-123.69	11.31
551	23	29	17.677	13.6	0	2	18	3.933	0.562	NA	0.169	NA	56.31	180
552	23	30	17.677	13.647	0	2	18	3.98	0.564	NA	0.047	NA	90	33.69
553	23	31	17.396	13.413	0	2	18	4.346	0.864	NA	0.366	NA	-140.194	129.806
554	23	32	17.396	13.507	0	2	0	4.44	0.849	NA	0.094	NA	90	-129.806
555	23	33	17.583	13.366	0	2	46	4.674	0.697	NA	0.234	NA	-36.87	-126.87
556	23	34	17.583	13.366	0	2	74	4.674	0.697	NA	0	NA	0	36.87
557	23	35	17.583	13.366	0	2	46	4.674	0.697	NA	0	NA	0	0
558	23	36	17.583	13.366	0	2	18	4.674	0.697	NA	0	NA	0	0
559	23	37	17.583	13.366	0	2	27	4.674	0.697	NA	0	NA	0	0
560	23	38	17.583	13.366	0	2	27	4.674	0.697	NA	0	NA	0	0
561	23	39	17.536	13.319	0	2	65	4.74	0.757	NA	0.066	NA	-135	-135
562	23	40	17.677	12.944	0	2	46	5.141	0.864	NA	0.4	NA	-69.444	65.556
563	23	41	17.583	12.944	0	2	46	5.234	0.928	NA	0.094	NA	180	-110.556
564	23	42	17.396	13.132	0	2	37	5.5	0.965	NA	0.265	NA	135	-45
565	23	43	17.349	13.179	0	2	0	5.566	0.985	NA	0.066	NA	135	0
566	23	44	17.49	12.944	0	2	74	5.839	0.996	NA	0.273	NA	-59.036	165.964
567	23	45	17.63	12.944	0	2	102	5.98	0.895	NA	0.141	NA	0	59.036
568	23	46	17.677	12.944	0	2	37	6.026	0.864	NA	0.047	NA	0	0
569	23	47	17.677	12.944	0	2	46	6.026	0.864	NA	0	NA	0	0
570	23	48	17.771	12.944	0	2	46	6.12	0.806	NA	0.094	NA	0	0
571	23	49	17.864	12.944	0	2	65	6.214	0.756	NA	0.094	NA	0	0
572	23	50	17.724	12.944	0	2	46	6.354	0.834	NA	0.141	NA	180	180
