Nr	TID	PID	x [micron]	y [micron]	t [sec]	c [idx]	I [val]	Len [micron]	D2S [micron]	D2R [micron]	D2P [micron]	v [micron/sec]	? [deg]	?? [deg]
1	1	1	32.047	46.835	0	2	0	0	0	NA	NA	NA	NA	NA
2	1	2	32.864	46.835	0	2	0	0.816	0.816	NA	0.816	NA	0	NA
3	1	3	31.957	46.563	0	2	0	1.764	0.287	NA	0.947	NA	-163.301	-163.301
4	1	4	32.319	46.563	0	2	0	2.127	0.385	NA	0.363	NA	0	163.301
5	1	5	32.229	46.563	0	2	0	2.217	0.327	NA	0.091	NA	180	180
6	1	6	32.229	46.563	0	2	0	2.217	0.327	NA	0	NA	0	-180
7	1	7	31.594	46.381	0	2	0	2.878	0.641	NA	0.66	NA	-164.055	-164.055
8	1	8	31.866	46.381	0	2	0	3.15	0.489	NA	0.272	NA	0	164.055
9	1	9	32.319	46.653	0	2	0	3.679	0.327	NA	0.529	NA	30.964	30.964
10	1	10	32.773	46.653	0	2	0	4.132	0.748	NA	0.454	NA	0	-30.964
11	1	11	32.773	46.653	0	2	0	4.132	0.748	NA	0	NA	0	0
12	1	12	31.866	46.291	0	2	0	5.11	0.574	NA	0.977	NA	-158.199	-158.199
13	1	13	31.957	46.018	0	2	0	5.396	0.822	NA	0.287	NA	-71.565	86.634
14	1	14	31.957	46.018	0	2	0	5.396	0.822	NA	0	NA	0	71.565
15	1	15	31.594	44.295	0	2	0	7.158	2.58	NA	1.761	NA	-101.889	-101.889
16	1	16	30.777	43.206	0	2	0	8.519	3.845	NA	1.361	NA	-126.87	-24.981
17	1	17	30.686	42.934	0	2	0	8.806	4.132	NA	0.287	NA	-108.435	18.435
18	1	18	30.596	43.025	0	2	0	8.934	4.077	NA	0.128	NA	135	-116.565
19	1	19	30.233	43.841	0	2	0	9.827	3.501	NA	0.894	NA	113.962	-21.038
20	1	20	30.414	43.932	0	2	0	10.03	3.331	NA	0.203	NA	26.565	-87.397
21	1	21	30.051	42.662	0	2	0	11.351	4.626	NA	1.321	NA	-105.945	-132.51
22	1	22	30.777	42.117	0	2	0	12.258	4.885	NA	0.907	NA	-36.87	69.075
23	1	23	30.233	42.39	0	2	0	12.867	4.801	NA	0.609	NA	153.435	-169.695
24	1	24	30.142	42.299	0	2	0	12.995	4.92	NA	0.128	NA	-135	71.565
25	1	25	29.779	42.027	0	2	0	13.449	5.316	NA	0.454	NA	-143.13	-8.13
26	1	26	29.507	40.938	0	2	11	14.571	6.421	NA	1.122	NA	-104.036	39.094
27	1	27	28.872	40.031	0	2	0	15.678	7.509	NA	1.107	NA	-124.992	-20.956
28	1	28	28.781	39.214	0	2	0	16.5	8.291	NA	0.822	NA	-96.34	28.652
29	1	29	27.421	38.851	0	2	0	17.908	9.227	NA	1.408	NA	-165.069	-68.728
30	1	30	25.788	36.856	0	2	11	20.487	11.78	NA	2.579	NA	-129.289	35.779
31	2	1	55.998	39.577	0	2	0	0	0	NA	NA	NA	NA	NA
32	2	2	55	38.761	0	2	0	1.289	1.289	NA	1.289	NA	-140.711	NA
33	2	3	55.816	38.761	0	2	0	2.106	0.836	NA	0.816	NA	0	140.711
34	2	4	55.181	38.761	0	2	0	2.741	1.155	NA	0.635	NA	180	180
35	2	5	55.181	38.761	0	2	0	2.741	1.155	NA	0	NA	0	-180
36	2	6	55.363	38.579	0	2	0	2.998	1.183	NA	0.257	NA	-45	-45
37	2	7	54.818	38.307	0	2	0	3.606	1.733	NA	0.609	NA	-153.435	-108.435
38	2	8	54.818	38.216	0	2	0	3.697	1.801	NA	0.091	NA	-90	63.435
39	2	9	55	37.944	0	2	0	4.024	1.914	NA	0.327	NA	-56.31	33.69
40	2	10	55.091	38.398	0	2	0	4.487	1.488	NA	0.463	NA	78.69	135
41	2	11	55.091	37.944	0	2	0	4.94	1.868	NA	0.454	NA	-90	-168.69
42	2	12	54.909	38.126	0	2	0	5.197	1.814	NA	0.257	NA	135	-135
43	2	13	55.091	38.126	0	2	0	5.378	1.712	NA	0.181	NA	0	-135
44	2	14	54.455	37.944	0	2	0	6.039	2.246	NA	0.66	NA	-164.055	-164.055
45	2	15	54.637	38.035	0	2	0	6.241	2.057	NA	0.203	NA	26.565	-169.38
46	2	16	54.546	37.853	0	2	0	6.444	2.253	NA	0.203	NA	-116.565	-143.13
47	2	17	54.637	37.763	0	2	0	6.573	2.268	NA	0.128	NA	-45	71.565
48	2	18	54.728	37.763	0	2	0	6.663	2.215	NA	0.091	NA	0	45
49	2	19	54.909	36.946	0	2	0	7.5	2.847	NA	0.836	NA	-77.471	-77.471
50	2	20	54.274	36.039	0	2	0	8.607	3.936	NA	1.107	NA	-124.992	-47.521
51	2	21	54.546	35.313	0	2	0	9.382	4.504	NA	0.775	NA	-69.444	55.548
52	2	22	54.818	36.856	0	2	0	10.948	2.966	NA	1.566	NA	79.992	149.436
53	2	23	54.365	39.033	0	2	0	13.172	1.721	NA	2.224	NA	101.768	21.776
54	2	24	54.728	39.396	0	2	0	13.686	1.283	NA	0.513	NA	45	-56.768
55	2	25	54.818	38.67	0	2	0	14.417	1.488	NA	0.731	NA	-82.875	-127.875
56	2	26	54.728	37.581	0	2	0	15.509	2.366	NA	1.092	NA	-94.764	-11.889
57	2	27	55.091	39.033	0	2	0	17.006	1.058	NA	1.496	NA	75.964	170.727
58	2	28	54.909	39.486	0	2	0	17.494	1.092	NA	0.489	NA	111.801	35.838
59	2	29	54.546	38.942	0	2	0	18.148	1.584	NA	0.654	NA	-123.69	124.509
60	2	30	54.637	38.851	0	2	0	18.277	1.542	NA	0.128	NA	-45	78.69
61	2	31	55.091	38.942	0	2	0	18.739	1.107	NA	0.463	NA	11.31	56.31
62	2	32	54.637	38.307	0	2	0	19.52	1.861	NA	0.78	NA	-125.538	-136.848
63	2	33	54.818	38.126	0	2	0	19.776	1.87	NA	0.257	NA	-45	80.538
64	2	34	54.728	38.579	0	2	0	20.239	1.615	NA	0.463	NA	101.31	146.31
65	2	35	55	40.031	0	2	0	21.716	1.096	NA	1.477	NA	79.38	-21.93
66	2	36	55.091	40.575	0	2	0	22.268	1.349	NA	0.552	NA	80.538	1.157
67	2	37	55	40.575	0	2	0	22.358	1.411	NA	0.091	NA	180	99.462
68	2	38	55.544	41.392	0	2	0	23.34	1.87	NA	0.981	NA	56.31	-123.69
69	2	39	55.272	43.569	0	2	0	25.534	4.057	NA	2.194	NA	97.125	40.815
70	2	40	55.635	45.656	0	2	0	27.652	6.089	NA	2.118	NA	80.134	-16.991
71	2	41	55.998	46.835	0	2	11	28.886	7.258	NA	1.234	NA	72.897	-7.237
72	2	42	55.907	46.744	0	2	0	29.014	7.168	NA	0.128	NA	-135	152.103
73	2	43	55.816	47.107	0	2	0	29.388	7.532	NA	0.374	NA	104.036	-120.964
74	2	44	56.179	47.379	0	2	0	29.842	7.804	NA	0.454	NA	36.87	-67.166
75	2	45	56.179	47.651	0	2	11	30.114	8.076	NA	0.272	NA	90	53.13
76	2	46	56.361	47.833	0	2	0	30.37	8.264	NA	0.257	NA	45	-45
77	2	47	56.542	48.014	0	2	0	30.627	8.455	NA	0.257	NA	45	0
78	2	48	56.27	47.651	0	2	11	31.081	8.079	NA	0.454	NA	-126.87	-171.87
79	3	1	52.823	38.67	0	2	0	0	0	NA	NA	NA	NA	NA
80	3	2	52.913	38.67	0	2	0	0.091	0.091	NA	0.091	NA	0	NA
81	3	3	53.095	38.307	0	2	0	0.496	0.454	NA	0.406	NA	-63.435	-63.435
82	3	4	52.732	37.763	0	2	0	1.151	0.912	NA	0.654	NA	-123.69	-60.255
83	3	5	52.732	37.672	0	2	0	1.241	1.002	NA	0.091	NA	-90	33.69
84	3	6	52.46	36.946	0	2	0	2.016	1.761	NA	0.775	NA	-110.556	-20.556
85	3	7	52.55	36.22	0	2	0	2.748	2.465	NA	0.731	NA	-82.875	27.681
86	3	8	51.734	35.404	0	2	0	3.903	3.443	NA	1.155	NA	-135	-52.125
87	3	9	52.097	35.767	0	2	0	4.416	2.992	NA	0.513	NA	45	180
88	3	10	51.915	35.585	0	2	0	4.672	3.215	NA	0.257	NA	-135	-180
89	3	11	51.915	35.585	0	2	0	4.672	3.215	NA	0	NA	0	135
90	3	12	51.915	35.585	0	2	0	4.672	3.215	NA	0	NA	0	0
91	3	13	52.187	35.767	0	2	0	4.999	2.972	NA	0.327	NA	33.69	33.69
92	3	14	52.006	35.676	0	2	0	5.202	3.103	NA	0.203	NA	-153.435	172.875
93	3	15	51.825	35.404	0	2	0	5.529	3.415	NA	0.327	NA	-123.69	29.745
94	3	16	52.187	35.041	0	2	0	6.043	3.684	NA	0.513	NA	-45	78.69
95	3	17	52.187	35.404	0	2	0	6.406	3.327	NA	0.363	NA	90	135
96	3	18	51.915	35.313	0	2	0	6.692	3.477	NA	0.287	NA	-161.565	108.435
97	3	19	52.278	35.313	0	2	0	7.055	3.401	NA	0.363	NA	0	161.565
98	3	20	52.187	35.495	0	2	0	7.258	3.238	NA	0.203	NA	116.565	116.565
99	3	21	51.915	34.86	0	2	0	7.949	3.917	NA	0.691	NA	-113.199	130.236
100	3	22	51.734	35.132	0	2	0	8.276	3.702	NA	0.327	NA	123.69	-123.111
101	3	23	51.915	35.223	0	2	0	8.479	3.565	NA	0.203	NA	26.565	-97.125
102	3	24	52.369	34.406	0	2	0	9.413	4.288	NA	0.934	NA	-60.945	-87.51
103	3	25	50.736	35.041	0	2	0	11.165	4.186	NA	1.752	NA	158.749	-140.305
104	3	26	51.462	34.769	0	2	0	11.94	4.132	NA	0.775	NA	-20.556	-179.306
105	3	27	51.643	34.225	0	2	0	12.514	4.599	NA	0.574	NA	-71.565	-51.009
106	3	28	51.643	32.773	0	2	0	13.966	6.014	NA	1.452	NA	-90	-18.435
107	3	29	51.28	33.045	0	2	0	14.419	5.832	NA	0.454	NA	143.13	-126.87
108	3	30	51.28	32.501	0	2	11	14.964	6.359	NA	0.544	NA	-90	126.87
109	3	31	51.008	31.775	0	2	0	15.739	7.13	NA	0.775	NA	-110.556	-20.556
110	3	32	51.28	31.866	0	2	0	16.026	6.977	NA	0.287	NA	18.435	128.991
111	3	33	51.371	31.412	0	2	0	16.488	7.401	NA	0.463	NA	-78.69	-97.125
112	3	34	51.462	31.503	0	2	0	16.616	7.295	NA	0.128	NA	45	123.69
113	3	35	51.099	31.322	0	2	0	17.022	7.548	NA	0.406	NA	-153.435	161.565
114	3	36	51.552	31.412	0	2	0	17.485	7.368	NA	0.463	NA	11.31	164.745
115	3	37	51.28	31.231	0	2	0	17.812	7.597	NA	0.327	NA	-146.31	-157.62
116	4	1	59.899	51.915	0	2	11	0	0	NA	NA	NA	NA	NA
117	4	2	59.899	51.915	0	2	11	0	0	NA	0	NA	0	NA
118	4	3	59.899	51.28	0	2	0	0.635	0.635	NA	0.635	NA	-90	-90
119	4	4	59.899	51.19	0	2	0	0.726	0.726	NA	0.091	NA	-90	0
120	4	5	59.899	51.19	0	2	0	0.726	0.726	NA	0	NA	0	90
121	4	6	59.445	51.008	0	2	0	1.214	1.014	NA	0.489	NA	-158.199	-158.199
122	4	7	60.262	51.008	0	2	0	2.031	0.977	NA	0.816	NA	0	158.199
123	4	8	60.171	51.008	0	2	0	2.122	0.947	NA	0.091	NA	180	180
124	4	9	60.08	50.917	0	2	0	2.25	1.014	NA	0.128	NA	-135	45
125	4	10	60.08	50.464	0	2	0	2.703	1.463	NA	0.454	NA	-90	45
126	4	11	59.173	50.464	0	2	0	3.611	1.623	NA	0.907	NA	180	-90
127	4	12	59.717	50.554	0	2	0	4.162	1.373	NA	0.552	NA	9.462	-170.538
128	4	13	59.354	50.827	0	2	0	4.616	1.217	NA	0.454	NA	143.13	133.668
129	4	14	59.536	51.825	0	2	0	5.63	0.374	NA	1.014	NA	79.695	-63.435
130	4	15	60.171	51.371	0	2	0	6.411	0.609	NA	0.78	NA	-35.538	-115.233
131	4	16	59.627	49.466	0	2	0	8.392	2.465	NA	1.981	NA	-105.945	-70.408
132	4	17	59.627	50.01	0	2	0	8.937	1.924	NA	0.544	NA	90	-164.055
133	4	18	60.08	50.373	0	2	0	9.517	1.553	NA	0.581	NA	38.66	-51.34
134	4	19	60.443	50.736	0	2	0	10.031	1.299	NA	0.513	NA	45	6.34
135	4	20	60.443	50.917	0	2	11	10.212	1.137	NA	0.181	NA	90	45
136	4	21	60.534	50.917	0	2	0	10.303	1.183	NA	0.091	NA	0	-90
137	4	22	60.806	50.645	0	2	0	10.688	1.561	NA	0.385	NA	-45	-45
