Nr	TID	PID	x [micron]	y [micron]	t [sec]	c [idx]	I [val]	Len [micron]	D2S [micron]	D2R [micron]	D2P [micron]	v [micron/sec]	? [deg]	?? [deg]
1	1	1	24.836	17.23	0	2	25	0	0	NA	NA	NA	NA	NA
2	1	2	24.702	17.163	0	2	41	0.149	0.149	NA	0.149	NA	-153.435	NA
3	1	3	24.635	17.163	0	2	33	0.216	0.211	NA	0.067	NA	180	-26.565
4	1	4	24.635	17.163	0	2	25	0.216	0.211	NA	0	NA	0	-180
5	1	5	24.502	17.163	0	2	66	0.349	0.34	NA	0.133	NA	180	180
6	1	6	24.435	17.163	0	2	41	0.416	0.406	NA	0.067	NA	180	0
7	1	7	24.435	17.163	0	2	8	0.416	0.406	NA	0	NA	0	-180
8	1	8	24.435	17.163	0	2	25	0.416	0.406	NA	0	NA	0	0
9	1	9	24.435	17.163	0	2	25	0.416	0.406	NA	0	NA	0	0
10	1	10	24.502	17.23	0	2	16	0.51	0.334	NA	0.094	NA	45	45
11	1	11	24.502	17.23	0	2	33	0.51	0.334	NA	0	NA	0	-45
12	1	12	24.502	17.23	0	2	25	0.51	0.334	NA	0	NA	0	0
13	1	13	24.502	17.23	0	2	0	0.51	0.334	NA	0	NA	0	0
14	1	14	24.502	17.23	0	2	41	0.51	0.334	NA	0	NA	0	0
15	1	15	24.502	17.163	0	2	41	0.577	0.34	NA	0.067	NA	-90	-90
16	1	16	24.502	17.163	0	2	83	0.577	0.34	NA	0	NA	0	90
17	1	17	24.902	17.297	0	2	25	0.999	0.094	NA	0.422	NA	18.435	18.435
18	1	18	24.902	17.297	0	2	33	0.999	0.094	NA	0	NA	0	-18.435
19	1	19	24.769	17.297	0	2	25	1.133	0.094	NA	0.133	NA	180	180
20	1	20	24.702	17.297	0	2	41	1.199	0.149	NA	0.067	NA	180	0
21	1	21	24.635	17.363	0	2	58	1.294	0.241	NA	0.094	NA	135	-45
22	1	22	24.635	17.43	0	2	41	1.36	0.283	NA	0.067	NA	90	-45
23	1	23	24.635	17.43	0	2	66	1.36	0.283	NA	0	NA	0	-90
24	1	24	24.635	17.43	0	2	66	1.36	0.283	NA	0	NA	0	0
25	1	25	24.635	17.964	0	2	58	1.894	0.761	NA	0.534	NA	90	90
26	1	26	24.369	18.03	0	2	50	2.169	0.927	NA	0.275	NA	165.964	75.964
27	1	27	24.302	18.03	0	2	16	2.236	0.962	NA	0.067	NA	180	14.036
28	1	28	24.035	17.897	0	2	33	2.534	1.042	NA	0.298	NA	-153.435	26.565
29	1	29	24.035	17.897	0	2	8	2.534	1.042	NA	0	NA	0	153.435
30	1	30	24.035	17.83	0	2	8	2.601	1.001	NA	0.067	NA	-90	-90
31	1	31	23.768	17.43	0	2	16	3.082	1.086	NA	0.481	NA	-123.69	-33.69
32	1	32	23.835	17.43	0	2	58	3.149	1.021	NA	0.067	NA	0	123.69
33	1	33	23.368	17.764	0	2	66	3.723	1.562	NA	0.574	NA	144.462	144.462
34	1	34	23.368	17.764	0	2	8	3.723	1.562	NA	0	NA	0	-144.462
35	1	35	23.368	18.231	0	2	50	4.19	1.776	NA	0.467	NA	90	90
36	1	36	23.101	18.231	0	2	16	4.457	2.003	NA	0.267	NA	180	90
37	1	37	23.435	18.231	0	2	33	4.79	1.722	NA	0.334	NA	0	-180
38	1	38	23.968	17.497	0	2	8	5.698	0.907	NA	0.907	NA	-53.973	-53.973
39	1	39	23.902	17.63	0	2	33	5.847	1.016	NA	0.149	NA	116.565	170.538
40	1	40	23.902	17.83	0	2	50	6.047	1.11	NA	0.2	NA	90	-26.565
41	1	41	23.768	18.03	0	2	25	6.288	1.334	NA	0.241	NA	123.69	33.69
42	1	42	23.435	17.964	0	2	33	6.628	1.582	NA	0.34	NA	-168.69	67.62
43	1	43	23.435	17.964	0	2	58	6.628	1.582	NA	0	NA	0	168.69
44	1	44	23.568	17.964	0	2	41	6.761	1.465	NA	0.133	NA	0	0
45	1	45	23.701	17.964	0	2	50	6.895	1.351	NA	0.133	NA	0	0
46	1	46	23.835	18.03	0	2	58	7.044	1.282	NA	0.149	NA	26.565	26.565
47	1	47	23.835	18.03	0	2	25	7.044	1.282	NA	0	NA	0	-26.565
48	2	1	28.372	18.698	0	2	0	0	0	NA	NA	NA	NA	NA
49	2	2	28.372	18.698	0	2	8	0	0	NA	0	NA	0	NA
50	2	3	28.372	18.698	0	2	16	0	0	NA	0	NA	0	0
51	2	4	28.505	18.764	0	2	0	0.149	0.149	NA	0.149	NA	26.565	26.565
52	2	5	28.972	18.964	0	2	8	0.657	0.657	NA	0.508	NA	23.199	-3.366
53	2	6	28.905	18.964	0	2	0	0.724	0.597	NA	0.067	NA	180	156.801
54	2	7	28.905	18.964	0	2	8	0.724	0.597	NA	0	NA	0	-180
55	2	8	28.905	18.964	0	2	8	0.724	0.597	NA	0	NA	0	0
56	2	9	28.905	18.964	0	2	0	0.724	0.597	NA	0	NA	0	0
57	2	10	28.905	18.964	0	2	0	0.724	0.597	NA	0	NA	0	0
58	2	11	28.972	18.964	0	2	0	0.791	0.657	NA	0.067	NA	0	0
59	2	12	28.905	19.231	0	2	0	1.066	0.755	NA	0.275	NA	104.036	104.036
60	2	13	28.905	19.165	0	2	0	1.133	0.709	NA	0.067	NA	-90	165.964
61	2	14	28.972	19.365	0	2	25	1.344	0.898	NA	0.211	NA	71.565	161.565
62	2	15	29.039	19.632	0	2	16	1.619	1.148	NA	0.275	NA	75.964	4.399
63	2	16	29.306	19.765	0	2	16	1.917	1.418	NA	0.298	NA	26.565	-49.399
64	2	17	29.106	19.765	0	2	8	2.117	1.295	NA	0.2	NA	180	153.435
65	2	18	29.573	19.365	0	2	8	2.732	1.374	NA	0.615	NA	-40.601	139.399
66	2	19	29.506	19.431	0	2	0	2.827	1.351	NA	0.094	NA	135	175.601
67	2	20	29.639	19.632	0	2	0	3.067	1.575	NA	0.241	NA	56.31	-78.69
68	2	21	29.506	19.632	0	2	0	3.201	1.469	NA	0.133	NA	180	123.69
69	2	22	29.573	19.698	0	2	8	3.295	1.563	NA	0.094	NA	45	-135
70	2	23	29.372	20.099	0	2	8	3.742	1.722	NA	0.448	NA	116.565	71.565
71	2	24	29.839	20.032	0	2	0	4.214	1.984	NA	0.472	NA	-8.13	-124.695
72	2	25	29.172	20.432	0	2	0	4.992	1.91	NA	0.778	NA	149.036	157.166
73	2	26	29.573	20.299	0	2	8	5.414	2.002	NA	0.422	NA	-18.435	-167.471
74	2	27	29.706	20.299	0	2	8	5.548	2.084	NA	0.133	NA	0	18.435
75	2	28	30.173	20.833	0	2	0	6.257	2.793	NA	0.709	NA	48.814	48.814
76	2	29	30.306	20.899	0	2	0	6.406	2.931	NA	0.149	NA	26.565	-22.249
77	2	30	30.373	20.699	0	2	0	6.617	2.831	NA	0.211	NA	-71.565	-98.13
78	2	31	30.773	21.767	0	2	0	7.757	3.897	NA	1.14	NA	69.444	141.009
79	3	1	31.107	20.632	0	2	0	0	0	NA	NA	NA	NA	NA
80	3	2	30.84	21.566	0	2	8	0.971	0.971	NA	0.971	NA	105.945	NA
81	3	3	32.508	22.834	0	2	16	3.066	2.61	NA	2.095	NA	37.235	-68.711
82	3	4	32.842	23.101	0	2	0	3.494	3.017	NA	0.427	NA	38.66	1.425
83	3	5	32.241	22.767	0	2	0	4.18	2.418	NA	0.687	NA	-150.945	170.395
84	3	6	32.975	23.635	0	2	0	5.317	3.536	NA	1.136	NA	49.764	-159.291
85	3	7	34.109	25.036	0	2	0	7.119	5.329	NA	1.803	NA	51.009	1.245
86	3	8	34.71	26.637	0	2	8	8.829	7.002	NA	1.71	NA	69.444	18.435
87	3	9	34.91	27.171	0	2	0	9.399	7.564	NA	0.57	NA	69.444	0
88	3	10	35.244	27.905	0	2	8	10.206	8.366	NA	0.806	NA	65.556	-3.888
89	4	1	38.313	24.502	0	2	8	0	0	NA	NA	NA	NA	NA
90	4	2	38.313	24.502	0	2	0	0	0	NA	0	NA	0	NA
91	4	3	38.78	24.569	0	2	0	0.472	0.472	NA	0.472	NA	8.13	8.13
92	4	4	38.846	24.302	0	2	0	0.747	0.57	NA	0.275	NA	-75.964	-84.094
93	4	5	38.313	24.302	0	2	0	1.281	0.2	NA	0.534	NA	180	-104.036
94	4	6	38.313	24.302	0	2	8	1.281	0.2	NA	0	NA	0	-180
95	4	7	38.913	25.236	0	2	0	2.391	0.948	NA	1.11	NA	57.265	57.265
96	4	8	38.913	25.903	0	2	0	3.058	1.524	NA	0.667	NA	90	32.735
97	4	9	39.113	26.57	0	2	0	3.755	2.218	NA	0.697	NA	73.301	-16.699
98	4	10	39.313	26.57	0	2	8	3.955	2.298	NA	0.2	NA	0	-73.301
99	4	11	40.047	27.104	0	2	8	4.862	3.127	NA	0.907	NA	36.027	36.027
100	4	12	39.313	26.971	0	2	0	5.608	2.664	NA	0.746	NA	-169.695	154.277
101	4	13	39.247	26.504	0	2	0	6.08	2.209	NA	0.472	NA	-98.13	71.565
102	4	14	39.513	26.637	0	2	8	6.378	2.45	NA	0.298	NA	26.565	124.695
103	4	15	39.513	26.637	0	2	0	6.378	2.45	NA	0	NA	0	-26.565
104	4	16	39.513	26.637	0	2	8	6.378	2.45	NA	0	NA	0	0
105	4	17	39.513	26.971	0	2	25	6.712	2.745	NA	0.334	NA	90	90
106	4	18	39.78	26.904	0	2	0	6.987	2.815	NA	0.275	NA	-14.036	-104.036
107	4	19	39.247	26.904	0	2	0	7.521	2.577	NA	0.534	NA	180	-165.964
108	4	20	38.379	25.77	0	2	0	8.949	1.269	NA	1.428	NA	-127.405	52.595
109	4	21	38.112	24.902	0	2	0	9.856	0.448	NA	0.907	NA	-107.103	20.303
110	4	22	37.712	24.369	0	2	8	10.523	0.615	NA	0.667	NA	-126.87	-19.767
111	4	23	37.779	23.835	0	2	0	11.061	0.854	NA	0.538	NA	-82.875	43.995
112	4	24	37.312	23.501	0	2	0	11.635	1.415	NA	0.574	NA	-144.462	-61.587
113	4	25	37.445	23.301	0	2	0	11.876	1.481	NA	0.241	NA	-56.31	88.152
114	4	26	37.312	23.902	0	2	8	12.491	1.167	NA	0.615	NA	102.529	158.839
115	4	27	37.445	23.835	0	2	0	12.64	1.094	NA	0.149	NA	-26.565	-129.094
116	4	28	37.378	23.835	0	2	0	12.707	1.148	NA	0.067	NA	180	-153.435
117	4	29	37.112	23.568	0	2	0	13.084	1.521	NA	0.377	NA	-135	45
118	4	30	36.911	23.701	0	2	0	13.325	1.614	NA	0.241	NA	146.31	-78.69
119	4	31	37.312	23.768	0	2	8	13.73	1.241	NA	0.406	NA	9.462	-136.848
120	4	32	37.245	23.635	0	2	8	13.88	1.375	NA	0.149	NA	-116.565	-126.027
121	4	33	36.978	23.968	0	2	0	14.307	1.437	NA	0.427	NA	128.66	-114.775
122	4	34	36.911	23.768	0	2	0	14.518	1.582	NA	0.211	NA	-108.435	122.905
123	5	1	40.381	27.638	0	2	0	0	0	NA	NA	NA	NA	NA
124	5	2	40.381	27.638	0	2	0	0	0	NA	0	NA	0	NA
125	5	3	40.047	27.638	0	2	0	0.334	0.334	NA	0.334	NA	180	180
126	5	4	40.047	28.038	0	2	0	0.734	0.521	NA	0.4	NA	90	-90
127	5	5	40.114	28.105	0	2	8	0.828	0.538	NA	0.094	NA	45	-45
128	5	6	39.98	28.105	0	2	0	0.962	0.615	NA	0.133	NA	180	135
129	5	7	39.714	27.838	0	2	0	1.339	0.697	NA	0.377	NA	-135	45
130	5	8	39.447	28.038	0	2	8	1.673	1.016	NA	0.334	NA	143.13	-81.87
131	5	9	40.247	28.105	0	2	8	2.476	0.486	NA	0.803	NA	4.764	-138.366
132	5	10	40.314	28.438	0	2	0	2.816	0.803	NA	0.34	NA	78.69	73.926
133	5	11	40.247	28.438	0	2	0	2.883	0.812	NA	0.067	NA	180	101.31
134	5	12	40.247	28.839	0	2	8	3.283	1.208	NA	0.4	NA	90	-90
135	5	13	40.314	28.839	0	2	8	3.35	1.203	NA	0.067	NA	0	-90
136	5	14	40.247	28.505	0	2	8	3.69	0.878	NA	0.34	NA	-101.31	-101.31
137	5	15	39.847	28.705	0	2	0	4.138	1.193	NA	0.448	NA	153.435	-105.255
138	5	16	41.715	29.039	0	2	8	6.035	1.935	NA	1.898	NA	10.125	-143.31
139	5	17	41.448	28.839	0	2	0	6.369	1.607	NA	0.334	NA	-143.13	-153.255
140	5	18	41.715	28.839	0	2	0	6.636	1.795	NA	0.267	NA	0	143.13
141	5	19	41.715	28.905	0	2	8	6.703	1.84	NA	0.067	NA	90	90
142	5	20	42.649	29.039	0	2	8	7.646	2.666	NA	0.944	NA	8.13	-81.87
143	5	21	42.382	29.039	0	2	8	7.913	2.443	NA	0.267	NA	180	171.87
144	6	1	38.846	25.77	0	2	8	0	0	NA	NA	NA	NA	NA
145	6	2	39.18	25.77	0	2	0	0.334	0.334	NA	0.334	NA	0	NA
146	6	3	38.913	25.77	0	2	0	0.6	0.067	NA	0.267	NA	180	180
147	6	4	39.046	25.77	0	2	0	0.734	0.2	NA	0.133	NA	0	-180
148	6	5	39.046	25.77	0	2	0	0.734	0.2	NA	0	NA	0	0
149	6	6	38.446	25.77	0	2	0	1.334	0.4	NA	0.6	NA	180	180
150	6	7	38.78	25.77	0	2	8	1.668	0.067	NA	0.334	NA	0	-180
151	6	8	38.913	26.303	0	2	8	2.218	0.538	NA	0.55	NA	75.964	75.964
152	6	9	39.58	27.037	0	2	0	3.21	1.465	NA	0.992	NA	47.726	-28.237
153	6	10	39.78	27.371	0	2	16	3.599	1.854	NA	0.389	NA	59.036	11.31
154	6	11	40.114	27.371	0	2	0	3.933	2.042	NA	0.334	NA	0	-59.036
155	6	12	40.114	27.371	0	2	0	3.933	2.042	NA	0	NA	0	0
156	6	13	39.847	27.438	0	2	0	4.208	1.945	NA	0.275	NA	165.964	165.964
157	6	14	40.114	27.638	0	2	0	4.541	2.258	NA	0.334	NA	36.87	-129.094
158	6	15	39.847	27.771	0	2	16	4.84	2.238	NA	0.298	NA	153.435	116.565
159	6	16	39.98	27.504	0	2	8	5.138	2.073	NA	0.298	NA	-63.435	143.13
160	6	17	39.847	27.771	0	2	0	5.436	2.238	NA	0.298	NA	116.565	180
161	6	18	40.047	27.838	0	2	8	5.647	2.392	NA	0.211	NA	18.435	-98.13
162	6	19	39.914	27.838	0	2	8	5.781	2.327	NA	0.133	NA	180	161.565
163	6	20	39.18	27.104	0	2	16	6.819	1.375	NA	1.038	NA	-135	45
164	6	21	39.247	26.971	0	2	0	6.968	1.266	NA	0.149	NA	-63.435	71.565
165	6	22	38.913	26.704	0	2	8	7.395	0.936	NA	0.427	NA	-141.34	-77.905
166	6	23	39.513	26.437	0	2	8	8.052	0.944	NA	0.657	NA	-23.962	117.378
167	6	24	39.313	26.504	0	2	8	8.263	0.87	NA	0.211	NA	161.565	-174.472
168	6	25	39.113	27.237	0	2	16	9.024	1.492	NA	0.761	NA	105.255	-56.31
169	6	26	39.38	27.838	0	2	0	9.681	2.136	NA	0.657	NA	66.038	-39.218
170	6	27	39.647	27.438	0	2	0	10.162	1.85	NA	0.481	NA	-56.31	-122.347
171	6	28	39.38	27.504	0	2	0	10.437	1.815	NA	0.275	NA	165.964	-137.726
172	6	29	39.18	27.704	0	2	16	10.72	1.963	NA	0.283	NA	135	-30.964
173	6	30	39.18	27.771	0	2	0	10.787	2.029	NA	0.067	NA	90	-45
174	6	31	39.513	27.237	0	2	0	11.416	1.612	NA	0.629	NA	-57.995	-147.995
175	6	32	39.113	27.171	0	2	0	11.822	1.426	NA	0.406	NA	-170.538	-112.543
176	6	33	39.313	27.371	0	2	0	12.105	1.668	NA	0.283	NA	45	-144.462
177	6	34	39.18	27.371	0	2	8	12.239	1.636	NA	0.133	NA	180	135
178	6	35	38.846	27.504	0	2	8	12.598	1.735	NA	0.359	NA	158.199	-21.801
179	6	36	38.98	27.638	0	2	0	12.787	1.873	NA	0.189	NA	45	-113.199
180	6	37	38.846	27.771	0	2	16	12.975	2.002	NA	0.189	NA	135	90
181	6	38	38.98	27.771	0	2	0	13.109	2.006	NA	0.133	NA	0	-135
182	6	39	38.579	27.571	0	2	8	13.556	1.821	NA	0.448	NA	-153.435	-153.435
183	6	40	38.513	27.438	0	2	16	13.705	1.701	NA	0.149	NA	-116.565	36.87
184	6	41	38.513	27.504	0	2	16	13.772	1.766	NA	0.067	NA	90	-153.435
185	6	42	38.579	27.704	0	2	16	13.983	1.953	NA	0.211	NA	71.565	-18.435
186	6	43	38.513	28.038	0	2	0	14.323	2.293	NA	0.34	NA	101.31	29.745
187	6	44	38.446	27.905	0	2	8	14.473	2.172	NA	0.149	NA	-116.565	142.125
188	6	45	38.446	27.638	0	2	16	14.739	1.91	NA	0.267	NA	-90	26.565
189	6	46	38.379	27.571	0	2	0	14.834	1.861	NA	0.094	NA	-135	-45
190	6	47	38.246	28.038	0	2	0	15.319	2.347	NA	0.486	NA	105.945	-119.055
191	7	1	38.179	26.437	0	2	0	0	0	NA	NA	NA	NA	NA
192	7	2	37.979	26.237	0	2	0	0.283	0.283	NA	0.283	NA	-135	NA
193	7	3	38.313	25.97	0	2	0	0.71	0.486	NA	0.427	NA	-38.66	96.34
194	7	4	37.979	25.836	0	2	8	1.07	0.633	NA	0.359	NA	-158.199	-119.539
195	7	5	38.246	25.836	0	2	0	1.336	0.604	NA	0.267	NA	0	158.199
196	7	6	37.512	23.768	0	2	0	3.531	2.751	NA	2.195	NA	-109.537	-109.537
197	7	7	36.911	23.835	0	2	8	4.135	2.894	NA	0.604	NA	173.66	-76.804
198	7	8	36.778	23.234	0	2	0	4.75	3.496	NA	0.615	NA	-102.529	83.811
199	7	9	36.578	23.168	0	2	0	4.961	3.64	NA	0.211	NA	-161.565	-59.036
200	7	10	37.045	23.301	0	2	0	5.447	3.335	NA	0.486	NA	15.945	177.51
201	7	11	36.578	23.034	0	2	8	5.985	3.761	NA	0.538	NA	-150.255	-166.201
202	7	12	35.911	22.834	0	2	8	6.681	4.257	NA	0.697	NA	-163.301	-13.046
203	7	13	36.178	22.234	0	2	0	7.338	4.655	NA	0.657	NA	-66.038	97.263
204	7	14	36.911	22.567	0	2	0	8.145	4.072	NA	0.806	NA	24.444	90.481
205	7	15	36.178	20.899	0	2	0	9.967	5.888	NA	1.822	NA	-113.749	-138.193
206	7	16	35.711	20.299	0	2	0	10.728	6.616	NA	0.761	NA	-127.875	-14.125
207	7	17	35.244	20.232	0	2	0	11.199	6.864	NA	0.472	NA	-171.87	-43.995
208	8	1	44.451	33.042	0	2	0	0	0	NA	NA	NA	NA	NA
209	8	2	44.651	33.042	0	2	8	0.2	0.2	NA	0.2	NA	0	NA
210	8	3	44.317	33.042	0	2	8	0.534	0.133	NA	0.334	NA	180	180
211	8	4	44.317	33.042	0	2	0	0.534	0.133	NA	0	NA	0	-180
212	8	5	44.317	33.042	0	2	16	0.534	0.133	NA	0	NA	0	0
213	8	6	44.317	33.042	0	2	0	0.534	0.133	NA	0	NA	0	0
214	8	7	44.05	33.042	0	2	8	0.801	0.4	NA	0.267	NA	180	180
215	8	8	44.05	33.042	0	2	0	0.801	0.4	NA	0	NA	0	-180
216	8	9	44.05	33.042	0	2	0	0.801	0.4	NA	0	NA	0	0
217	8	10	44.451	33.042	0	2	0	1.201	0	NA	0.4	NA	0	0
218	8	11	44.451	33.109	0	2	0	1.268	0.067	NA	0.067	NA	90	90
219	8	12	44.451	33.109	0	2	16	1.268	0.067	NA	0	NA	0	-90
220	8	13	44.05	33.109	0	2	16	1.668	0.406	NA	0.4	NA	180	180
221	8	14	44.184	33.109	0	2	0	1.801	0.275	NA	0.133	NA	0	-180
222	8	15	44.25	33.109	0	2	0	1.868	0.211	NA	0.067	NA	0	0
223	8	16	44.384	33.109	0	2	0	2.002	0.094	NA	0.133	NA	0	0
224	8	17	43.049	32.575	0	2	0	3.439	1.477	NA	1.437	NA	-158.199	-158.199
225	8	18	43.583	32.175	0	2	0	4.106	1.227	NA	0.667	NA	-36.87	121.329
226	8	19	43.917	32.575	0	2	25	4.627	0.709	NA	0.521	NA	50.194	87.064
227	8	20	43.85	32.775	0	2	0	4.838	0.657	NA	0.211	NA	108.435	58.241
228	8	21	43.783	32.441	0	2	25	5.178	0.898	NA	0.34	NA	-101.31	150.255
229	8	22	43.65	32.708	0	2	8	5.476	0.867	NA	0.298	NA	116.565	-142.125
230	8	23	42.783	31.707	0	2	0	6.801	2.136	NA	1.324	NA	-130.914	112.521
231	9	1	24.102	27.371	0	2	8	0	0	NA	NA	NA	NA	NA
232	9	2	24.435	27.638	0	2	8	0.427	0.427	NA	0.427	NA	38.66	NA
233	9	3	24.435	27.571	0	2	0	0.494	0.389	NA	0.067	NA	-90	-128.66
234	9	4	23.902	27.571	0	2	0	1.028	0.283	NA	0.534	NA	180	-90
235	9	5	23.968	27.371	0	2	8	1.239	0.133	NA	0.211	NA	-71.565	108.435
236	9	6	23.568	27.371	0	2	8	1.639	0.534	NA	0.4	NA	180	-108.435
237	9	7	23.234	26.971	0	2	8	2.16	0.955	NA	0.521	NA	-129.806	50.194
238	9	8	23.168	26.77	0	2	16	2.371	1.11	NA	0.211	NA	-108.435	21.371
239	9	9	23.701	27.304	0	2	8	3.126	0.406	NA	0.755	NA	45	153.435
240	9	10	23.902	27.037	0	2	0	3.459	0.389	NA	0.334	NA	-53.13	-98.13
241	9	11	23.368	27.037	0	2	8	3.993	0.806	NA	0.534	NA	180	-126.87
242	9	12	23.034	26.837	0	2	25	4.382	1.193	NA	0.389	NA	-149.036	30.964
243	9	13	23.301	26.904	0	2	16	4.657	0.927	NA	0.275	NA	14.036	163.072
244	9	14	23.568	27.104	0	2	16	4.991	0.597	NA	0.334	NA	36.87	22.834
245	9	15	23.501	27.638	0	2	16	5.529	0.657	NA	0.538	NA	97.125	60.255
246	9	16	23.768	27.704	0	2	0	5.804	0.472	NA	0.275	NA	14.036	-83.089
247	9	17	23.635	27.771	0	2	0	5.953	0.615	NA	0.149	NA	153.435	139.399
248	9	18	23.635	27.771	0	2	0	5.953	0.615	NA	0	NA	0	-153.435
249	9	19	23.835	27.838	0	2	0	6.164	0.538	NA	0.211	NA	18.435	18.435
250	9	20	23.835	27.838	0	2	8	6.164	0.538	NA	0	NA	0	-18.435
251	9	21	23.768	27.771	0	2	0	6.258	0.521	NA	0.094	NA	-135	-135
252	9	22	23.501	27.704	0	2	16	6.533	0.687	NA	0.275	NA	-165.964	-30.964
253	9	23	22.567	26.837	0	2	0	7.808	1.625	NA	1.275	NA	-137.121	28.843
254	9	24	22.901	27.037	0	2	8	8.197	1.246	NA	0.389	NA	30.964	168.085
255	9	25	22.901	27.104	0	2	0	8.264	1.23	NA	0.067	NA	90	59.036
256	9	26	23.701	27.504	0	2	0	9.159	0.422	NA	0.895	NA	26.565	-63.435
257	9	27	23.168	27.504	0	2	0	9.693	0.944	NA	0.534	NA	180	153.435
258	9	28	23.034	27.638	0	2	16	9.881	1.1	NA	0.189	NA	135	-45
259	9	29	22.834	27.571	0	2	0	10.092	1.283	NA	0.211	NA	-161.565	63.435
260	9	30	22.901	27.838	0	2	8	10.367	1.289	NA	0.275	NA	75.964	-122.471
261	9	31	22.901	27.905	0	2	0	10.434	1.314	NA	0.067	NA	90	14.036
262	9	32	22.567	27.371	0	2	8	11.064	1.535	NA	0.629	NA	-122.005	147.995
263	9	33	20.232	26.303	0	2	8	13.631	4.014	NA	2.568	NA	-155.433	-33.427
264	9	34	19.832	25.836	0	2	0	14.246	4.537	NA	0.615	NA	-130.601	24.832
265	9	35	19.565	25.703	0	2	25	14.545	4.834	NA	0.298	NA	-153.435	-22.834
266	9	36	20.165	25.636	0	2	0	15.149	4.302	NA	0.604	NA	-6.34	147.095
267	9	37	19.832	25.903	0	2	16	15.576	4.515	NA	0.427	NA	141.34	147.68
268	9	38	20.099	25.703	0	2	16	15.91	4.337	NA	0.334	NA	-36.87	-178.21
269	9	39	19.832	25.77	0	2	50	16.185	4.56	NA	0.275	NA	165.964	-157.166
270	9	40	19.965	25.836	0	2	16	16.334	4.412	NA	0.149	NA	26.565	-139.399
271	9	41	20.366	26.037	0	2	25	16.781	3.967	NA	0.448	NA	26.565	0
272	9	42	20.366	26.037	0	2	0	16.781	3.967	NA	0	NA	0	-26.565
273	9	43	19.765	25.836	0	2	0	17.414	4.6	NA	0.633	NA	-161.565	-161.565
274	9	44	18.497	24.435	0	2	0	19.304	6.327	NA	1.889	NA	-132.138	29.427
275	9	45	17.096	23.635	0	2	8	20.917	7.939	NA	1.614	NA	-150.255	-18.118
276	9	46	16.362	22.634	0	2	8	22.158	9.074	NA	1.241	NA	-126.254	24.001
277	9	47	15.228	21.233	0	2	0	23.961	10.789	NA	1.803	NA	-128.991	-2.737
278	10	1	27.037	33.375	0	2	33	0	0	NA	NA	NA	NA	NA
279	10	2	27.037	33.375	0	2	50	0	0	NA	0	NA	0	NA
280	10	3	26.971	33.375	0	2	75	0.067	0.067	NA	0.067	NA	180	180
281	10	4	26.971	33.375	0	2	75	0.067	0.067	NA	0	NA	0	-180
282	10	5	27.171	33.309	0	2	91	0.278	0.149	NA	0.211	NA	-18.435	-18.435
283	10	6	27.171	33.309	0	2	108	0.278	0.149	NA	0	NA	0	18.435
284	10	7	27.171	33.309	0	2	50	0.278	0.149	NA	0	NA	0	0
285	10	8	27.237	33.309	0	2	58	0.344	0.211	NA	0.067	NA	0	0
286	10	9	27.237	33.309	0	2	100	0.344	0.211	NA	0	NA	0	0
287	10	10	27.237	33.175	0	2	41	0.478	0.283	NA	0.133	NA	-90	-90
288	10	11	27.237	33.175	0	2	41	0.478	0.283	NA	0	NA	0	90
289	10	12	27.371	33.509	0	2	16	0.837	0.359	NA	0.359	NA	68.199	68.199
290	10	13	27.237	33.375	0	2	41	1.026	0.2	NA	0.189	NA	-135	156.801
291	10	14	27.237	33.375	0	2	41	1.026	0.2	NA	0	NA	0	135
292	10	15	27.237	33.375	0	2	16	1.026	0.2	NA	0	NA	0	0
293	10	16	27.237	33.375	0	2	33	1.026	0.2	NA	0	NA	0	0
294	10	17	27.571	33.375	0	2	66	1.359	0.534	NA	0.334	NA	0	0
295	10	18	27.571	33.375	0	2	33	1.359	0.534	NA	0	NA	0	0
296	10	19	27.037	33.375	0	2	8	1.893	0	NA	0.534	NA	180	180
297	10	20	26.57	33.375	0	2	8	2.36	0.467	NA	0.467	NA	180	0
298	10	21	26.57	33.375	0	2	50	2.36	0.467	NA	0	NA	0	-180
299	10	22	26.57	33.375	0	2	75	2.36	0.467	NA	0	NA	0	0
300	10	23	26.504	33.375	0	2	75	2.427	0.534	NA	0.067	NA	180	180
301	10	24	26.77	33.375	0	2	25	2.694	0.267	NA	0.267	NA	0	-180
302	10	25	26.77	33.442	0	2	25	2.76	0.275	NA	0.067	NA	90	90
303	10	26	26.77	33.442	0	2	50	2.76	0.275	NA	0	NA	0	-90
304	10	27	26.77	33.442	0	2	75	2.76	0.275	NA	0	NA	0	0
305	10	28	26.837	33.509	0	2	83	2.855	0.241	NA	0.094	NA	45	45
306	10	29	26.837	33.509	0	2	25	2.855	0.241	NA	0	NA	0	-45
307	10	30	26.971	33.709	0	2	16	3.095	0.34	NA	0.241	NA	56.31	56.31
308	10	31	26.704	33.576	0	2	58	3.394	0.389	NA	0.298	NA	-153.435	150.255
309	10	32	26.704	33.576	0	2	25	3.394	0.389	NA	0	NA	0	153.435
310	10	33	26.704	33.576	0	2	75	3.394	0.389	NA	0	NA	0	0
311	10	34	26.77	33.576	0	2	50	3.46	0.334	NA	0.067	NA	0	0
312	10	35	26.837	33.576	0	2	75	3.527	0.283	NA	0.067	NA	0	0
313	10	36	26.837	33.576	0	2	58	3.527	0.283	NA	0	NA	0	0
314	10	37	26.971	33.576	0	2	66	3.661	0.211	NA	0.133	NA	0	0
315	10	38	26.971	33.576	0	2	66	3.661	0.211	NA	0	NA	0	0
316	10	39	26.904	33.576	0	2	125	3.727	0.241	NA	0.067	NA	180	180
317	10	40	26.971	33.709	0	2	33	3.877	0.34	NA	0.149	NA	63.435	-116.565
318	10	41	26.837	33.709	0	2	66	4.01	0.389	NA	0.133	NA	180	116.565
319	10	42	26.837	33.709	0	2	66	4.01	0.389	NA	0	NA	0	-180
320	10	43	26.837	33.709	0	2	25	4.01	0.389	NA	0	NA	0	0
321	10	44	26.637	33.709	0	2	33	4.21	0.521	NA	0.2	NA	180	180
322	10	45	26.637	33.709	0	2	58	4.21	0.521	NA	0	NA	0	-180
323	10	46	26.637	33.709	0	2	75	4.21	0.521	NA	0	NA	0	0
324	10	47	26.637	33.709	0	2	83	4.21	0.521	NA	0	NA	0	0
325	11	1	26.103	36.578	0	2	0	0	0	NA	NA	NA	NA	NA
326	11	2	26.037	36.444	0	2	16	0.149	0.149	NA	0.149	NA	-116.565	NA
327	11	3	25.903	36.444	0	2	25	0.283	0.241	NA	0.133	NA	180	-63.435
328	11	4	25.903	36.444	0	2	0	0.283	0.241	NA	0	NA	0	-180
329	11	5	25.77	36.378	0	2	8	0.432	0.389	NA	0.149	NA	-153.435	-153.435
330	11	6	25.77	36.378	0	2	16	0.432	0.389	NA	0	NA	0	153.435
331	11	7	25.569	36.444	0	2	16	0.643	0.55	NA	0.211	NA	161.565	161.565
332	11	8	26.037	36.444	0	2	0	1.11	0.149	NA	0.467	NA	0	-161.565
333	11	9	26.037	36.444	0	2	16	1.11	0.149	NA	0	NA	0	0
334	11	10	26.237	36.645	0	2	0	1.393	0.149	NA	0.283	NA	45	45
335	11	11	26.103	36.711	0	2	8	1.542	0.133	NA	0.149	NA	153.435	108.435
336	11	12	26.103	36.711	0	2	0	1.542	0.133	NA	0	NA	0	-153.435
337	11	13	26.103	36.178	0	2	8	2.076	0.4	NA	0.534	NA	-90	-90
338	11	14	26.103	36.178	0	2	8	2.076	0.4	NA	0	NA	0	90
339	11	15	26.837	35.911	0	2	8	2.857	0.992	NA	0.781	NA	-19.983	-19.983
340	11	16	26.57	35.911	0	2	16	3.124	0.814	NA	0.267	NA	180	-160.017
341	11	17	26.504	35.577	0	2	16	3.464	1.078	NA	0.34	NA	-101.31	78.69
342	11	18	26.504	35.711	0	2	16	3.597	0.955	NA	0.133	NA	90	-168.69
343	11	19	26.77	35.777	0	2	16	3.872	1.042	NA	0.275	NA	14.036	-75.964
344	11	20	26.637	35.711	0	2	16	4.021	1.018	NA	0.149	NA	-153.435	-167.471
345	11	21	26.437	35.444	0	2	25	4.355	1.182	NA	0.334	NA	-126.87	26.565
346	11	22	26.37	35.444	0	2	25	4.422	1.165	NA	0.067	NA	180	-53.13
347	11	23	26.57	35.844	0	2	50	4.869	0.87	NA	0.448	NA	63.435	-116.565
348	11	24	26.637	35.844	0	2	16	4.936	0.907	NA	0.067	NA	0	-63.435
349	11	25	26.637	35.844	0	2	25	4.936	0.907	NA	0	NA	0	0
350	11	26	26.637	35.844	0	2	0	4.936	0.907	NA	0	NA	0	0
351	11	27	26.704	35.911	0	2	16	5.03	0.898	NA	0.094	NA	45	45
352	11	28	26.904	35.977	0	2	66	5.241	1.001	NA	0.211	NA	18.435	-26.565
353	11	29	26.904	36.044	0	2	0	5.308	0.962	NA	0.067	NA	90	71.565
354	11	30	27.371	36.378	0	2	0	5.882	1.283	NA	0.574	NA	35.538	-54.462
355	11	31	27.438	36.378	0	2	8	5.949	1.349	NA	0.067	NA	0	-35.538
356	11	32	26.77	36.378	0	2	16	6.616	0.697	NA	0.667	NA	180	180
357	11	33	26.837	36.444	0	2	8	6.71	0.746	NA	0.094	NA	45	-135
358	11	34	27.037	36.444	0	2	0	6.91	0.944	NA	0.2	NA	0	-45
359	11	35	26.904	36.311	0	2	8	7.099	0.844	NA	0.189	NA	-135	-135
360	11	36	26.504	36.311	0	2	33	7.499	0.481	NA	0.4	NA	180	-45
361	11	37	26.504	36.311	0	2	25	7.499	0.481	NA	0	NA	0	-180
362	11	38	26.437	36.311	0	2	41	7.566	0.427	NA	0.067	NA	180	180
363	11	39	26.57	36.511	0	2	16	7.807	0.472	NA	0.241	NA	56.31	-123.69
364	11	40	26.57	36.511	0	2	8	7.807	0.472	NA	0	NA	0	-56.31
365	11	41	27.304	36.711	0	2	25	8.567	1.208	NA	0.761	NA	15.255	15.255
366	11	42	27.771	36.711	0	2	16	9.034	1.673	NA	0.467	NA	0	-15.255
367	11	43	27.171	36.511	0	2	8	9.667	1.07	NA	0.633	NA	-161.565	-161.565
368	11	44	27.504	36.578	0	2	0	10.008	1.401	NA	0.34	NA	11.31	172.875
369	11	45	27.371	36.578	0	2	8	10.141	1.268	NA	0.133	NA	180	168.69
370	11	46	27.438	36.244	0	2	0	10.481	1.375	NA	0.34	NA	-78.69	101.31
371	11	47	27.504	36.311	0	2	8	10.576	1.426	NA	0.094	NA	45	123.69
372	12	1	27.771	36.378	0	2	8	0	0	NA	NA	NA	NA	NA
373	12	2	27.838	36.511	0	2	0	0.149	0.149	NA	0.149	NA	63.435	NA
374	12	3	27.771	36.511	0	2	16	0.216	0.133	NA	0.067	NA	180	116.565
375	12	4	27.438	36.511	0	2	33	0.549	0.359	NA	0.334	NA	180	0
376	12	5	27.171	36.444	0	2	8	0.825	0.604	NA	0.275	NA	-165.964	14.036
377	12	6	27.237	36.444	0	2	8	0.891	0.538	NA	0.067	NA	0	165.964
378	12	7	27.504	36.778	0	2	8	1.318	0.481	NA	0.427	NA	51.34	51.34
379	12	8	27.504	36.778	0	2	8	1.318	0.481	NA	0	NA	0	-51.34
380	12	9	27.438	37.112	0	2	8	1.659	0.806	NA	0.34	NA	101.31	101.31
381	12	10	27.838	36.645	0	2	8	2.274	0.275	NA	0.615	NA	-49.399	-150.709
382	12	11	26.837	36.578	0	2	25	3.277	0.955	NA	1.003	NA	-176.186	-126.787
383	12	12	27.571	36.578	0	2	8	4.011	0.283	NA	0.734	NA	0	176.186
384	12	13	27.438	36.778	0	2	0	4.251	0.521	NA	0.241	NA	123.69	123.69
385	12	14	26.57	36.511	0	2	8	5.159	1.208	NA	0.907	NA	-162.897	73.413
386	12	15	26.504	36.378	0	2	8	5.308	1.268	NA	0.149	NA	-116.565	46.332
387	12	16	26.37	36.978	0	2	0	5.923	1.524	NA	0.615	NA	102.529	-140.906
388	12	17	26.971	36.978	0	2	0	6.523	1.001	NA	0.6	NA	0	-102.529
389	12	18	26.971	37.445	0	2	16	6.99	1.334	NA	0.467	NA	90	90
390	12	19	27.371	38.713	0	2	8	8.32	2.369	NA	1.329	NA	72.474	-17.526
391	13	1	27.971	40.648	0	2	8	0	0	NA	NA	NA	NA	NA
392	13	2	27.905	40.581	0	2	16	0.094	0.094	NA	0.094	NA	-135	NA
393	13	3	27.838	40.514	0	2	8	0.189	0.189	NA	0.094	NA	-135	0
394	13	4	27.704	40.848	0	2	0	0.548	0.334	NA	0.359	NA	111.801	-113.199
395	13	5	27.504	41.048	0	2	0	0.831	0.615	NA	0.283	NA	135	23.199
396	13	6	27.304	40.514	0	2	16	1.401	0.68	NA	0.57	NA	-110.556	114.444
397	13	7	27.371	40.514	0	2	8	1.468	0.615	NA	0.067	NA	0	110.556
398	13	8	27.771	40.915	0	2	8	2.034	0.334	NA	0.566	NA	45	45
399	13	9	27.571	40.915	0	2	16	2.234	0.481	NA	0.2	NA	180	135
400	13	10	27.371	41.048	0	2	16	2.475	0.722	NA	0.241	NA	146.31	-33.69
401	13	11	27.638	40.648	0	2	0	2.956	0.334	NA	0.481	NA	-56.31	157.38
402	13	12	27.771	40.581	0	2	8	3.105	0.211	NA	0.149	NA	-26.565	29.745
403	13	13	27.704	41.115	0	2	0	3.643	0.538	NA	0.538	NA	97.125	123.69
404	13	14	27.571	41.115	0	2	0	3.776	0.615	NA	0.133	NA	180	82.875
405	13	15	27.504	41.115	0	2	8	3.843	0.66	NA	0.067	NA	180	0
406	13	16	27.371	41.048	0	2	16	3.992	0.722	NA	0.149	NA	-153.435	26.565
407	13	17	27.304	41.048	0	2	8	4.059	0.778	NA	0.067	NA	180	-26.565
408	13	18	27.704	41.048	0	2	25	4.459	0.481	NA	0.4	NA	0	-180
409	13	19	27.438	40.915	0	2	16	4.758	0.597	NA	0.298	NA	-153.435	-153.435
410	13	20	27.438	40.915	0	2	0	4.758	0.597	NA	0	NA	0	153.435
411	13	21	27.571	40.981	0	2	0	4.907	0.521	NA	0.149	NA	26.565	26.565
412	13	22	27.771	41.115	0	2	16	5.147	0.508	NA	0.241	NA	33.69	7.125
413	13	23	27.304	41.382	0	2	0	5.685	0.992	NA	0.538	NA	150.255	116.565
414	13	24	27.304	41.448	0	2	8	5.752	1.042	NA	0.067	NA	90	-60.255
415	13	25	27.304	41.448	0	2	8	5.752	1.042	NA	0	NA	0	-90
416	13	26	27.304	41.448	0	2	0	5.752	1.042	NA	0	NA	0	0
417	13	27	27.638	41.448	0	2	16	6.085	0.867	NA	0.334	NA	0	0
418	13	28	27.371	41.448	0	2	0	6.352	1.001	NA	0.267	NA	180	180
419	13	29	27.237	41.315	0	2	50	6.541	0.992	NA	0.189	NA	-135	45
420	13	30	27.237	41.315	0	2	0	6.541	0.992	NA	0	NA	0	135
421	13	31	27.237	41.315	0	2	16	6.541	0.992	NA	0	NA	0	0
422	13	32	27.237	41.315	0	2	25	6.541	0.992	NA	0	NA	0	0
423	13	33	27.237	41.315	0	2	16	6.541	0.992	NA	0	NA	0	0
424	13	34	27.237	41.315	0	2	8	6.541	0.992	NA	0	NA	0	0
425	13	35	27.237	41.315	0	2	16	6.541	0.992	NA	0	NA	0	0
426	13	36	27.171	41.315	0	2	0	6.608	1.042	NA	0.067	NA	180	180
427	13	37	27.171	41.315	0	2	8	6.608	1.042	NA	0	NA	0	-180
428	13	38	27.171	41.315	0	2	8	6.608	1.042	NA	0	NA	0	0
429	13	39	27.171	41.315	0	2	8	6.608	1.042	NA	0	NA	0	0
430	13	40	27.171	41.315	0	2	25	6.608	1.042	NA	0	NA	0	0
431	13	41	27.171	41.315	0	2	0	6.608	1.042	NA	0	NA	0	0
432	13	42	26.971	41.181	0	2	16	6.848	1.134	NA	0.241	NA	-146.31	-146.31
433	13	43	26.971	41.181	0	2	0	6.848	1.134	NA	0	NA	0	146.31
434	13	44	26.971	41.181	0	2	0	6.848	1.134	NA	0	NA	0	0
435	13	45	26.904	41.115	0	2	0	6.943	1.165	NA	0.094	NA	-135	-135
436	13	46	26.971	41.315	0	2	8	7.154	1.203	NA	0.211	NA	71.565	-153.435
437	13	47	27.237	41.515	0	2	0	7.487	1.136	NA	0.334	NA	36.87	-34.695
438	14	1	21.5	31.841	0	2	50	0	0	NA	NA	NA	NA	NA
439	14	2	21.5	31.841	0	2	33	0	0	NA	0	NA	0	NA
440	14	3	21.566	31.841	0	2	8	0.067	0.067	NA	0.067	NA	0	0
441	14	4	21.566	31.841	0	2	0	0.067	0.067	NA	0	NA	0	0
442	14	5	21.7	31.841	0	2	25	0.2	0.2	NA	0.133	NA	0	0
443	14	6	21.9	31.841	0	2	8	0.4	0.4	NA	0.2	NA	0	0
444	14	7	21.433	31.641	0	2	25	0.908	0.211	NA	0.508	NA	-156.801	-156.801
445	14	8	21.5	31.707	0	2	8	1.003	0.133	NA	0.094	NA	45	-158.199
446	14	9	21.366	31.707	0	2	0	1.136	0.189	NA	0.133	NA	180	135
447	14	10	21.833	31.974	0	2	25	1.674	0.359	NA	0.538	NA	29.745	-150.255
448	14	11	21.767	31.974	0	2	41	1.741	0.298	NA	0.067	NA	180	150.255
449	14	12	22.234	32.375	0	2	50	2.356	0.907	NA	0.615	NA	40.601	-139.399
450	14	13	22.234	32.508	0	2	16	2.489	0.992	NA	0.133	NA	90	49.399
451	14	14	21.633	32.241	0	2	16	3.146	0.422	NA	0.657	NA	-156.038	113.962
452	14	15	21.9	32.308	0	2	0	3.422	0.615	NA	0.275	NA	14.036	170.074
453	14	16	21.833	31.974	0	2	0	3.762	0.359	NA	0.34	NA	-101.31	-115.346
454	14	17	21.833	31.908	0	2	16	3.828	0.34	NA	0.067	NA	-90	11.31
455	14	18	21.833	31.908	0	2	16	3.828	0.34	NA	0	NA	0	90
456	14	19	21.767	31.841	0	2	41	3.923	0.267	NA	0.094	NA	-135	-135
457	14	20	21.5	31.774	0	2	16	4.198	0.067	NA	0.275	NA	-165.964	-30.964
458	14	21	21.7	31.908	0	2	41	4.438	0.211	NA	0.241	NA	33.69	-160.346
459	14	22	21.833	31.908	0	2	25	4.572	0.34	NA	0.133	NA	0	-33.69
460	14	23	21.633	31.974	0	2	16	4.783	0.189	NA	0.211	NA	161.565	161.565
461	14	24	21.566	32.041	0	2	16	4.877	0.211	NA	0.094	NA	135	-26.565
462	14	25	21.5	32.041	0	2	41	4.944	0.2	NA	0.067	NA	180	45
463	14	26	21.433	32.041	0	2	0	5.011	0.211	NA	0.067	NA	180	0
464	14	27	21.433	32.041	0	2	16	5.011	0.211	NA	0	NA	0	-180
465	14	28	21.433	32.041	0	2	0	5.011	0.211	NA	0	NA	0	0
466	14	29	21.566	31.774	0	2	16	5.309	0.094	NA	0.298	NA	-63.435	-63.435
467	14	30	21.3	31.841	0	2	25	5.584	0.2	NA	0.275	NA	165.964	-130.601
468	14	31	21.099	31.974	0	2	8	5.825	0.422	NA	0.241	NA	146.31	-19.654
469	14	32	21.033	31.841	0	2	16	5.974	0.467	NA	0.149	NA	-116.565	97.125
470	14	33	21.3	31.841	0	2	16	6.241	0.2	NA	0.267	NA	0	116.565
471	14	34	21.166	31.841	0	2	0	6.374	0.334	NA	0.133	NA	180	180
472	14	35	21.099	31.774	0	2	8	6.468	0.406	NA	0.094	NA	-135	45
473	14	36	21.033	31.774	0	2	8	6.535	0.472	NA	0.067	NA	180	-45
474	14	37	20.966	31.774	0	2	0	6.602	0.538	NA	0.067	NA	180	0
475	14	38	21.433	31.974	0	2	16	7.11	0.149	NA	0.508	NA	23.199	-156.801
476	14	39	21.5	32.108	0	2	25	7.259	0.267	NA	0.149	NA	63.435	40.236
477	14	40	21.3	32.241	0	2	8	7.5	0.448	NA	0.241	NA	146.31	82.875
478	14	41	21.233	32.241	0	2	16	7.566	0.481	NA	0.067	NA	180	33.69
479	14	42	21.099	32.241	0	2	8	7.7	0.566	NA	0.133	NA	180	0
480	14	43	21.166	32.241	0	2	16	7.767	0.521	NA	0.067	NA	0	-180
481	14	44	21.099	32.241	0	2	25	7.833	0.566	NA	0.067	NA	180	180
482	14	45	21.033	32.241	0	2	25	7.9	0.615	NA	0.067	NA	180	0
483	14	46	20.966	32.108	0	2	16	8.049	0.597	NA	0.149	NA	-116.565	63.435
484	14	47	21.433	32.508	0	2	8	8.664	0.671	NA	0.615	NA	40.601	157.166
485	15	1	12.893	28.772	0	2	33	0	0	NA	NA	NA	NA	NA
486	15	2	12.359	27.304	0	2	0	1.562	1.562	NA	1.562	NA	-109.983	NA
487	15	3	10.224	24.635	0	2	16	4.979	4.923	NA	3.418	NA	-128.66	-18.677
488	15	4	8.757	23.168	0	2	8	7.055	6.966	NA	2.076	NA	-135	-6.34
489	15	5	7.289	20.899	0	2	8	9.757	9.664	NA	2.702	NA	-122.905	12.095
490	16	1	11.225	24.035	0	2	8	0	0	NA	NA	NA	NA	NA
491	16	2	11.092	23.968	0	2	41	0.149	0.149	NA	0.149	NA	-153.435	NA
492	16	3	11.092	23.968	0	2	41	0.149	0.149	NA	0	NA	0	153.435
493	16	4	10.625	23.768	0	2	33	0.657	0.657	NA	0.508	NA	-156.801	-156.801
494	16	5	10.691	23.701	0	2	41	0.752	0.629	NA	0.094	NA	-45	111.801
495	16	6	10.425	21.433	0	2	16	3.036	2.722	NA	2.284	NA	-96.71	-51.71
496	16	7	10.758	20.232	0	2	0	4.282	3.831	NA	1.246	NA	-74.476	22.234
497	16	8	11.092	18.097	0	2	16	6.443	5.939	NA	2.161	NA	-81.119	-6.643
498	17	1	13.56	30.373	0	2	33	0	0	NA	NA	NA	NA	NA
499	17	2	13.56	30.373	0	2	33	0	0	NA	0	NA	0	NA
500	17	3	13.56	30.373	0	2	41	0	0	NA	0	NA	0	0
501	17	4	13.494	29.973	0	2	16	0.406	0.406	NA	0.406	NA	-99.462	-99.462
502	17	5	13.027	29.506	0	2	16	1.066	1.018	NA	0.66	NA	-135	-35.538
503	17	6	12.693	29.239	0	2	41	1.493	1.428	NA	0.427	NA	-141.34	-6.34
504	17	7	12.96	29.172	0	2	16	1.769	1.343	NA	0.275	NA	-14.036	127.304
505	17	8	12.893	29.639	0	2	83	2.24	0.992	NA	0.472	NA	98.13	112.166
506	17	9	12.96	29.773	0	2	83	2.39	0.849	NA	0.149	NA	63.435	-34.695
507	17	10	12.96	29.906	0	2	8	2.523	0.761	NA	0.133	NA	90	26.565
508	17	11	13.56	30.707	0	2	25	3.524	0.334	NA	1.001	NA	53.13	-36.87
509	17	12	13.627	30.773	0	2	8	3.618	0.406	NA	0.094	NA	45	-8.13
510	17	13	13.627	30.773	0	2	0	3.618	0.406	NA	0	NA	0	-45
511	17	14	13.627	30.773	0	2	0	3.618	0.406	NA	0	NA	0	0
512	17	15	13.494	30.773	0	2	16	3.752	0.406	NA	0.133	NA	180	180
513	17	16	13.427	29.906	0	2	58	4.621	0.486	NA	0.87	NA	-94.399	85.601
514	17	17	12.96	29.973	0	2	25	5.093	0.722	NA	0.472	NA	171.87	-93.731
515	17	18	12.826	29.639	0	2	25	5.452	1.038	NA	0.359	NA	-111.801	76.329
516	17	19	13.093	29.773	0	2	75	5.751	0.761	NA	0.298	NA	26.565	138.366
517	17	20	13.227	29.773	0	2	41	5.884	0.687	NA	0.133	NA	0	-26.565
518	17	21	13.227	29.506	0	2	8	6.151	0.929	NA	0.267	NA	-90	-90
519	17	22	12.56	28.171	0	2	33	7.643	2.418	NA	1.492	NA	-116.565	-26.565
520	17	23	11.892	27.571	0	2	0	8.541	3.261	NA	0.898	NA	-138.013	-21.448
521	17	24	12.359	29.106	0	2	0	10.145	1.746	NA	1.604	NA	73.072	-148.915
522	17	25	12.893	29.573	0	2	33	10.854	1.042	NA	0.709	NA	41.186	-31.887
523	17	26	13.027	29.973	0	2	91	11.276	0.667	NA	0.422	NA	71.565	30.379
524	17	27	13.027	30.106	0	2	8	11.409	0.597	NA	0.133	NA	90	18.435
525	17	28	12.826	29.506	0	2	75	12.042	1.136	NA	0.633	NA	-108.435	161.565
526	17	29	12.626	29.439	0	2	41	12.253	1.321	NA	0.211	NA	-161.565	-53.13
527	17	30	12.426	29.306	0	2	58	12.494	1.558	NA	0.241	NA	-146.31	15.255
528	17	31	12.426	29.306	0	2	66	12.494	1.558	NA	0	NA	0	146.31
529	17	32	12.359	29.172	0	2	83	12.643	1.698	NA	0.149	NA	-116.565	-116.565
530	17	33	12.293	29.839	0	2	8	13.313	1.375	NA	0.671	NA	95.711	-147.724
531	17	34	12.226	29.172	0	2	50	13.984	1.795	NA	0.671	NA	-95.711	168.579
532	17	35	12.226	29.172	0	2	58	13.984	1.795	NA	0	NA	0	95.711
533	17	36	12.093	29.306	0	2	16	14.173	1.815	NA	0.189	NA	135	135
534	17	37	12.159	29.372	0	2	58	14.267	1.722	NA	0.094	NA	45	-90
535	17	38	12.293	29.639	0	2	41	14.565	1.465	NA	0.298	NA	63.435	18.435
536	17	39	12.493	29.973	0	2	41	14.954	1.14	NA	0.389	NA	59.036	-4.399
537	17	40	13.227	30.907	0	2	25	16.142	0.629	NA	1.188	NA	51.843	-7.193
538	17	41	13.293	30.907	0	2	8	16.209	0.597	NA	0.067	NA	0	-51.843
539	17	42	13.293	31.24	0	2	16	16.542	0.907	NA	0.334	NA	90	90
540	17	43	13.293	31.24	0	2	25	16.542	0.907	NA	0	NA	0	-90
541	17	44	13.36	31.374	0	2	25	16.692	1.021	NA	0.149	NA	63.435	63.435
542	17	45	13.36	31.374	0	2	0	16.692	1.021	NA	0	NA	0	-63.435
543	17	46	12.426	29.706	0	2	25	18.603	1.316	NA	1.912	NA	-119.249	-119.249
544	17	47	12.026	28.438	0	2	8	19.933	2.469	NA	1.329	NA	-107.526	11.723
545	18	1	10.625	25.236	0	2	16	0	0	NA	NA	NA	NA	NA
546	18	2	10.625	25.236	0	2	0	0	0	NA	0	NA	0	NA
547	18	3	10.625	25.169	0	2	16	0.067	0.067	NA	0.067	NA	-90	-90
548	18	4	10.158	25.036	0	2	0	0.552	0.508	NA	0.486	NA	-164.055	-74.055
549	18	5	10.491	25.436	0	2	8	1.074	0.241	NA	0.521	NA	50.194	-145.751
550	18	6	10.825	25.436	0	2	16	1.407	0.283	NA	0.334	NA	0	-50.194
551	18	7	10.691	25.369	0	2	0	1.556	0.149	NA	0.149	NA	-153.435	-153.435
552	18	8	10.691	25.436	0	2	0	1.623	0.211	NA	0.067	NA	90	-116.565
553	18	9	10.358	25.436	0	2	0	1.957	0.334	NA	0.334	NA	180	90
554	18	10	10.224	25.436	0	2	0	2.09	0.448	NA	0.133	NA	180	0
555	18	11	10.491	24.836	0	2	0	2.747	0.422	NA	0.657	NA	-66.038	113.962
556	18	12	10.224	24.769	0	2	8	3.022	0.615	NA	0.275	NA	-165.964	-99.926
557	18	13	10.358	25.236	0	2	33	3.508	0.267	NA	0.486	NA	74.055	-119.982
558	19	1	11.959	28.505	0	2	16	0	0	NA	NA	NA	NA	NA
559	19	2	11.759	26.37	0	2	25	2.144	2.144	NA	2.144	NA	-95.356	NA
560	19	3	11.826	26.57	0	2	16	2.355	1.939	NA	0.211	NA	71.565	166.921
561	19	4	11.826	26.437	0	2	41	2.489	2.073	NA	0.133	NA	-90	-161.565
562	19	5	11.959	26.704	0	2	16	2.787	1.801	NA	0.298	NA	63.435	153.435
563	19	6	11.959	27.104	0	2	41	3.187	1.401	NA	0.4	NA	90	26.565
564	19	7	12.826	27.704	0	2	0	4.242	1.18	NA	1.055	NA	34.695	-55.305
565	19	8	12.56	27.905	0	2	0	4.576	0.849	NA	0.334	NA	143.13	108.435
566	19	9	12.026	26.904	0	2	16	5.71	1.603	NA	1.134	NA	-118.072	98.797
567	19	10	12.226	26.37	0	2	8	6.28	2.152	NA	0.57	NA	-69.444	48.629
568	20	1	11.225	16.429	0	2	0	0	0	NA	NA	NA	NA	NA
569	20	2	10.825	20.699	0	2	33	4.289	4.289	NA	4.289	NA	95.356	NA
570	20	3	10.825	21.7	0	2	0	5.289	5.286	NA	1.001	NA	90	-5.356
571	20	4	10.558	23.234	0	2	25	6.847	6.838	NA	1.558	NA	99.866	9.866
572	20	5	10.558	23.568	0	2	41	7.181	7.17	NA	0.334	NA	90	-9.866
573	20	6	10.558	23.568	0	2	50	7.181	7.17	NA	0	NA	0	-90
574	20	7	10.291	23.701	0	2	41	7.479	7.332	NA	0.298	NA	153.435	153.435
575	20	8	10.825	23.902	0	2	8	8.049	7.483	NA	0.57	NA	20.556	-132.879
576	20	9	10.758	23.701	0	2	16	8.26	7.287	NA	0.211	NA	-108.435	-128.991
577	20	10	10.291	23.701	0	2	8	8.727	7.332	NA	0.467	NA	180	-71.565
578	20	11	10.091	23.435	0	2	8	9.061	7.097	NA	0.334	NA	-126.87	53.13
579	20	12	10.291	23.501	0	2	16	9.272	7.133	NA	0.211	NA	18.435	145.305
580	20	13	10.158	23.701	0	2	25	9.512	7.35	NA	0.241	NA	123.69	105.255
581	20	14	10.158	23.701	0	2	25	9.512	7.35	NA	0	NA	0	-123.69
582	20	15	10.158	23.568	0	2	41	9.645	7.218	NA	0.133	NA	-90	-90
583	20	16	10.158	23.501	0	2	8	9.712	7.152	NA	0.067	NA	-90	0
584	20	17	10.091	23.435	0	2	58	9.807	7.097	NA	0.094	NA	-135	-45
585	20	18	10.158	24.235	0	2	0	10.61	7.879	NA	0.803	NA	85.236	-139.764
586	20	19	10.358	24.035	0	2	0	10.893	7.655	NA	0.283	NA	-45	-130.236
587	20	20	10.825	23.968	0	2	16	11.365	7.55	NA	0.472	NA	-8.13	36.87
588	20	21	10.425	23.768	0	2	16	11.812	7.382	NA	0.448	NA	-153.435	-145.305
589	20	22	10.425	23.768	0	2	8	11.812	7.382	NA	0	NA	0	153.435
590	20	23	9.691	22.968	0	2	16	12.898	6.716	NA	1.086	NA	-132.51	-132.51
591	20	24	9.824	23.835	0	2	33	13.776	7.537	NA	0.878	NA	81.254	-146.236
592	20	25	10.625	25.703	0	2	16	15.808	9.293	NA	2.032	NA	66.801	-14.452
593	20	26	10.825	26.103	0	2	25	16.256	9.682	NA	0.448	NA	63.435	-3.366
594	20	27	10.892	25.903	0	2	33	16.467	9.48	NA	0.211	NA	-71.565	-135
595	20	28	10.758	25.836	0	2	0	16.616	9.419	NA	0.149	NA	-153.435	-81.87
596	21	1	10.691	13.961	0	2	33	0	0	NA	NA	NA	NA	NA
597	21	2	10.158	14.294	0	2	0	0.629	0.629	NA	0.629	NA	147.995	NA
598	21	3	10.625	14.428	0	2	41	1.115	0.472	NA	0.486	NA	15.945	-132.049
599	21	4	10.558	14.828	0	2	16	1.521	0.878	NA	0.406	NA	99.462	83.517
600	21	5	10.291	15.962	0	2	8	2.686	2.041	NA	1.165	NA	103.241	3.778
601	21	6	10.291	17.764	0	2	8	4.487	3.824	NA	1.801	NA	90	-13.241
602	21	7	10.158	18.231	0	2	8	4.973	4.303	NA	0.486	NA	105.945	15.945
603	21	8	10.091	19.365	0	2	8	6.109	5.437	NA	1.136	NA	93.366	-12.579
604	21	9	10.158	20.632	0	2	50	7.379	6.693	NA	1.269	NA	86.987	-6.379
605	21	10	10.158	21.366	0	2	25	8.113	7.425	NA	0.734	NA	90	3.013
606	21	11	10.558	22.901	0	2	8	9.698	8.941	NA	1.586	NA	75.379	-14.621
607	21	12	10.358	23.234	0	2	16	10.088	9.28	NA	0.389	NA	120.964	45.585
608	21	13	10.558	23.501	0	2	16	10.421	9.542	NA	0.334	NA	53.13	-67.834
609	21	14	10.625	23.501	0	2	25	10.488	9.541	NA	0.067	NA	0	-53.13
610	21	15	10.291	25.236	0	2	0	12.254	11.282	NA	1.766	NA	100.886	100.886
611	21	16	10.291	25.703	0	2	0	12.721	11.749	NA	0.467	NA	90	-10.886
612	21	17	9.891	25.703	0	2	16	13.122	11.77	NA	0.4	NA	180	90
613	21	18	9.557	25.503	0	2	8	13.511	11.598	NA	0.389	NA	-149.036	30.964
614	21	19	10.024	25.77	0	2	8	14.049	11.828	NA	0.538	NA	29.745	178.781
615	21	20	11.559	27.304	0	2	16	16.219	13.372	NA	2.17	NA	45	15.255
616	21	21	11.826	27.504	0	2	16	16.552	13.591	NA	0.334	NA	36.87	-8.13
617	21	22	11.826	27.504	0	2	0	16.552	13.591	NA	0	NA	0	-36.87
618	21	23	11.759	27.638	0	2	0	16.701	13.719	NA	0.149	NA	116.565	116.565
619	21	24	12.159	27.971	0	2	0	17.222	14.087	NA	0.521	NA	39.806	-76.759
620	22	1	7.155	18.631	0	2	16	0	0	NA	NA	NA	NA	NA
621	22	2	7.356	18.764	0	2	8	0.241	0.241	NA	0.241	NA	33.69	NA
622	22	3	7.356	18.164	0	2	0	0.841	0.508	NA	0.6	NA	-90	-123.69
623	22	4	7.155	18.164	0	2	16	1.041	0.467	NA	0.2	NA	180	-90
624	22	5	7.089	18.364	0	2	25	1.252	0.275	NA	0.211	NA	108.435	-71.565
625	22	6	6.955	18.431	0	2	16	1.401	0.283	NA	0.149	NA	153.435	45
626	22	7	6.889	18.431	0	2	8	1.468	0.334	NA	0.067	NA	180	26.565
627	22	8	6.955	18.964	0	2	16	2.006	0.389	NA	0.538	NA	82.875	-97.125
628	22	9	7.089	19.165	0	2	16	2.246	0.538	NA	0.241	NA	56.31	-26.565
629	22	10	7.289	19.298	0	2	8	2.487	0.68	NA	0.241	NA	33.69	-22.62
630	22	11	7.289	19.298	0	2	0	2.487	0.68	NA	0	NA	0	-33.69
631	22	12	7.222	19.498	0	2	0	2.698	0.87	NA	0.211	NA	108.435	108.435
632	22	13	7.222	19.632	0	2	0	2.831	1.003	NA	0.133	NA	90	-18.435
633	22	14	7.155	19.231	0	2	0	3.237	0.6	NA	0.406	NA	-99.462	170.538
634	22	15	7.022	19.098	0	2	16	3.426	0.486	NA	0.189	NA	-135	-35.538
635	22	16	6.822	19.098	0	2	16	3.626	0.574	NA	0.2	NA	180	-45
636	22	17	7.556	20.632	0	2	33	5.327	2.041	NA	1.701	NA	64.44	-115.56
637	22	18	6.755	19.632	0	2	33	6.609	1.078	NA	1.282	NA	-128.66	166.9
638	22	19	7.155	19.765	0	2	8	7.031	1.134	NA	0.422	NA	18.435	147.095
639	22	20	6.955	19.965	0	2	41	7.314	1.349	NA	0.283	NA	135	116.565
640	22	21	6.822	20.366	0	2	25	7.736	1.766	NA	0.422	NA	108.435	-26.565
641	22	22	6.822	20.432	0	2	33	7.802	1.832	NA	0.067	NA	90	-18.435
642	22	23	7.022	20.299	0	2	8	8.043	1.673	NA	0.241	NA	-33.69	-123.69
643	22	24	7.155	20.566	0	2	0	8.341	1.935	NA	0.298	NA	63.435	97.125
644	22	25	6.755	20.499	0	2	8	8.747	1.91	NA	0.406	NA	-170.538	126.027
645	22	26	6.688	20.499	0	2	8	8.814	1.926	NA	0.067	NA	180	-9.462
646	22	27	6.221	20.366	0	2	0	9.3	1.97	NA	0.486	NA	-164.055	15.945
647	22	28	6.422	20.232	0	2	50	9.54	1.761	NA	0.241	NA	-33.69	130.365
648	22	29	6.622	19.965	0	2	25	9.874	1.437	NA	0.334	NA	-53.13	-19.44
649	22	30	6.422	20.499	0	2	8	10.444	2.007	NA	0.57	NA	110.556	163.686
650	22	31	6.822	19.965	0	2	8	11.111	1.375	NA	0.667	NA	-53.13	-163.686
651	22	32	6.822	20.099	0	2	8	11.244	1.505	NA	0.133	NA	90	143.13
652	22	33	6.755	20.099	0	2	25	11.311	1.521	NA	0.067	NA	180	90
653	22	34	6.555	20.165	0	2	16	11.522	1.648	NA	0.211	NA	161.565	-18.435
654	22	35	6.688	19.965	0	2	50	11.763	1.414	NA	0.241	NA	-56.31	142.125
655	22	36	6.688	19.898	0	2	16	11.829	1.351	NA	0.067	NA	-90	-33.69
656	22	37	6.822	20.966	0	2	50	12.905	2.359	NA	1.076	NA	82.875	172.875
657	22	38	7.489	22.367	0	2	16	14.457	3.751	NA	1.552	NA	64.537	-18.338
658	22	39	7.889	22.767	0	2	16	15.023	4.201	NA	0.566	NA	45	-19.537
659	22	40	7.622	22.968	0	2	16	15.357	4.362	NA	0.334	NA	143.13	98.13
660	22	41	7.356	23.034	0	2	41	15.632	4.408	NA	0.275	NA	165.964	22.834
661	22	42	7.222	22.5	0	2	41	16.182	3.87	NA	0.55	NA	-104.036	90
662	22	43	7.622	23.168	0	2	41	16.96	4.561	NA	0.778	NA	59.036	163.072
663	22	44	8.356	24.302	0	2	83	18.311	5.797	NA	1.351	NA	57.095	-1.941
664	22	45	7.422	23.301	0	2	25	19.68	4.678	NA	1.369	NA	-133.025	169.88
665	22	46	7.222	22.767	0	2	16	20.25	4.137	NA	0.57	NA	-110.556	22.469
666	22	47	7.022	22.5	0	2	8	20.583	3.872	NA	0.334	NA	-126.87	-16.314
667	23	1	6.155	16.563	0	2	16	0	0	NA	NA	NA	NA	NA
668	23	2	6.422	18.297	0	2	16	1.755	1.755	NA	1.755	NA	81.254	NA
669	23	3	6.755	19.031	0	2	16	2.561	2.541	NA	0.806	NA	65.556	-15.698
670	23	4	7.222	19.365	0	2	16	3.135	2.999	NA	0.574	NA	35.538	-30.018
671	23	5	6.889	19.632	0	2	16	3.562	3.156	NA	0.427	NA	141.34	105.803
672	23	6	6.755	19.431	0	2	16	3.803	2.931	NA	0.241	NA	-123.69	94.97
673	23	7	6.755	19.765	0	2	8	4.136	3.258	NA	0.334	NA	90	-146.31
674	23	8	7.155	20.232	0	2	0	4.752	3.803	NA	0.615	NA	49.399	-40.601
675	23	9	7.089	20.499	0	2	8	5.027	4.046	NA	0.275	NA	104.036	54.638
676	23	10	7.089	20.499	0	2	0	5.027	4.046	NA	0	NA	0	-104.036
677	23	11	7.422	21.7	0	2	16	6.273	5.291	NA	1.246	NA	74.476	74.476
678	23	12	7.689	22.033	0	2	8	6.7	5.682	NA	0.427	NA	51.34	-23.136
679	23	13	7.289	22.3	0	2	16	7.181	5.849	NA	0.481	NA	146.31	94.97
680	23	14	7.489	22.167	0	2	8	7.422	5.761	NA	0.241	NA	-33.69	-180
681	23	15	7.422	22.567	0	2	8	7.828	6.137	NA	0.406	NA	99.462	133.152
682	24	1	8.823	13.494	0	2	41	0	0	NA	NA	NA	NA	NA
683	24	2	8.623	13.961	0	2	25	0.508	0.508	NA	0.508	NA	113.199	NA
684	24	3	8.757	14.027	0	2	8	0.657	0.538	NA	0.149	NA	26.565	-86.634
685	24	4	8.957	14.027	0	2	16	0.857	0.55	NA	0.2	NA	0	-26.565
686	24	5	8.623	13.961	0	2	0	1.198	0.508	NA	0.34	NA	-168.69	-168.69
687	24	6	8.623	13.227	0	2	58	1.932	0.334	NA	0.734	NA	-90	78.69
688	24	7	8.623	13.227	0	2	58	1.932	0.334	NA	0	NA	0	90
689	24	8	8.823	13.16	0	2	25	2.143	0.334	NA	0.211	NA	-18.435	-18.435
690	24	9	9.024	13.293	0	2	16	2.383	0.283	NA	0.241	NA	33.69	52.125
691	24	10	9.424	13.227	0	2	8	2.789	0.657	NA	0.406	NA	-9.462	-43.152
692	24	11	9.958	13.293	0	2	8	3.327	1.152	NA	0.538	NA	7.125	16.587
693	24	12	9.824	13.227	0	2	8	3.476	1.036	NA	0.149	NA	-153.435	-160.56
694	24	13	9.824	13.227	0	2	16	3.476	1.036	NA	0	NA	0	153.435
695	24	14	9.557	12.893	0	2	16	3.903	0.948	NA	0.427	NA	-128.66	-128.66
696	24	15	9.557	13.027	0	2	16	4.037	0.87	NA	0.133	NA	90	-141.34
697	24	16	9.491	13.093	0	2	41	4.131	0.778	NA	0.094	NA	135	45
698	24	17	9.691	13.76	0	2	8	4.828	0.907	NA	0.697	NA	73.301	-61.699
699	24	18	10.558	13.694	0	2	8	5.697	1.746	NA	0.87	NA	-4.399	-77.699
700	24	19	10.558	13.36	0	2	8	6.031	1.74	NA	0.334	NA	-90	-85.601
701	24	20	10.558	13.293	0	2	0	6.098	1.746	NA	0.067	NA	-90	0
702	24	21	10.558	13.093	0	2	0	6.298	1.78	NA	0.2	NA	-90	0
703	24	22	10.892	12.159	0	2	0	7.29	2.461	NA	0.992	NA	-70.346	19.654
704	24	23	10.558	11.959	0	2	41	7.679	2.316	NA	0.389	NA	-149.036	-78.69
705	25	1	9.691	11.025	0	2	25	0	0	NA	NA	NA	NA	NA
706	25	2	9.691	11.025	0	2	8	0	0	NA	0	NA	0	NA
707	25	3	9.891	11.092	0	2	33	0.211	0.211	NA	0.211	NA	18.435	18.435
708	25	4	9.958	11.225	0	2	8	0.36	0.334	NA	0.149	NA	63.435	45
709	25	5	9.624	11.759	0	2	66	0.99	0.737	NA	0.629	NA	122.005	58.57
710	25	6	9.691	11.759	0	2	25	1.056	0.734	NA	0.067	NA	0	-122.005
711	25	7	9.691	11.759	0	2	41	1.056	0.734	NA	0	NA	0	0
712	25	8	9.691	11.692	0	2	16	1.123	0.667	NA	0.067	NA	-90	-90
713	25	9	9.29	11.692	0	2	16	1.523	0.778	NA	0.4	NA	180	-90
714	25	10	9.424	11.692	0	2	33	1.657	0.719	NA	0.133	NA	0	-180
715	25	11	9.691	11.826	0	2	50	1.955	0.801	NA	0.298	NA	26.565	26.565
716	25	12	9.691	11.826	0	2	8	1.955	0.801	NA	0	NA	0	-26.565
717	25	13	9.157	12.493	0	2	16	2.81	1.562	NA	0.854	NA	128.66	128.66
718	25	14	9.224	13.027	0	2	33	3.347	2.055	NA	0.538	NA	82.875	-45.785
719	25	15	9.09	12.893	0	2	16	3.536	1.962	NA	0.189	NA	-135	142.125
720	25	16	9.224	12.826	0	2	25	3.685	1.861	NA	0.149	NA	-26.565	108.435
721	25	17	9.691	12.826	0	2	8	4.152	1.801	NA	0.467	NA	0	26.565
722	25	18	9.824	12.426	0	2	25	4.574	1.407	NA	0.422	NA	-71.565	-71.565
723	25	19	10.425	12.093	0	2	8	5.261	1.295	NA	0.687	NA	-29.055	42.51
724	25	20	10.625	12.226	0	2	0	5.502	1.521	NA	0.241	NA	33.69	62.745
725	25	21	10.558	12.426	0	2	0	5.713	1.648	NA	0.211	NA	108.435	74.745
726	25	22	9.824	12.426	0	2	0	6.447	1.407	NA	0.734	NA	180	71.565
727	25	23	9.691	12.626	0	2	16	6.687	1.601	NA	0.241	NA	123.69	-56.31
728	25	24	9.224	12.626	0	2	25	7.154	1.668	NA	0.467	NA	180	56.31
729	25	25	9.224	12.693	0	2	8	7.221	1.732	NA	0.067	NA	90	-90
730	25	26	9.29	12.293	0	2	0	7.627	1.329	NA	0.406	NA	-80.538	-170.538
731	25	27	9.024	12.093	0	2	8	7.96	1.259	NA	0.334	NA	-143.13	-62.592
732	25	28	9.024	11.959	0	2	16	8.094	1.148	NA	0.133	NA	-90	53.13
733	26	1	6.288	15.562	0	2	33	0	0	NA	NA	NA	NA	NA
734	26	2	6.221	16.229	0	2	16	0.671	0.671	NA	0.671	NA	95.711	NA
735	26	3	6.088	16.696	0	2	16	1.156	1.152	NA	0.486	NA	105.945	10.235
736	26	4	6.288	17.096	0	2	0	1.604	1.535	NA	0.448	NA	63.435	-42.51
737	26	5	6.221	16.629	0	2	33	2.076	1.07	NA	0.472	NA	-98.13	-161.565
738	26	6	6.155	16.629	0	2	16	2.142	1.076	NA	0.067	NA	180	-81.87
739	26	7	6.021	17.297	0	2	0	2.823	1.755	NA	0.68	NA	101.31	-78.69
740	26	8	5.955	17.23	0	2	8	2.917	1.701	NA	0.094	NA	-135	123.69
