Nr	TID	PID	x [micron]	y [micron]	t [sec]	c [idx]	I [val]	Len [micron]	D2S [micron]	D2R [micron]	D2P [micron]	v [micron/sec]	? [deg]	?? [deg]
1	1	1	27.129	15.609	0	2	0	0	0	NA	NA	NA	NA	NA
2	1	2	27.32	15.482	0	2	13	0.229	0.229	NA	0.229	NA	-33.69	NA
3	1	3	26.302	16.055	0	2	13	1.398	0.94	NA	1.168	NA	150.642	-175.668
4	1	4	25.729	16.946	0	2	13	2.457	1.936	NA	1.059	NA	122.735	-27.907
5	1	5	25.156	16.946	0	2	167	3.03	2.383	NA	0.573	NA	180	57.265
6	1	6	24.074	17.582	0	2	83	4.285	3.637	NA	1.255	NA	149.534	-30.466
7	1	7	23.947	18.919	0	2	27	5.628	4.591	NA	1.343	NA	95.44	-54.094
8	1	8	23.883	18.919	0	2	41	5.691	4.636	NA	0.064	NA	180	84.56
9	1	9	23.819	19.682	0	2	27	6.458	5.248	NA	0.766	NA	94.764	-85.236
10	1	10	23.883	19.81	0	2	41	6.6	5.309	NA	0.142	NA	63.435	-31.329
11	1	11	23.628	20.383	0	2	27	7.227	5.919	NA	0.627	NA	113.962	50.528
12	1	12	23.501	20.892	0	2	83	7.752	6.408	NA	0.525	NA	104.036	-9.926
13	1	13	22.737	21.019	0	2	139	8.526	6.968	NA	0.774	NA	170.538	66.501
14	1	14	22.674	21.083	0	2	83	8.616	7.058	NA	0.09	NA	135	-35.538
15	1	15	22.228	21.083	0	2	69	9.062	7.347	NA	0.446	NA	180	45
16	1	16	21.465	20.955	0	2	41	9.836	7.789	NA	0.774	NA	-170.538	9.462
17	1	17	20.828	20.955	0	2	111	10.472	8.263	NA	0.636	NA	180	-9.462
18	1	18	20.319	21.019	0	2	55	10.986	8.697	NA	0.513	NA	172.875	-7.125
19	1	19	19.937	21.146	0	2	83	11.388	9.077	NA	0.403	NA	161.565	-11.31
20	1	20	19.619	21.146	0	2	83	11.706	9.331	NA	0.318	NA	180	18.435
21	1	21	19.173	21.083	0	2	69	12.156	9.657	NA	0.45	NA	-171.87	8.13
22	1	22	18.6	21.083	0	2	181	12.729	10.134	NA	0.573	NA	180	-8.13
23	1	23	18.346	20.955	0	2	111	13.014	10.282	NA	0.285	NA	-153.435	26.565
24	1	24	18.219	20.892	0	2	181	13.156	10.359	NA	0.142	NA	-153.435	0
25	1	25	18.219	20.828	0	2	255	13.22	10.326	NA	0.064	NA	-90	63.435
26	1	26	18.219	20.828	0	2	223	13.22	10.326	NA	0	NA	0	90
27	1	27	18.219	20.828	0	2	153	13.22	10.326	NA	0	NA	0	0
28	1	28	18.219	20.828	0	2	237	13.22	10.326	NA	0	NA	0	0
29	1	29	18.219	20.764	0	2	255	13.283	10.294	NA	0.064	NA	-90	-90
30	1	30	18.219	20.764	0	2	209	13.283	10.294	NA	0	NA	0	90
31	1	31	18.219	20.637	0	2	255	13.411	10.231	NA	0.127	NA	-90	-90
32	1	32	18.219	20.637	0	2	255	13.411	10.231	NA	0	NA	0	90
33	1	33	18.091	20.51	0	2	251	13.591	10.281	NA	0.18	NA	-135	-135
34	1	34	18.091	20.51	0	2	255	13.591	10.281	NA	0	NA	0	135
35	1	35	18.282	20.573	0	2	55	13.792	10.144	NA	0.201	NA	18.435	18.435
36	1	36	18.41	20.001	0	2	111	14.379	9.763	NA	0.587	NA	-77.471	-95.906
37	1	37	18.41	19.682	0	2	41	14.697	9.624	NA	0.318	NA	-90	-12.529
38	1	38	18.473	19.682	0	2	55	14.761	9.566	NA	0.064	NA	0	90
39	1	39	18.537	19.428	0	2	27	15.023	9.403	NA	0.262	NA	-75.964	-75.964
40	1	40	18.919	19.173	0	2	41	15.482	8.951	NA	0.459	NA	-33.69	42.274
41	1	41	19.046	19.237	0	2	69	15.624	8.86	NA	0.142	NA	26.565	60.255
42	1	42	18.6	18.855	0	2	41	16.211	9.125	NA	0.587	NA	-139.399	-165.964
43	1	43	18.982	18.728	0	2	41	16.614	8.723	NA	0.403	NA	-18.435	120.964
44	1	44	18.41	18.537	0	2	55	17.217	9.198	NA	0.604	NA	-161.565	-143.13
45	1	45	18.728	18.855	0	2	41	17.667	9.006	NA	0.45	NA	45	-153.435
46	1	46	18.664	18.791	0	2	55	17.758	9.043	NA	0.09	NA	-135	180
47	1	47	19.364	18.41	0	2	13	18.555	8.254	NA	0.797	NA	-28.61	106.39
48	1	48	18.473	18.919	0	2	111	19.581	9.267	NA	1.026	NA	150.255	178.866
49	1	49	18.537	19.428	0	2	13	20.094	9.403	NA	0.513	NA	82.875	-67.38
50	1	50	18.728	18.728	0	2	41	20.82	8.961	NA	0.726	NA	-74.745	-157.62
51	1	51	19.173	18.219	0	2	69	21.497	8.373	NA	0.677	NA	-48.814	25.931
52	1	52	20.255	17.709	0	2	41	22.692	7.187	NA	1.196	NA	-25.201	23.613
53	1	53	20.573	17.518	0	2	0	23.064	6.828	NA	0.371	NA	-30.964	-5.763
54	1	54	21.465	17.328	0	2	13	23.975	5.919	NA	0.911	NA	-12.095	18.869
55	1	55	20.955	17.137	0	2	13	24.519	6.36	NA	0.544	NA	-159.444	-147.349
56	1	56	21.465	16.755	0	2	13	25.155	5.779	NA	0.636	NA	-36.87	122.574
57	1	57	21.91	16.882	0	2	13	25.618	5.372	NA	0.463	NA	15.945	52.815
58	1	58	22.228	16.627	0	2	0	26.026	5.005	NA	0.408	NA	-38.66	-54.605
59	1	59	22.228	17.009	0	2	13	26.408	5.097	NA	0.382	NA	90	128.66
60	1	60	21.846	17.073	0	2	27	26.795	5.482	NA	0.387	NA	170.538	80.538
61	2	1	26.747	19.873	0	2	0	0	0	NA	NA	NA	NA	NA
62	2	2	26.429	19.746	0	2	41	0.343	0.343	NA	0.343	NA	-158.199	NA
63	2	3	26.429	19.746	0	2	27	0.343	0.343	NA	0	NA	0	158.199
64	2	4	26.556	19.746	0	2	41	0.47	0.229	NA	0.127	NA	0	0
65	2	5	26.747	19.746	0	2	0	0.661	0.127	NA	0.191	NA	0	0
66	2	6	26.365	20.001	0	2	27	1.12	0.403	NA	0.459	NA	146.31	146.31
67	2	7	26.365	19.81	0	2	0	1.311	0.387	NA	0.191	NA	-90	123.69
68	2	8	25.729	20.255	0	2	41	2.088	1.088	NA	0.777	NA	145.008	-124.992
69	2	9	25.729	20.383	0	2	27	2.215	1.139	NA	0.127	NA	90	-55.008
70	2	10	25.729	20.319	0	2	69	2.279	1.112	NA	0.064	NA	-90	-180
71	2	11	25.792	20.319	0	2	27	2.342	1.054	NA	0.064	NA	0	90
72	2	12	25.983	20.51	0	2	13	2.612	0.994	NA	0.27	NA	45	45
73	2	13	25.92	20.319	0	2	41	2.814	0.94	NA	0.201	NA	-108.435	-153.435
74	2	14	26.174	20.319	0	2	13	3.068	0.726	NA	0.255	NA	0	108.435
75	2	15	26.238	20.064	0	2	27	3.331	0.544	NA	0.262	NA	-75.964	-75.964
76	2	16	25.92	19.937	0	2	13	3.673	0.83	NA	0.343	NA	-158.199	-82.235
77	2	17	25.983	20.001	0	2	13	3.763	0.774	NA	0.09	NA	45	-156.801
78	2	18	26.111	19.937	0	2	13	3.906	0.64	NA	0.142	NA	-26.565	-71.565
79	2	19	25.92	20.192	0	2	0	4.224	0.886	NA	0.318	NA	126.87	153.435
80	2	20	25.792	20.255	0	2	27	4.366	1.028	NA	0.142	NA	153.435	26.565
81	2	21	25.92	20.128	0	2	13	4.546	0.866	NA	0.18	NA	-45	161.565
82	2	22	26.365	20.128	0	2	13	4.992	0.459	NA	0.446	NA	0	45
83	2	23	26.238	20.319	0	2	41	5.221	0.677	NA	0.229	NA	123.69	123.69
84	2	24	26.174	20.064	0	2	27	5.484	0.604	NA	0.262	NA	-104.036	132.274
85	2	25	26.238	19.937	0	2	41	5.626	0.513	NA	0.142	NA	-63.435	40.601
86	2	26	25.856	20.255	0	2	27	6.123	0.969	NA	0.497	NA	140.194	-156.371
87	2	27	25.22	20.955	0	2	27	7.069	1.872	NA	0.946	NA	132.274	-7.921
88	2	28	25.474	20.955	0	2	27	7.324	1.671	NA	0.255	NA	0	-132.274
89	2	29	25.474	20.637	0	2	69	7.642	1.484	NA	0.318	NA	-90	-90
90	2	30	25.601	20.573	0	2	13	7.784	1.343	NA	0.142	NA	-26.565	63.435
91	2	31	25.411	20.892	0	2	55	8.155	1.68	NA	0.371	NA	120.964	147.529
92	2	32	25.411	20.892	0	2	41	8.155	1.68	NA	0	NA	0	-120.964
93	2	33	25.665	20.51	0	2	41	8.614	1.255	NA	0.459	NA	-56.31	-56.31
94	2	34	25.983	20.319	0	2	0	8.986	0.884	NA	0.371	NA	-30.964	25.346
95	2	35	25.983	20.319	0	2	41	8.986	0.884	NA	0	NA	0	30.964
96	2	36	26.047	20.319	0	2	27	9.049	0.83	NA	0.064	NA	0	0
97	2	37	26.238	20.192	0	2	27	9.279	0.6	NA	0.229	NA	-33.69	-33.69
98	2	38	26.238	20.192	0	2	27	9.279	0.6	NA	0	NA	0	33.69
99	2	39	26.365	20.128	0	2	27	9.421	0.459	NA	0.142	NA	-26.565	-26.565
100	2	40	26.365	20.255	0	2	13	9.548	0.54	NA	0.127	NA	90	116.565
101	2	41	26.365	20.383	0	2	13	9.676	0.636	NA	0.127	NA	90	0
102	2	42	26.302	20.383	0	2	41	9.739	0.677	NA	0.064	NA	180	90
103	2	43	26.111	20.319	0	2	27	9.94	0.777	NA	0.201	NA	-161.565	18.435
104	2	44	26.429	20.255	0	2	41	10.265	0.497	NA	0.325	NA	-11.31	150.255
105	2	45	26.302	20.192	0	2	55	10.407	0.548	NA	0.142	NA	-153.435	-142.125
106	2	46	26.302	20.192	0	2	27	10.407	0.548	NA	0	NA	0	153.435
107	2	47	26.62	20.128	0	2	27	10.732	0.285	NA	0.325	NA	-11.31	-11.31
108	2	48	25.92	20.51	0	2	27	11.529	1.044	NA	0.797	NA	151.39	162.699
109	2	49	26.238	20.319	0	2	13	11.9	0.677	NA	0.371	NA	-30.964	177.647
110	2	50	26.302	20.192	0	2	41	12.043	0.548	NA	0.142	NA	-63.435	-32.471
111	2	51	25.983	20.255	0	2	13	12.367	0.854	NA	0.325	NA	168.69	-127.875
112	2	52	26.302	20.51	0	2	13	12.775	0.777	NA	0.408	NA	38.66	-130.03
113	2	53	26.238	20.51	0	2	0	12.838	0.815	NA	0.064	NA	180	141.34
114	2	54	26.047	20.637	0	2	55	13.068	1.036	NA	0.229	NA	146.31	-33.69
115	2	55	26.047	20.637	0	2	55	13.068	1.036	NA	0	NA	0	-146.31
116	2	56	26.811	19.937	0	2	27	14.104	0.09	NA	1.036	NA	-42.51	-42.51
117	2	57	26.365	20.255	0	2	13	14.652	0.54	NA	0.548	NA	144.462	-173.027
118	2	58	26.874	20.001	0	2	41	15.221	0.18	NA	0.569	NA	-26.565	-171.027
119	2	59	27.193	19.746	0	2	0	15.628	0.463	NA	0.408	NA	-38.66	-12.095
120	2	60	27.384	19.364	0	2	13	16.055	0.815	NA	0.427	NA	-63.435	-24.775
121	3	1	19.173	22.165	0	2	13	0	0	NA	NA	NA	NA	NA
122	3	2	19.237	22.165	0	2	27	0.064	0.064	NA	0.064	NA	0	NA
123	3	3	18.6	22.356	0	2	0	0.728	0.604	NA	0.664	NA	163.301	163.301
124	3	4	17.518	22.292	0	2	27	1.812	1.66	NA	1.084	NA	-176.634	20.066
125	3	5	18.028	22.101	0	2	0	2.356	1.147	NA	0.544	NA	-20.556	156.077
126	3	6	18.028	22.101	0	2	0	2.356	1.147	NA	0	NA	0	20.556
127	3	7	18.028	22.547	0	2	55	2.801	1.208	NA	0.446	NA	90	90
128	3	8	18.473	22.292	0	2	41	3.314	0.712	NA	0.513	NA	-29.745	-119.745
129	3	9	18.537	22.165	0	2	13	3.457	0.636	NA	0.142	NA	-63.435	-33.69
130	3	10	18.41	22.292	0	2	41	3.637	0.774	NA	0.18	NA	135	-161.565
131	3	11	18.282	22.292	0	2	55	3.764	0.9	NA	0.127	NA	180	45
132	3	12	18.791	22.419	0	2	13	4.289	0.459	NA	0.525	NA	14.036	-165.964
133	3	13	19.492	22.419	0	2	13	4.989	0.408	NA	0.7	NA	0	-14.036
134	3	14	19.873	22.165	0	2	27	5.448	0.7	NA	0.459	NA	-33.69	-33.69
135	3	15	20.064	22.037	0	2	0	5.677	0.9	NA	0.229	NA	-33.69	0
136	3	16	20.128	22.101	0	2	0	5.767	0.957	NA	0.09	NA	45	78.69
137	3	17	19.81	22.356	0	2	0	6.175	0.664	NA	0.408	NA	141.34	96.34
138	3	18	19.619	22.356	0	2	41	6.366	0.485	NA	0.191	NA	180	38.66
139	3	19	20.383	22.292	0	2	0	7.132	1.216	NA	0.766	NA	-4.764	175.236
140	3	20	19.937	22.292	0	2	13	7.578	0.774	NA	0.446	NA	180	-175.236
141	3	21	19.873	22.419	0	2	13	7.72	0.745	NA	0.142	NA	116.565	-63.435
142	3	22	20.128	22.356	0	2	83	7.983	0.974	NA	0.262	NA	-14.036	-130.601
143	3	23	20.128	22.356	0	2	27	7.983	0.974	NA	0	NA	0	14.036
144	3	24	19.937	22.547	0	2	55	8.253	0.854	NA	0.27	NA	135	135
145	3	25	20.255	22.292	0	2	41	8.66	1.089	NA	0.408	NA	-38.66	-173.66
146	3	26	20.637	22.165	0	2	13	9.063	1.464	NA	0.403	NA	-18.435	20.225
147	3	27	20.764	21.846	0	2	27	9.405	1.623	NA	0.343	NA	-68.199	-49.764
148	3	28	20.764	21.846	0	2	0	9.405	1.623	NA	0	NA	0	68.199
149	3	29	20.955	21.719	0	2	0	9.635	1.837	NA	0.229	NA	-33.69	-33.69
150	3	30	21.019	21.465	0	2	27	9.897	1.974	NA	0.262	NA	-75.964	-42.274
151	3	31	20.892	21.592	0	2	41	10.077	1.811	NA	0.18	NA	135	-149.036
152	3	32	20.764	21.337	0	2	13	10.362	1.793	NA	0.285	NA	-116.565	108.435
153	3	33	21.019	21.465	0	2	0	10.647	1.974	NA	0.285	NA	26.565	143.13
154	3	34	21.337	21.655	0	2	13	11.018	2.223	NA	0.371	NA	30.964	4.399
155	3	35	21.783	21.719	0	2	0	11.468	2.647	NA	0.45	NA	8.13	-22.834
156	3	36	22.165	21.528	0	2	0	11.895	3.058	NA	0.427	NA	-26.565	-34.695
157	3	37	22.61	21.465	0	2	13	12.345	3.507	NA	0.45	NA	-8.13	18.435
158	3	38	23.374	21.337	0	2	27	13.119	4.281	NA	0.774	NA	-9.462	-1.332
159	3	39	23.628	21.083	0	2	13	13.479	4.585	NA	0.36	NA	-45	-35.538
160	3	40	23.819	21.21	0	2	0	13.708	4.743	NA	0.229	NA	33.69	78.69
161	3	41	23.501	20.828	0	2	13	14.206	4.53	NA	0.497	NA	-129.806	-163.496
162	3	42	23.756	21.146	0	2	41	14.613	4.694	NA	0.408	NA	51.34	-178.854
163	3	43	23.628	20.828	0	2	0	14.956	4.651	NA	0.343	NA	-111.801	-163.142
164	3	44	24.01	20.892	0	2	0	15.343	5.002	NA	0.387	NA	9.462	121.264
165	3	45	23.819	20.828	0	2	13	15.544	4.835	NA	0.201	NA	-161.565	-171.027
166	3	46	23.947	20.573	0	2	13	15.829	5.032	NA	0.285	NA	-63.435	98.13
167	3	47	23.819	20.573	0	2	41	15.956	4.911	NA	0.127	NA	180	-116.565
168	3	48	23.819	20.573	0	2	13	15.956	4.911	NA	0	NA	0	-180
169	3	49	24.074	20.192	0	2	27	16.415	5.283	NA	0.459	NA	-56.31	-56.31
170	4	1	14.654	24.265	0	2	27	0	0	NA	NA	NA	NA	NA
171	4	2	14.909	24.329	0	2	27	0.262	0.262	NA	0.262	NA	14.036	NA
172	4	3	15.291	24.456	0	2	97	0.665	0.664	NA	0.403	NA	18.435	4.399
173	4	4	15.164	24.456	0	2	41	0.792	0.544	NA	0.127	NA	180	161.565
174	4	5	15.418	24.647	0	2	69	1.11	0.854	NA	0.318	NA	36.87	-143.13
175	4	6	16.055	24.838	0	2	83	1.775	1.513	NA	0.664	NA	16.699	-20.171
176	4	7	16.055	24.838	0	2	27	1.775	1.513	NA	0	NA	0	-16.699
177	4	8	16.437	24.901	0	2	27	2.162	1.892	NA	0.387	NA	9.462	9.462
178	4	9	16.564	24.774	0	2	0	2.342	1.976	NA	0.18	NA	-45	-54.462
179	4	10	16.246	24.71	0	2	55	2.667	1.652	NA	0.325	NA	-168.69	-123.69
180	4	11	16.564	24.71	0	2	69	2.985	1.961	NA	0.318	NA	0	168.69
181	4	12	16.118	24.456	0	2	13	3.498	1.476	NA	0.513	NA	-150.255	-150.255
182	4	13	16.118	24.647	0	2	27	3.689	1.513	NA	0.191	NA	90	-119.745
183	4	14	16.5	24.647	0	2	13	4.071	1.885	NA	0.382	NA	0	-90
184	4	15	16.818	24.647	0	2	41	4.389	2.197	NA	0.318	NA	0	0
185	4	16	17.773	24.838	0	2	41	5.363	3.171	NA	0.974	NA	11.31	11.31
186	4	17	19.173	25.411	0	2	41	6.875	4.662	NA	1.513	NA	22.249	10.939
187	4	18	19.682	25.538	0	2	13	7.4	5.187	NA	0.525	NA	14.036	-8.213
188	4	19	19.364	25.92	0	2	69	7.897	4.992	NA	0.497	NA	129.806	115.769
189	4	20	19.301	25.983	0	2	55	7.987	4.954	NA	0.09	NA	135	5.194
190	4	21	19.492	25.983	0	2	27	8.178	5.133	NA	0.191	NA	0	-135
191	4	22	19.301	25.983	0	2	41	8.369	4.954	NA	0.191	NA	180	180
192	4	23	19.301	26.047	0	2	13	8.433	4.976	NA	0.064	NA	90	-90
193	4	24	19.364	25.729	0	2	13	8.757	4.932	NA	0.325	NA	-78.69	-168.69
194	4	25	19.301	25.92	0	2	41	8.959	4.932	NA	0.201	NA	108.435	-172.875
195	4	26	19.173	25.983	0	2	27	9.101	4.835	NA	0.142	NA	153.435	45
196	4	27	19.364	25.983	0	2	69	9.292	5.013	NA	0.191	NA	0	-153.435
197	4	28	18.919	25.729	0	2	41	9.805	4.509	NA	0.513	NA	-150.255	-150.255
198	4	29	19.237	25.792	0	2	41	10.13	4.83	NA	0.325	NA	11.31	161.565
199	4	30	19.237	25.792	0	2	41	10.13	4.83	NA	0	NA	0	-11.31
200	4	31	18.982	25.729	0	2	69	10.392	4.569	NA	0.262	NA	-165.964	-165.964
201	4	32	18.728	25.538	0	2	27	10.71	4.268	NA	0.318	NA	-143.13	22.834
202	4	33	18.855	25.538	0	2	0	10.838	4.389	NA	0.127	NA	0	143.13
203	4	34	18.728	25.411	0	2	55	11.018	4.231	NA	0.18	NA	-135	-135
204	4	35	19.173	25.538	0	2	13	11.481	4.695	NA	0.463	NA	15.945	150.945
205	4	36	19.428	25.856	0	2	13	11.888	5.032	NA	0.408	NA	51.34	35.395
206	4	37	19.682	26.047	0	2	41	12.207	5.334	NA	0.318	NA	36.87	-14.47
207	4	38	20.001	26.047	0	2	13	12.525	5.635	NA	0.318	NA	0	-36.87
208	4	39	19.301	26.047	0	2	27	13.225	4.976	NA	0.7	NA	180	180
209	4	40	17.9	25.538	0	2	27	14.715	3.487	NA	1.49	NA	-160.017	19.983
210	4	41	17.391	25.156	0	2	41	15.351	2.878	NA	0.636	NA	-143.13	16.887
211	4	42	17.582	25.092	0	2	27	15.553	3.042	NA	0.201	NA	-18.435	124.695
212	4	43	17.455	24.965	0	2	13	15.733	2.887	NA	0.18	NA	-135	-116.565
213	4	44	16.882	24.329	0	2	13	16.589	2.229	NA	0.856	NA	-131.987	3.013
214	5	1	20.701	22.801	0	2	0	0	0	NA	NA	NA	NA	NA
215	5	2	20.51	22.61	0	2	0	0.27	0.27	NA	0.27	NA	-135	NA
216	5	3	20.637	22.865	0	2	0	0.555	0.09	NA	0.285	NA	63.435	-161.565
217	5	4	20.892	22.865	0	2	0	0.809	0.201	NA	0.255	NA	0	-63.435
218	5	5	21.019	22.992	0	2	0	0.989	0.371	NA	0.18	NA	45	45
219	5	6	21.083	22.992	0	2	13	1.053	0.427	NA	0.064	NA	0	-45
220	5	7	20.701	22.992	0	2	13	1.435	0.191	NA	0.382	NA	180	180
221	5	8	20.828	22.992	0	2	0	1.562	0.229	NA	0.127	NA	0	-180
222	5	9	20.828	22.928	0	2	0	1.626	0.18	NA	0.064	NA	-90	-90
223	5	10	20.573	22.737	0	2	0	1.944	0.142	NA	0.318	NA	-143.13	-53.13
224	5	11	20.701	22.992	0	2	13	2.229	0.191	NA	0.285	NA	63.435	-153.435
225	5	12	20.637	22.992	0	2	27	2.292	0.201	NA	0.064	NA	180	116.565
226	5	13	20.764	22.992	0	2	55	2.42	0.201	NA	0.127	NA	0	-180
227	5	14	20.955	23.883	0	2	0	3.331	1.112	NA	0.911	NA	77.905	77.905
228	5	15	21.146	24.074	0	2	0	3.601	1.349	NA	0.27	NA	45	-32.905
229	5	16	21.146	24.201	0	2	13	3.728	1.469	NA	0.127	NA	90	45
230	5	17	20.764	23.947	0	2	55	4.187	1.147	NA	0.459	NA	-146.31	123.69
231	5	18	20.955	24.074	0	2	27	4.417	1.298	NA	0.229	NA	33.69	180
232	5	19	21.21	24.583	0	2	13	4.986	1.853	NA	0.569	NA	63.435	29.745
233	5	20	21.592	24.901	0	2	13	5.483	2.282	NA	0.497	NA	39.806	-23.629
234	6	1	15.8	21.401	0	2	55	0	0	NA	NA	NA	NA	NA
235	6	2	15.8	21.401	0	2	27	0	0	NA	0	NA	0	NA
236	6	3	15.8	21.401	0	2	55	0	0	NA	0	NA	0	0
237	6	4	15.864	21.401	0	2	13	0.064	0.064	NA	0.064	NA	0	0
238	6	5	15.864	21.401	0	2	13	0.064	0.064	NA	0	NA	0	0
239	6	6	15.8	21.401	0	2	0	0.127	0	NA	0.064	NA	180	180
240	6	7	15.355	21.337	0	2	27	0.577	0.45	NA	0.45	NA	-171.87	8.13
241	6	8	15.864	21.274	0	2	69	1.09	0.142	NA	0.513	NA	-7.125	164.745
242	6	9	15.991	21.274	0	2	13	1.218	0.229	NA	0.127	NA	0	7.125
243	6	10	15.736	21.274	0	2	41	1.472	0.142	NA	0.255	NA	180	180
244	6	11	15.927	21.401	0	2	27	1.702	0.127	NA	0.229	NA	33.69	-146.31
245	6	12	15.927	21.337	0	2	27	1.765	0.142	NA	0.064	NA	-90	-123.69
246	6	13	15.991	21.337	0	2	41	1.829	0.201	NA	0.064	NA	0	90
247	6	14	15.991	21.337	0	2	55	1.829	0.201	NA	0	NA	0	0
248	6	15	15.927	21.337	0	2	13	1.893	0.142	NA	0.064	NA	180	180
249	6	16	16.182	20.955	0	2	55	2.352	0.587	NA	0.459	NA	-56.31	123.69
250	6	17	16.691	20.764	0	2	83	2.895	1.095	NA	0.544	NA	-20.556	35.754
251	6	18	16.564	20.892	0	2	55	3.076	0.918	NA	0.18	NA	135	155.556
252	6	19	16.691	21.019	0	2	41	3.256	0.969	NA	0.18	NA	45	-90
253	6	20	16.627	21.21	0	2	41	3.457	0.849	NA	0.201	NA	108.435	63.435
254	6	21	16.627	21.91	0	2	13	4.157	0.972	NA	0.7	NA	90	-18.435
255	7	1	14.909	23.565	0	2	125	0	0	NA	NA	NA	NA	NA
256	7	2	15.1	23.565	0	2	41	0.191	0.191	NA	0.191	NA	0	NA
257	7	3	14.845	23.947	0	2	55	0.65	0.387	NA	0.459	NA	123.69	123.69
258	7	4	14.973	23.947	0	2	27	0.777	0.387	NA	0.127	NA	0	-123.69
259	7	5	15.864	23.819	0	2	41	1.677	0.988	NA	0.9	NA	-8.13	-8.13
260	7	6	15.991	23.947	0	2	0	1.857	1.147	NA	0.18	NA	45	53.13
261	7	7	16.373	23.947	0	2	13	2.239	1.513	NA	0.382	NA	0	-45
262	7	8	16.246	24.01	0	2	41	2.381	1.409	NA	0.142	NA	153.435	153.435
263	7	9	16.691	23.819	0	2	0	2.866	1.8	NA	0.485	NA	-23.199	-176.634
264	7	10	16.564	23.819	0	2	27	2.993	1.674	NA	0.127	NA	180	-156.801
265	7	11	17.073	23.819	0	2	55	3.503	2.179	NA	0.509	NA	0	-180
266	7	12	17.391	23.756	0	2	41	3.827	2.49	NA	0.325	NA	-11.31	-11.31
267	7	13	17.2	23.692	0	2	41	4.028	2.295	NA	0.201	NA	-161.565	-150.255
268	7	14	17.073	23.692	0	2	27	4.156	2.168	NA	0.127	NA	180	-18.435
269	7	15	17.137	23.756	0	2	41	4.246	2.236	NA	0.09	NA	45	-135
270	7	16	17.582	23.819	0	2	27	4.696	2.685	NA	0.45	NA	8.13	-36.87
271	7	17	17.264	23.692	0	2	27	5.039	2.358	NA	0.343	NA	-158.199	-166.329
272	7	18	17.582	23.756	0	2	41	5.363	2.68	NA	0.325	NA	11.31	169.509
273	7	19	17.2	23.947	0	2	41	5.79	2.323	NA	0.427	NA	153.435	142.125
274	7	20	17.646	23.883	0	2	13	6.24	2.755	NA	0.45	NA	-8.13	-161.565
275	7	21	17.264	23.692	0	2	13	6.667	2.358	NA	0.427	NA	-153.435	-145.305
276	7	22	17.709	23.883	0	2	0	7.152	2.818	NA	0.485	NA	23.199	176.634
277	7	23	18.091	23.756	0	2	0	7.554	3.188	NA	0.403	NA	-18.435	-41.634
278	7	24	17.773	23.883	0	2	55	7.897	2.882	NA	0.343	NA	158.199	176.634
279	7	25	17.709	23.947	0	2	13	7.987	2.826	NA	0.09	NA	135	-23.199
280	7	26	17.709	23.883	0	2	111	8.051	2.818	NA	0.064	NA	-90	135
281	7	27	17.773	23.883	0	2	55	8.114	2.882	NA	0.064	NA	0	90
282	7	28	17.582	23.883	0	2	55	8.305	2.692	NA	0.191	NA	180	180
283	7	29	17.264	23.756	0	2	55	8.648	2.363	NA	0.343	NA	-158.199	21.801
284	7	30	17.709	23.883	0	2	41	9.111	2.818	NA	0.463	NA	15.945	174.144
285	7	31	17.518	23.883	0	2	13	9.302	2.629	NA	0.191	NA	180	164.055
286	7	32	17.709	23.947	0	2	0	9.504	2.826	NA	0.201	NA	18.435	-161.565
287	7	33	17.837	23.947	0	2	13	9.631	2.953	NA	0.127	NA	0	-18.435
288	7	34	17.964	23.756	0	2	0	9.86	3.061	NA	0.229	NA	-56.31	-56.31
289	7	35	17.964	23.819	0	2	13	9.924	3.066	NA	0.064	NA	90	146.31
290	7	36	17.964	23.947	0	2	13	10.051	3.079	NA	0.127	NA	90	0
291	7	37	17.709	23.756	0	2	41	10.369	2.807	NA	0.318	NA	-143.13	126.87
292	7	38	17.964	23.883	0	2	27	10.654	3.072	NA	0.285	NA	26.565	169.695
293	7	39	17.837	23.883	0	2	41	10.781	2.945	NA	0.127	NA	180	153.435
294	7	40	17.964	23.819	0	2	55	10.924	3.066	NA	0.142	NA	-26.565	153.435
295	7	41	18.028	24.01	0	2	41	11.125	3.15	NA	0.201	NA	71.565	98.13
296	7	42	17.964	23.692	0	2	27	11.449	3.058	NA	0.325	NA	-101.31	-172.875
297	7	43	17.9	23.31	0	2	27	11.837	3.002	NA	0.387	NA	-99.462	1.848
298	7	44	18.028	23.501	0	2	55	12.066	3.119	NA	0.229	NA	56.31	155.772
299	7	45	18.282	23.628	0	2	27	12.351	3.374	NA	0.285	NA	26.565	-29.745
300	7	46	18.282	23.692	0	2	41	12.414	3.376	NA	0.064	NA	90	63.435
301	7	47	18.664	23.756	0	2	13	12.802	3.76	NA	0.387	NA	9.462	-80.538
302	7	48	18.982	23.756	0	2	41	13.12	4.078	NA	0.318	NA	0	-9.462
303	7	49	19.237	23.756	0	2	41	13.374	4.332	NA	0.255	NA	0	0
304	7	50	19.364	23.438	0	2	13	13.717	4.457	NA	0.343	NA	-68.199	-68.199
305	7	51	19.301	23.374	0	2	83	13.807	4.396	NA	0.09	NA	-135	-66.801
306	7	52	19.746	23.438	0	2	41	14.257	4.839	NA	0.45	NA	8.13	143.13
307	7	53	19.492	23.31	0	2	13	14.542	4.59	NA	0.285	NA	-153.435	-161.565
308	7	54	20.064	23.501	0	2	69	15.146	5.156	NA	0.604	NA	18.435	171.87
309	8	1	18.028	24.456	0	2	27	0	0	NA	NA	NA	NA	NA
310	8	2	17.964	24.201	0	2	41	0.262	0.262	NA	0.262	NA	-104.036	NA
311	8	3	18.219	24.201	0	2	13	0.517	0.318	NA	0.255	NA	0	104.036
312	8	4	18.282	24.265	0	2	41	0.607	0.318	NA	0.09	NA	45	45
313	8	5	19.173	24.456	0	2	27	1.518	1.146	NA	0.911	NA	12.095	-32.905
314	8	6	21.146	24.71	0	2	27	3.508	3.129	NA	1.989	NA	7.352	-4.742
315	8	7	22.928	24.329	0	2	27	5.33	4.902	NA	1.823	NA	-12.095	-19.447
316	9	1	11.281	25.156	0	2	41	0	0	NA	NA	NA	NA	NA
317	9	2	11.408	25.092	0	2	55	0.142	0.142	NA	0.142	NA	-26.565	NA
318	9	3	11.727	24.965	0	2	55	0.485	0.485	NA	0.343	NA	-21.801	4.764
319	9	4	11.09	25.474	0	2	13	1.3	0.371	NA	0.815	NA	141.34	163.142
320	9	5	11.536	25.411	0	2	13	1.75	0.36	NA	0.45	NA	-8.13	-149.47
321	9	6	11.281	25.411	0	2	13	2.005	0.255	NA	0.255	NA	180	-171.87
322	9	7	11.408	25.474	0	2	69	2.147	0.343	NA	0.142	NA	26.565	-153.435
323	9	8	11.408	25.474	0	2	0	2.147	0.343	NA	0	NA	0	-26.565
324	9	9	11.536	25.411	0	2	27	2.289	0.36	NA	0.142	NA	-26.565	-26.565
325	9	10	11.727	25.347	0	2	13	2.491	0.485	NA	0.201	NA	-18.435	8.13
326	9	11	11.663	25.474	0	2	55	2.633	0.497	NA	0.142	NA	116.565	135
327	9	12	11.663	25.474	0	2	27	2.633	0.497	NA	0	NA	0	-116.565
328	9	13	11.536	25.474	0	2	27	2.76	0.408	NA	0.127	NA	180	180
329	9	14	11.663	25.347	0	2	41	2.94	0.427	NA	0.18	NA	-45	135
330	9	15	11.663	25.347	0	2	0	2.94	0.427	NA	0	NA	0	45
331	9	16	11.663	25.347	0	2	0	2.94	0.427	NA	0	NA	0	0
332	9	17	11.599	25.092	0	2	27	3.203	0.325	NA	0.262	NA	-104.036	-104.036
333	9	18	11.09	25.092	0	2	13	3.712	0.201	NA	0.509	NA	180	-75.964
334	9	19	11.281	25.347	0	2	69	4.03	0.191	NA	0.318	NA	53.13	-126.87
335	9	20	11.281	25.411	0	2	27	4.094	0.255	NA	0.064	NA	90	36.87
336	9	21	11.408	25.283	0	2	27	4.274	0.18	NA	0.18	NA	-45	-135
337	9	22	11.154	25.474	0	2	27	4.592	0.343	NA	0.318	NA	143.13	-171.87
338	9	23	11.281	25.538	0	2	0	4.734	0.382	NA	0.142	NA	26.565	-116.565
339	9	24	10.963	25.347	0	2	55	5.105	0.371	NA	0.371	NA	-149.036	-175.601
340	9	25	11.027	25.665	0	2	13	5.43	0.569	NA	0.325	NA	78.69	-132.274
341	9	26	11.09	25.665	0	2	55	5.494	0.544	NA	0.064	NA	0	-78.69
342	9	27	11.281	25.665	0	2	0	5.685	0.509	NA	0.191	NA	0	0
343	9	28	11.408	25.411	0	2	13	5.969	0.285	NA	0.285	NA	-63.435	-63.435
344	9	29	11.218	25.665	0	2	27	6.287	0.513	NA	0.318	NA	126.87	-169.695
345	9	30	11.09	25.601	0	2	13	6.43	0.485	NA	0.142	NA	-153.435	79.695
346	9	31	11.027	25.474	0	2	27	6.572	0.408	NA	0.142	NA	-116.565	36.87
347	9	32	11.345	25.665	0	2	27	6.943	0.513	NA	0.371	NA	30.964	147.529
348	9	33	11.281	25.792	0	2	41	7.085	0.636	NA	0.142	NA	116.565	85.601
349	9	34	11.408	25.792	0	2	83	7.213	0.649	NA	0.127	NA	0	-116.565
350	9	35	11.727	25.092	0	2	41	7.982	0.45	NA	0.769	NA	-65.556	-65.556
351	9	36	11.727	25.411	0	2	13	8.3	0.513	NA	0.318	NA	90	155.556
352	9	37	11.599	25.411	0	2	41	8.427	0.408	NA	0.127	NA	180	90
353	9	38	11.727	25.411	0	2	27	8.555	0.513	NA	0.127	NA	0	-180
354	9	39	11.599	25.538	0	2	27	8.735	0.497	NA	0.18	NA	135	135
355	9	40	11.727	25.22	0	2	41	9.077	0.45	NA	0.343	NA	-68.199	156.801
356	9	41	11.79	25.22	0	2	13	9.141	0.513	NA	0.064	NA	0	68.199
357	9	42	11.79	25.092	0	2	27	9.268	0.513	NA	0.127	NA	-90	-90
358	9	43	11.536	25.665	0	2	13	9.895	0.569	NA	0.627	NA	113.962	-156.038
359	9	44	11.536	25.601	0	2	55	9.959	0.513	NA	0.064	NA	-90	156.038
360	9	45	11.536	25.601	0	2	69	9.959	0.513	NA	0	NA	0	90
361	9	46	11.599	25.665	0	2	27	10.049	0.6	NA	0.09	NA	45	45
362	9	47	11.79	25.156	0	2	69	10.593	0.509	NA	0.544	NA	-69.444	-114.444
363	9	48	12.172	24.901	0	2	41	11.052	0.927	NA	0.459	NA	-33.69	35.754
364	9	49	12.172	25.092	0	2	13	11.242	0.893	NA	0.191	NA	90	123.69
365	9	50	12.3	25.092	0	2	0	11.37	1.02	NA	0.127	NA	0	-90
366	9	51	12.109	25.156	0	2	13	11.571	0.827	NA	0.201	NA	161.565	161.565
367	9	52	12.172	25.22	0	2	55	11.661	0.893	NA	0.09	NA	45	-116.565
368	9	53	12.554	24.774	0	2	13	12.248	1.329	NA	0.587	NA	-49.399	-94.399
369	9	54	12.3	24.901	0	2	55	12.532	1.05	NA	0.285	NA	153.435	-157.166
370	9	55	12.172	25.283	0	2	13	12.935	0.9	NA	0.403	NA	108.435	-45
371	9	56	12.427	25.22	0	2	27	13.197	1.147	NA	0.262	NA	-14.036	-122.471
372	9	57	12.363	24.901	0	2	27	13.522	1.112	NA	0.325	NA	-101.31	-87.274
373	10	1	9.435	26.683	0	2	0	0	0	NA	NA	NA	NA	NA
374	10	2	9.435	26.874	0	2	0	0.191	0.191	NA	0.191	NA	90	NA
375	10	3	9.372	26.938	0	2	0	0.281	0.262	NA	0.09	NA	135	45
376	10	4	9.499	26.938	0	2	0	0.408	0.262	NA	0.127	NA	0	-135
377	10	5	9.817	26.493	0	2	13	0.956	0.427	NA	0.548	NA	-54.462	-54.462
378	10	6	9.945	26.174	0	2	0	1.298	0.72	NA	0.343	NA	-68.199	-13.736
379	10	7	9.945	26.174	0	2	27	1.298	0.72	NA	0	NA	0	68.199
380	10	8	10.581	25.92	0	2	41	1.984	1.377	NA	0.685	NA	-21.801	-21.801
381	10	9	10.772	25.92	0	2	27	2.175	1.539	NA	0.191	NA	0	21.801
382	10	10	10.708	25.665	0	2	13	2.437	1.63	NA	0.262	NA	-104.036	-104.036
383	10	11	11.218	25.22	0	2	0	3.114	2.306	NA	0.677	NA	-41.186	62.85
384	10	12	11.663	25.092	0	2	27	3.577	2.738	NA	0.463	NA	-15.945	25.241
385	10	13	11.154	25.347	0	2	0	4.146	2.177	NA	0.569	NA	153.435	169.38
386	10	14	11.79	24.901	0	2	13	4.923	2.953	NA	0.777	NA	-34.992	171.573
387	10	15	12.3	24.583	0	2	13	5.524	3.552	NA	0.6	NA	-32.005	2.987
388	11	1	22.101	27.638	0	2	13	0	0	NA	NA	NA	NA	NA
389	11	2	21.337	27.32	0	2	13	0.827	0.827	NA	0.827	NA	-157.38	NA
390	11	3	21.528	27.384	0	2	13	1.029	0.627	NA	0.201	NA	18.435	175.815
391	11	4	21.592	27.193	0	2	0	1.23	0.677	NA	0.201	NA	-71.565	-90
392	11	5	21.655	27.384	0	2	13	1.431	0.513	NA	0.201	NA	71.565	143.13
393	11	6	21.655	27.384	0	2	13	1.431	0.513	NA	0	NA	0	-71.565
394	11	7	21.719	27.447	0	2	13	1.521	0.427	NA	0.09	NA	45	45
395	11	8	21.592	27.638	0	2	0	1.751	0.509	NA	0.229	NA	123.69	78.69
396	11	9	21.783	27.575	0	2	13	1.952	0.325	NA	0.201	NA	-18.435	-142.125
397	11	10	21.846	27.447	0	2	0	2.094	0.318	NA	0.142	NA	-63.435	-45
398	11	11	21.846	27.511	0	2	0	2.158	0.285	NA	0.064	NA	90	153.435
399	12	1	16.946	22.674	0	2	27	0	0	NA	NA	NA	NA	NA
400	12	2	16.946	22.674	0	2	27	0	0	NA	0	NA	0	NA
401	12	3	17.518	21.846	0	2	27	1.006	1.006	NA	1.006	NA	-55.305	-55.305
402	12	4	17.455	21.846	0	2	13	1.07	0.972	NA	0.064	NA	180	-124.695
403	12	5	17.709	21.528	0	2	0	1.478	1.377	NA	0.408	NA	-51.34	128.66
404	12	6	17.391	21.401	0	2	13	1.82	1.349	NA	0.343	NA	-158.199	-106.858
405	12	7	17.391	21.592	0	2	83	2.011	1.17	NA	0.191	NA	90	-111.801
406	12	8	17.264	21.719	0	2	13	2.191	1.006	NA	0.18	NA	135	45
407	12	9	17.328	21.719	0	2	27	2.255	1.028	NA	0.064	NA	0	-135
408	12	10	17.328	21.719	0	2	69	2.255	1.028	NA	0	NA	0	0
409	12	11	17.391	21.719	0	2	13	2.318	1.054	NA	0.064	NA	0	0
410	12	12	17.582	21.592	0	2	13	2.548	1.255	NA	0.229	NA	-33.69	-33.69
411	12	13	16.882	21.592	0	2	27	3.248	1.084	NA	0.7	NA	180	-146.31
412	12	14	16.818	21.91	0	2	13	3.573	0.774	NA	0.325	NA	101.31	-78.69
413	12	15	16.246	22.61	0	2	0	4.477	0.703	NA	0.905	NA	129.289	27.979
414	12	16	15.736	22.928	0	2	0	5.078	1.236	NA	0.6	NA	147.995	18.705
415	12	17	15.418	23.501	0	2	0	5.733	1.737	NA	0.655	NA	119.055	-28.94
416	12	18	15.227	23.501	0	2	27	5.924	1.907	NA	0.191	NA	180	60.945
417	12	19	15.227	23.438	0	2	0	5.987	1.881	NA	0.064	NA	-90	90
418	12	20	14.718	23.056	0	2	41	6.624	2.26	NA	0.636	NA	-143.13	-53.13
419	12	21	14.782	23.056	0	2	83	6.688	2.197	NA	0.064	NA	0	143.13
420	12	22	14.845	23.056	0	2	0	6.751	2.135	NA	0.064	NA	0	0
421	13	1	17.582	19.746	0	2	13	0	0	NA	NA	NA	NA	NA
422	13	2	16.755	20.828	0	2	0	1.362	1.362	NA	1.362	NA	127.405	NA
423	13	3	15.673	21.337	0	2	13	2.558	2.485	NA	1.196	NA	154.799	27.394
424	13	4	14.909	21.719	0	2	0	3.412	3.322	NA	0.854	NA	153.435	-1.364
425	13	5	13.636	22.674	0	2	0	5.003	4.914	NA	1.591	NA	143.13	-10.305
426	13	6	13.763	22.865	0	2	27	5.232	4.93	NA	0.229	NA	56.31	-86.82
