Nr	TID	PID	x [micron]	y [micron]	t [sec]	c [idx]	I [val]	Len [micron]	D2S [micron]	D2R [micron]	D2P [micron]	v [micron/sec]	? [deg]	?? [deg]
1	1	1	20.233	32.144	0	2	195	0	0	NA	NA	NA	NA	NA
2	1	2	20.175	32.202	0	2	177	0.082	0.082	NA	0.082	NA	135	NA
3	1	3	20.175	32.202	0	2	158	0.082	0.082	NA	0	NA	0	-135
4	1	4	20.175	32.202	0	2	214	0.082	0.082	NA	0	NA	0	0
5	1	5	20.175	32.202	0	2	195	0.082	0.082	NA	0	NA	0	0
6	1	6	20.233	32.202	0	2	121	0.14	0.058	NA	0.058	NA	0	0
7	1	7	20.233	32.144	0	2	65	0.198	0	NA	0.058	NA	-90	-90
8	1	8	19.885	32.086	0	2	121	0.552	0.353	NA	0.353	NA	-170.538	-80.538
9	1	9	20.117	32.086	0	2	158	0.784	0.13	NA	0.232	NA	0	170.538
10	1	10	20.291	32.086	0	2	111	0.958	0.082	NA	0.174	NA	0	0
11	1	11	20.291	32.086	0	2	149	0.958	0.082	NA	0	NA	0	0
12	1	12	20.291	32.086	0	2	111	0.958	0.082	NA	0	NA	0	0
13	1	13	20.524	32.434	0	2	27	1.377	0.411	NA	0.419	NA	56.31	56.31
14	1	14	20.059	31.737	0	2	74	2.215	0.442	NA	0.838	NA	-123.69	180
15	1	15	20.001	31.505	0	2	74	2.455	0.68	NA	0.24	NA	-104.036	19.654
16	1	16	19.943	31.214	0	2	18	2.751	0.974	NA	0.296	NA	-101.31	2.726
17	1	17	19.943	31.214	0	2	27	2.751	0.974	NA	0	NA	0	101.31
18	1	18	19.827	31.04	0	2	55	2.961	1.176	NA	0.209	NA	-123.69	-123.69
19	1	19	20.059	31.098	0	2	65	3.2	1.06	NA	0.24	NA	14.036	137.726
20	2	1	21.628	32.492	0	2	251	0	0	NA	NA	NA	NA	NA
21	2	2	20.524	31.156	0	2	65	1.733	1.733	NA	1.733	NA	-129.56	NA
22	2	3	21.512	32.028	0	2	102	3.051	0.479	NA	1.317	NA	41.424	170.983
23	2	4	21.976	32.376	0	2	9	3.632	0.367	NA	0.581	NA	36.87	-4.554
24	2	5	21.744	32.492	0	2	111	3.891	0.116	NA	0.26	NA	153.435	116.565
25	2	6	21.628	32.318	0	2	83	4.101	0.174	NA	0.209	NA	-123.69	82.875
26	2	7	21.744	32.086	0	2	65	4.361	0.423	NA	0.26	NA	-63.435	60.255
27	2	8	21.628	32.318	0	2	83	4.62	0.174	NA	0.26	NA	116.565	180
28	2	9	21.686	32.492	0	2	121	4.804	0.058	NA	0.184	NA	71.565	-45
29	2	10	21.744	31.911	0	2	233	5.388	0.593	NA	0.584	NA	-84.289	-155.854
30	2	11	21.512	31.911	0	2	255	5.621	0.593	NA	0.232	NA	180	-95.711
31	2	12	21.512	31.447	0	2	255	6.085	1.052	NA	0.465	NA	-90	90
32	2	13	21.512	31.621	0	2	255	6.26	0.879	NA	0.174	NA	90	180
33	2	14	21.512	31.621	0	2	83	6.26	0.879	NA	0	NA	0	-90
34	2	15	21.628	31.737	0	2	177	6.424	0.755	NA	0.164	NA	45	45
35	2	16	21.512	31.621	0	2	130	6.588	0.879	NA	0.164	NA	-135	-180
36	2	17	21.512	31.621	0	2	251	6.588	0.879	NA	0	NA	0	135
37	2	18	21.512	31.621	0	2	55	6.588	0.879	NA	0	NA	0	0
38	2	19	21.744	31.621	0	2	121	6.821	0.879	NA	0.232	NA	0	0
39	2	20	21.802	31.911	0	2	37	7.117	0.607	NA	0.296	NA	78.69	78.69
40	3	1	19.769	30.227	0	2	65	0	0	NA	NA	NA	NA	NA
41	3	2	20.059	30.168	0	2	74	0.296	0.296	NA	0.296	NA	-11.31	NA
42	3	3	20.059	30.11	0	2	83	0.354	0.313	NA	0.058	NA	-90	-78.69
43	3	4	20.059	30.11	0	2	93	0.354	0.313	NA	0	NA	0	90
44	3	5	20.059	29.994	0	2	102	0.471	0.372	NA	0.116	NA	-90	-90
45	3	6	20.059	29.994	0	2	102	0.471	0.372	NA	0	NA	0	90
46	3	7	20.059	30.11	0	2	149	0.587	0.313	NA	0.116	NA	90	90
47	3	8	20.059	30.11	0	2	121	0.587	0.313	NA	0	NA	0	-90
48	3	9	20.059	30.11	0	2	130	0.587	0.313	NA	0	NA	0	0
49	3	10	20.175	30.168	0	2	93	0.717	0.411	NA	0.13	NA	26.565	26.565
50	3	11	20.059	30.227	0	2	111	0.847	0.29	NA	0.13	NA	153.435	126.87
51	3	12	20.059	30.227	0	2	121	0.847	0.29	NA	0	NA	0	-153.435
52	3	13	20.059	30.227	0	2	93	0.847	0.29	NA	0	NA	0	0
53	3	14	20.233	30.227	0	2	111	1.021	0.465	NA	0.174	NA	0	0
54	3	15	20.35	30.285	0	2	102	1.151	0.584	NA	0.13	NA	26.565	26.565
55	3	16	20.989	30.401	0	2	255	1.8	1.232	NA	0.65	NA	10.305	-16.26
56	3	17	21.279	30.517	0	2	255	2.113	1.538	NA	0.313	NA	21.801	11.497
57	3	18	21.279	30.633	0	2	214	2.229	1.564	NA	0.116	NA	90	68.199
58	3	19	21.337	30.517	0	2	130	2.359	1.595	NA	0.13	NA	-63.435	-153.435
59	3	20	21.105	30.401	0	2	139	2.619	1.348	NA	0.26	NA	-153.435	-90
60	3	21	21.221	30.401	0	2	186	2.735	1.463	NA	0.116	NA	0	153.435
61	3	22	21.221	30.227	0	2	186	2.91	1.452	NA	0.174	NA	-90	-90
62	3	23	21.221	30.11	0	2	139	3.026	1.457	NA	0.116	NA	-90	0
63	3	24	21.047	30.11	0	2	158	3.2	1.283	NA	0.174	NA	180	-90
64	3	25	21.163	29.878	0	2	255	3.46	1.437	NA	0.26	NA	-63.435	116.565
65	3	26	21.279	30.168	0	2	149	3.773	1.512	NA	0.313	NA	68.199	131.634
66	3	27	21.105	30.459	0	2	223	4.112	1.356	NA	0.339	NA	120.964	52.765
67	3	28	21.105	30.168	0	2	186	4.402	1.338	NA	0.29	NA	-90	149.036
68	3	29	21.047	30.459	0	2	223	4.698	1.299	NA	0.296	NA	101.31	-168.69
69	3	30	21.047	30.517	0	2	255	4.757	1.311	NA	0.058	NA	90	-11.31
70	3	31	20.872	30.517	0	2	195	4.931	1.141	NA	0.174	NA	180	90
71	3	32	20.698	31.214	0	2	255	5.649	1.356	NA	0.719	NA	104.036	-75.964
72	3	33	20.814	31.911	0	2	255	6.356	1.983	NA	0.707	NA	80.538	-23.499
73	3	34	20.64	31.447	0	2	255	6.853	1.499	NA	0.496	NA	-110.556	168.906
74	3	35	20.64	31.505	0	2	255	6.911	1.547	NA	0.058	NA	90	-159.444
75	3	36	20.64	31.505	0	2	255	6.911	1.547	NA	0	NA	0	-90
76	3	37	20.582	31.447	0	2	255	6.993	1.466	NA	0.082	NA	-135	-135
77	3	38	20.524	31.272	0	2	255	7.177	1.29	NA	0.184	NA	-108.435	26.565
78	3	39	20.698	30.924	0	2	255	7.566	1.162	NA	0.39	NA	-63.435	45
79	3	40	20.931	30.517	0	2	255	8.035	1.198	NA	0.468	NA	-60.255	3.18
80	3	41	20.931	30.517	0	2	255	8.035	1.198	NA	0	NA	0	60.255
81	3	42	21.047	30.401	0	2	158	8.199	1.29	NA	0.164	NA	-45	-45
82	3	43	20.756	30.517	0	2	255	8.512	1.03	NA	0.313	NA	158.199	-156.801
83	3	44	20.756	30.517	0	2	242	8.512	1.03	NA	0	NA	0	-158.199
84	3	45	20.872	30.575	0	2	255	8.642	1.158	NA	0.13	NA	26.565	26.565
85	3	46	20.872	30.575	0	2	255	8.642	1.158	NA	0	NA	0	-26.565
86	3	47	20.872	30.517	0	2	242	8.7	1.141	NA	0.058	NA	-90	-90
87	3	48	21.105	30.575	0	2	255	8.94	1.381	NA	0.24	NA	14.036	104.036
88	3	49	21.221	30.401	0	2	186	9.149	1.463	NA	0.209	NA	-56.31	-70.346
89	3	50	21.047	30.459	0	2	255	9.333	1.299	NA	0.184	NA	161.565	-142.125
90	4	1	16.689	26.334	0	2	46	0	0	NA	NA	NA	NA	NA
91	4	2	16.631	27.089	0	2	55	0.758	0.758	NA	0.758	NA	94.399	NA
92	4	3	16.283	27.38	0	2	74	1.211	1.122	NA	0.454	NA	140.194	45.796
93	4	4	16.573	27.612	0	2	9	1.583	1.283	NA	0.372	NA	38.66	-101.535
94	4	5	16.108	27.263	0	2	27	2.164	1.096	NA	0.581	NA	-143.13	178.21
95	4	6	16.283	27.205	0	2	37	2.348	0.962	NA	0.184	NA	-18.435	124.695
96	4	7	16.689	27.205	0	2	18	2.755	0.871	NA	0.407	NA	0	18.435
97	4	8	16.166	27.031	0	2	18	3.306	0.871	NA	0.551	NA	-161.565	-161.565
98	4	9	15.992	26.682	0	2	27	3.696	0.779	NA	0.39	NA	-116.565	45
99	4	10	16.457	26.624	0	2	37	4.164	0.372	NA	0.468	NA	-7.125	109.44
100	4	11	16.457	26.566	0	2	102	4.222	0.329	NA	0.058	NA	-90	-82.875
101	4	12	16.631	26.566	0	2	18	4.397	0.24	NA	0.174	NA	0	90
102	4	13	16.689	27.147	0	2	74	4.98	0.813	NA	0.584	NA	84.289	84.289
103	4	14	16.457	26.566	0	2	55	5.606	0.329	NA	0.626	NA	-111.801	163.909
104	4	15	16.631	26.624	0	2	18	5.79	0.296	NA	0.184	NA	18.435	130.236
105	4	16	16.864	26.392	0	2	27	6.119	0.184	NA	0.329	NA	-45	-63.435
106	4	17	17.154	26.392	0	2	18	6.409	0.468	NA	0.291	NA	0	45
107	4	18	16.98	26.682	0	2	27	6.748	0.454	NA	0.339	NA	120.964	120.964
108	5	1	16.689	27.903	0	2	93	0	0	NA	NA	NA	NA	NA
109	5	2	16.98	28.774	0	2	37	0.919	0.919	NA	0.919	NA	71.565	NA
110	5	3	19.071	30.924	0	2	37	3.918	3.847	NA	2.999	NA	45.785	-25.78
111	5	4	20.001	31.33	0	2	130	4.933	4.766	NA	1.015	NA	23.629	-22.155
112	5	5	20.175	31.505	0	2	111	5.179	5.013	NA	0.246	NA	45	21.371
113	5	6	20.175	31.505	0	2	102	5.179	5.013	NA	0	NA	0	-45
114	5	7	20.117	31.447	0	2	102	5.261	4.931	NA	0.082	NA	-135	-135
115	5	8	20.175	31.447	0	2	111	5.319	4.971	NA	0.058	NA	0	135
116	5	9	20.233	31.563	0	2	149	5.449	5.095	NA	0.13	NA	63.435	63.435
117	5	10	20.233	31.563	0	2	139	5.449	5.095	NA	0	NA	0	-63.435
118	5	11	20.175	31.156	0	2	37	5.86	4.768	NA	0.411	NA	-98.13	-98.13
119	5	12	20.35	30.691	0	2	37	6.357	4.602	NA	0.496	NA	-69.444	28.686
120	5	13	20.117	30.227	0	2	167	6.876	4.141	NA	0.52	NA	-116.565	-47.121
121	5	14	20.291	30.052	0	2	111	7.123	4.195	NA	0.246	NA	-45	71.565
122	5	15	20.001	30.11	0	2	130	7.419	3.98	NA	0.296	NA	168.69	-146.31
123	5	16	19.943	30.11	0	2	74	7.477	3.932	NA	0.058	NA	180	11.31
124	5	17	19.885	30.227	0	2	111	7.607	3.951	NA	0.13	NA	116.565	-63.435
125	6	1	15.876	29.181	0	2	55	0	0	NA	NA	NA	NA	NA
126	6	2	16.457	27.786	0	2	111	1.511	1.511	NA	1.511	NA	-67.38	NA
127	6	3	16.805	28.251	0	2	55	2.092	1.315	NA	0.581	NA	53.13	120.51
128	6	4	17.503	30.459	0	2	65	4.407	2.069	NA	2.315	NA	72.474	19.344
129	6	5	19.42	31.447	0	2	93	6.564	4.207	NA	2.157	NA	27.255	-45.219
130	6	6	19.536	31.447	0	2	65	6.68	4.305	NA	0.116	NA	0	-27.255
131	6	7	19.536	31.447	0	2	83	6.68	4.305	NA	0	NA	0	0
132	6	8	19.943	31.679	0	2	27	7.148	4.773	NA	0.468	NA	29.745	29.745
133	7	1	25.462	32.028	0	2	158	0	0	NA	NA	NA	NA	NA
134	7	2	25.579	31.563	0	2	158	0.479	0.479	NA	0.479	NA	-75.964	NA
135	7	3	25.637	31.563	0	2	65	0.537	0.496	NA	0.058	NA	0	75.964
136	7	4	26.043	31.563	0	2	93	0.944	0.744	NA	0.407	NA	0	0
137	7	5	25.869	32.086	0	2	37	1.495	0.411	NA	0.551	NA	108.435	108.435
138	8	1	23.719	28.774	0	2	46	0	0	NA	NA	NA	NA	NA
139	8	2	23.661	28.832	0	2	46	0.082	0.082	NA	0.082	NA	135	NA
140	8	3	23.603	28.832	0	2	93	0.14	0.13	NA	0.058	NA	180	45
141	8	4	23.371	28.948	0	2	83	0.4	0.39	NA	0.26	NA	153.435	-26.565
142	8	5	23.545	28.832	0	2	111	0.61	0.184	NA	0.209	NA	-33.69	172.875
143	8	6	23.661	28.774	0	2	46	0.739	0.058	NA	0.13	NA	-26.565	7.125
144	8	7	23.777	28.716	0	2	55	0.869	0.082	NA	0.13	NA	-26.565	0
145	9	1	22.906	27.786	0	2	93	0	0	NA	NA	NA	NA	NA
146	9	2	22.906	29.181	0	2	223	1.394	1.394	NA	1.394	NA	90	NA
147	9	3	22.964	29.181	0	2	158	1.453	1.396	NA	0.058	NA	0	-90
148	9	4	23.255	29.181	0	2	83	1.743	1.437	NA	0.29	NA	0	0
149	9	5	23.022	29.181	0	2	130	1.975	1.399	NA	0.232	NA	180	180
150	9	6	23.371	29.006	0	2	93	2.365	1.306	NA	0.39	NA	-26.565	153.435
151	9	7	23.313	28.832	0	2	18	2.549	1.122	NA	0.184	NA	-108.435	-81.87
152	9	8	23.429	28.658	0	2	139	2.758	1.016	NA	0.209	NA	-56.31	52.125
153	9	9	23.487	28.658	0	2	102	2.816	1.047	NA	0.058	NA	0	56.31
154	9	10	23.255	28.542	0	2	139	3.076	0.832	NA	0.26	NA	-153.435	-153.435
155	9	11	23.313	28.367	0	2	18	3.26	0.709	NA	0.184	NA	-71.565	81.87
156	9	12	23.138	28.367	0	2	121	3.434	0.626	NA	0.174	NA	180	-108.435
157	9	13	22.906	27.844	0	2	255	4.007	0.058	NA	0.572	NA	-113.962	66.038
158	9	14	22.906	27.786	0	2	255	4.065	0	NA	0.058	NA	-90	23.962
159	9	15	22.906	27.496	0	2	255	4.355	0.29	NA	0.29	NA	-90	0
160	9	16	23.196	27.844	0	2	205	4.809	0.296	NA	0.454	NA	50.194	140.194
161	9	17	23.196	27.496	0	2	214	5.158	0.411	NA	0.349	NA	-90	-140.194
162	9	18	23.196	27.496	0	2	255	5.158	0.411	NA	0	NA	0	90
163	9	19	23.138	27.263	0	2	121	5.397	0.572	NA	0.24	NA	-104.036	-104.036
164	9	20	22.906	27.728	0	2	251	5.917	0.058	NA	0.52	NA	116.565	-139.399
165	9	21	23.255	27.786	0	2	139	6.27	0.349	NA	0.353	NA	9.462	-107.103
166	9	22	23.255	27.728	0	2	139	6.328	0.353	NA	0.058	NA	-90	-99.462
167	9	23	23.313	27.844	0	2	93	6.458	0.411	NA	0.13	NA	63.435	153.435
168	9	24	23.255	27.844	0	2	149	6.516	0.353	NA	0.058	NA	180	116.565
169	9	25	23.255	28.309	0	2	93	6.981	0.628	NA	0.465	NA	90	-90
170	9	26	23.138	27.903	0	2	242	7.404	0.26	NA	0.423	NA	-105.945	164.055
171	9	27	23.08	28.077	0	2	177	7.588	0.339	NA	0.184	NA	108.435	-145.62
172	9	28	23.196	28.193	0	2	149	7.752	0.5	NA	0.164	NA	45	-63.435
173	10	1	20.989	29.82	0	2	149	0	0	NA	NA	NA	NA	NA
174	10	2	25.23	30.691	0	2	255	4.33	4.33	NA	4.33	NA	11.611	NA
175	10	3	25.695	29.006	0	2	255	6.078	4.776	NA	1.748	NA	-74.578	-86.189
176	10	4	23.836	27.961	0	2	102	8.211	3.4	NA	2.133	NA	-150.642	-76.064
177	10	5	23.545	28.019	0	2	130	8.507	3.127	NA	0.296	NA	168.69	-40.668
178	11	1	25.23	30.401	0	2	223	0	0	NA	NA	NA	NA	NA
179	11	2	25.52	30.227	0	2	255	0.339	0.339	NA	0.339	NA	-30.964	NA
180	11	3	25.52	30.227	0	2	255	0.339	0.339	NA	0	NA	0	30.964
181	11	4	25.404	30.227	0	2	255	0.455	0.246	NA	0.116	NA	180	180
182	11	5	25.811	30.227	0	2	255	0.862	0.607	NA	0.407	NA	0	-180
183	11	6	25.869	30.227	0	2	130	0.92	0.662	NA	0.058	NA	0	0
184	11	7	25.927	30.11	0	2	111	1.05	0.755	NA	0.13	NA	-63.435	-63.435
185	11	8	25.753	29.878	0	2	65	1.34	0.739	NA	0.291	NA	-126.87	-63.435
186	11	9	25.811	29.936	0	2	65	1.422	0.744	NA	0.082	NA	45	171.87
187	11	10	25.869	30.168	0	2	46	1.662	0.68	NA	0.24	NA	75.964	30.964
188	11	11	25.52	30.168	0	2	167	2.011	0.372	NA	0.349	NA	180	104.036
189	11	12	25.811	30.343	0	2	83	2.349	0.584	NA	0.339	NA	30.964	-149.036
190	11	13	25.869	30.343	0	2	27	2.407	0.642	NA	0.058	NA	0	-30.964
191	11	14	25.579	30.401	0	2	111	2.704	0.349	NA	0.296	NA	168.69	168.69
192	11	15	25.753	30.459	0	2	74	2.887	0.526	NA	0.184	NA	18.435	-150.255
193	12	1	26.276	30.517	0	2	111	0	0	NA	NA	NA	NA	NA
194	12	2	26.218	30.517	0	2	102	0.058	0.058	NA	0.058	NA	180	NA
195	12	3	26.276	30.575	0	2	139	0.14	0.058	NA	0.082	NA	45	-135
196	12	4	26.334	30.749	0	2	158	0.324	0.24	NA	0.184	NA	71.565	26.565
197	12	5	26.334	30.749	0	2	102	0.324	0.24	NA	0	NA	0	-71.565
198	12	6	26.334	30.924	0	2	167	0.498	0.411	NA	0.174	NA	90	90
199	12	7	26.276	30.982	0	2	186	0.58	0.465	NA	0.082	NA	135	45
200	12	8	26.218	31.04	0	2	177	0.663	0.526	NA	0.082	NA	135	0
201	12	9	26.218	31.272	0	2	214	0.895	0.758	NA	0.232	NA	90	-45
202	12	10	26.218	31.272	0	2	242	0.895	0.758	NA	0	NA	0	-90
203	12	11	26.218	31.272	0	2	233	0.895	0.758	NA	0	NA	0	0
204	12	12	26.043	31.098	0	2	223	1.142	0.626	NA	0.246	NA	-135	-135
205	12	13	26.101	31.272	0	2	158	1.325	0.775	NA	0.184	NA	71.565	-153.435
206	12	14	26.276	31.272	0	2	255	1.5	0.755	NA	0.174	NA	0	-71.565
207	12	15	26.334	31.272	0	2	195	1.558	0.758	NA	0.058	NA	0	0
208	12	16	26.334	31.272	0	2	195	1.558	0.758	NA	0	NA	0	0
209	12	17	26.566	31.33	0	2	195	1.797	0.864	NA	0.24	NA	14.036	14.036
210	12	18	26.566	31.33	0	2	195	1.797	0.864	NA	0	NA	0	-14.036
211	12	19	26.566	31.33	0	2	186	1.797	0.864	NA	0	NA	0	0
212	12	20	26.45	31.33	0	2	186	1.913	0.832	NA	0.116	NA	180	180
213	12	21	26.566	31.33	0	2	27	2.03	0.864	NA	0.116	NA	0	-180
214	12	22	26.276	31.447	0	2	111	2.342	0.93	NA	0.313	NA	158.199	158.199
215	12	23	26.45	31.505	0	2	55	2.526	1.003	NA	0.184	NA	18.435	-139.764
216	12	24	26.508	31.389	0	2	111	2.656	0.902	NA	0.13	NA	-63.435	-81.87
217	12	25	26.508	31.389	0	2	158	2.656	0.902	NA	0	NA	0	63.435
218	13	1	25.579	29.878	0	2	111	0	0	NA	NA	NA	NA	NA
219	13	2	25.695	29.646	0	2	93	0.26	0.26	NA	0.26	NA	-63.435	NA
220	13	3	25.695	29.646	0	2	186	0.26	0.26	NA	0	NA	0	63.435
221	13	4	25.753	29.646	0	2	255	0.318	0.29	NA	0.058	NA	0	0
222	13	5	25.869	29.646	0	2	130	0.434	0.372	NA	0.116	NA	0	0
223	13	6	25.869	29.646	0	2	149	0.434	0.372	NA	0	NA	0	0
224	13	7	25.869	29.762	0	2	139	0.55	0.313	NA	0.116	NA	90	90
225	13	8	25.869	29.762	0	2	158	0.55	0.313	NA	0	NA	0	-90
226	13	9	25.753	29.762	0	2	167	0.667	0.209	NA	0.116	NA	180	180
227	13	10	25.753	29.587	0	2	195	0.841	0.339	NA	0.174	NA	-90	90
228	13	11	25.927	29.704	0	2	102	1.05	0.39	NA	0.209	NA	33.69	123.69
229	13	12	25.462	29.587	0	2	83	1.529	0.313	NA	0.479	NA	-165.964	160.346
230	13	13	25.695	29.239	0	2	83	1.948	0.65	NA	0.419	NA	-56.31	109.654
231	13	14	25.985	29.587	0	2	55	2.402	0.5	NA	0.454	NA	50.194	106.504
232	13	15	25.695	29.587	0	2	93	2.693	0.313	NA	0.291	NA	180	129.806
233	13	16	25.927	29.587	0	2	93	2.925	0.454	NA	0.232	NA	0	-180
234	13	17	25.985	29.587	0	2	93	2.983	0.5	NA	0.058	NA	0	0
235	13	18	25.753	29.471	0	2	83	3.243	0.442	NA	0.26	NA	-153.435	-153.435
236	13	19	25.869	29.762	0	2	121	3.556	0.313	NA	0.313	NA	68.199	-138.366
237	13	20	25.869	29.587	0	2	167	3.73	0.411	NA	0.174	NA	-90	-158.199
238	14	1	26.101	32.202	0	2	83	0	0	NA	NA	NA	NA	NA
239	14	2	25.753	31.621	0	2	149	0.678	0.678	NA	0.678	NA	-120.964	NA
240	14	3	25.985	31.563	0	2	65	0.917	0.65	NA	0.24	NA	-14.036	106.928
241	14	4	25.579	31.389	0	2	102	1.36	0.967	NA	0.442	NA	-156.801	-142.765
242	14	5	25.404	31.853	0	2	83	1.856	0.779	NA	0.496	NA	110.556	-92.643
243	14	6	25.811	31.156	0	2	37	2.663	1.085	NA	0.807	NA	-59.744	-170.3
244	14	7	25.637	31.795	0	2	65	3.326	0.618	NA	0.662	NA	105.255	164.999
245	14	8	25.811	32.26	0	2	121	3.822	0.296	NA	0.496	NA	69.444	-35.811
246	14	9	25.985	32.202	0	2	111	4.006	0.116	NA	0.184	NA	-18.435	-87.879
247	14	10	26.334	32.26	0	2	37	4.359	0.24	NA	0.353	NA	9.462	27.897
248	14	11	26.508	32.434	0	2	130	4.606	0.468	NA	0.246	NA	45	35.538
249	14	12	26.741	32.434	0	2	205	4.838	0.68	NA	0.232	NA	0	-45
250	14	13	26.682	32.609	0	2	130	5.022	0.709	NA	0.184	NA	108.435	108.435
251	14	14	26.16	32.492	0	2	121	5.557	0.296	NA	0.536	NA	-167.471	84.094
252	14	15	26.566	32.202	0	2	102	6.057	0.465	NA	0.5	NA	-35.538	131.934
253	14	16	26.043	32.376	0	2	55	6.608	0.184	NA	0.551	NA	161.565	-162.897
254	14	17	26.16	31.911	0	2	83	7.087	0.296	NA	0.479	NA	-75.964	122.471
255	14	18	26.218	32.434	0	2	46	7.614	0.26	NA	0.526	NA	83.66	159.624
256	14	19	26.799	32.609	0	2	93	8.22	0.807	NA	0.607	NA	16.699	-66.961
257	14	20	26.973	32.725	0	2	130	8.43	1.016	NA	0.209	NA	33.69	16.991
258	14	21	26.741	32.551	0	2	130	8.72	0.728	NA	0.291	NA	-143.13	-176.82
259	14	22	26.392	32.318	0	2	93	9.139	0.313	NA	0.419	NA	-146.31	-3.18
260	14	23	26.334	32.434	0	2	65	9.269	0.329	NA	0.13	NA	116.565	-97.125
261	14	24	26.218	32.202	0	2	27	9.529	0.116	NA	0.26	NA	-116.565	126.87
262	14	25	25.753	32.144	0	2	27	9.997	0.353	NA	0.468	NA	-172.875	-56.31
263	15	1	24.475	26.973	0	2	195	0	0	NA	NA	NA	NA	NA
264	15	2	24.358	26.973	0	2	55	0.116	0.116	NA	0.116	NA	180	NA
265	15	3	24.3	27.147	0	2	74	0.3	0.246	NA	0.184	NA	108.435	-71.565
266	15	4	24.126	27.147	0	2	37	0.474	0.39	NA	0.174	NA	180	71.565
267	15	5	24.184	26.973	0	2	83	0.658	0.29	NA	0.184	NA	-71.565	108.435
268	15	6	24.126	26.915	0	2	18	0.74	0.353	NA	0.082	NA	-135	-63.435
269	15	7	24.358	26.392	0	2	65	1.312	0.593	NA	0.572	NA	-66.038	68.962
270	15	8	24.417	26.043	0	2	205	1.666	0.931	NA	0.353	NA	-80.538	-14.5
271	15	9	24.417	26.218	0	2	177	1.84	0.758	NA	0.174	NA	90	170.538
272	15	10	24.475	26.218	0	2	37	1.898	0.755	NA	0.058	NA	0	-90
273	15	11	24.242	26.16	0	2	37	2.138	0.846	NA	0.24	NA	-165.964	-165.964
274	15	12	23.952	25.695	0	2	149	2.686	1.381	NA	0.548	NA	-122.005	43.958
275	15	13	23.952	25.753	0	2	83	2.744	1.327	NA	0.058	NA	90	-147.995
276	16	1	24.939	22.732	0	2	55	0	0	NA	NA	NA	NA	NA
277	16	2	25.056	22.441	0	2	223	0.313	0.313	NA	0.313	NA	-68.199	NA
278	16	3	24.765	22.151	0	2	255	0.724	0.607	NA	0.411	NA	-135	-66.801
279	16	4	24.649	22.151	0	2	93	0.84	0.65	NA	0.116	NA	180	-45
280	16	5	24.649	21.628	0	2	255	1.363	1.141	NA	0.523	NA	-90	90
281	16	6	24.3	21.628	0	2	255	1.711	1.276	NA	0.349	NA	180	-90
282	16	7	24.417	21.57	0	2	195	1.841	1.274	NA	0.13	NA	-26.565	153.435
283	16	8	24.707	21.57	0	2	167	2.132	1.185	NA	0.29	NA	0	26.565
284	16	9	24.707	21.57	0	2	121	2.132	1.185	NA	0	NA	0	0
285	17	1	23.022	23.661	0	2	102	0	0	NA	NA	NA	NA	NA
286	17	2	22.848	23.603	0	2	177	0.184	0.184	NA	0.184	NA	-161.565	NA
287	17	3	22.615	23.545	0	2	167	0.423	0.423	NA	0.24	NA	-165.964	-4.399
288	17	4	22.499	23.487	0	2	251	0.553	0.551	NA	0.13	NA	-153.435	12.529
289	17	5	22.499	23.429	0	2	186	0.611	0.572	NA	0.058	NA	-90	63.435
290	17	6	22.557	23.371	0	2	255	0.693	0.548	NA	0.082	NA	-45	45
291	17	7	22.674	23.371	0	2	255	0.81	0.454	NA	0.116	NA	0	45
292	17	8	22.732	23.313	0	2	255	0.892	0.454	NA	0.082	NA	-45	-45
293	17	9	22.732	23.255	0	2	255	0.95	0.5	NA	0.058	NA	-90	-45
294	17	10	22.732	23.255	0	2	255	0.95	0.5	NA	0	NA	0	90
295	17	11	22.848	23.196	0	2	251	1.08	0.496	NA	0.13	NA	-26.565	-26.565
296	17	12	22.848	23.255	0	2	255	1.138	0.442	NA	0.058	NA	90	116.565
297	17	13	23.08	23.487	0	2	255	1.467	0.184	NA	0.329	NA	45	-45
298	17	14	23.08	23.487	0	2	255	1.467	0.184	NA	0	NA	0	-45
299	17	15	23.08	23.545	0	2	255	1.525	0.13	NA	0.058	NA	90	90
300	17	16	23.08	23.545	0	2	255	1.525	0.13	NA	0	NA	0	-90
301	17	17	23.08	23.545	0	2	255	1.525	0.13	NA	0	NA	0	0
302	17	18	23.138	23.545	0	2	223	1.583	0.164	NA	0.058	NA	0	0
303	17	19	23.138	23.545	0	2	83	1.583	0.164	NA	0	NA	0	0
304	17	20	23.138	23.371	0	2	65	1.757	0.313	NA	0.174	NA	-90	-90
305	17	21	23.022	23.138	0	2	65	2.017	0.523	NA	0.26	NA	-116.565	-26.565
306	17	22	22.848	22.964	0	2	74	2.263	0.719	NA	0.246	NA	-135	-18.435
307	18	1	22.557	29.471	0	2	74	0	0	NA	NA	NA	NA	NA
308	18	2	23.022	28.135	0	2	93	1.415	1.415	NA	1.415	NA	-70.821	NA
309	18	3	23.371	27.554	0	2	74	2.092	2.083	NA	0.678	NA	-59.036	11.785
310	18	4	23.603	29.065	0	2	130	3.621	1.122	NA	1.528	NA	81.254	140.29
311	19	1	24.242	27.67	0	2	18	0	0	NA	NA	NA	NA	NA
312	19	2	24.3	27.496	0	2	111	0.184	0.184	NA	0.184	NA	-71.565	NA
313	19	3	24.591	27.496	0	2	65	0.474	0.39	NA	0.291	NA	0	71.565
314	19	4	24.707	27.38	0	2	46	0.639	0.548	NA	0.164	NA	-45	-45
315	19	5	24.475	27.263	0	2	65	0.898	0.468	NA	0.26	NA	-153.435	-108.435
316	19	6	24.533	27.322	0	2	93	0.981	0.454	NA	0.082	NA	45	-161.565
317	19	7	24.649	27.322	0	2	74	1.097	0.536	NA	0.116	NA	0	-45
318	19	8	24.765	27.263	0	2	102	1.227	0.662	NA	0.13	NA	-26.565	-26.565
319	19	9	24.765	27.263	0	2	55	1.227	0.662	NA	0	NA	0	26.565
320	19	10	24.3	27.089	0	2	37	1.723	0.584	NA	0.496	NA	-159.444	-159.444
321	19	11	24.417	27.089	0	2	27	1.839	0.607	NA	0.116	NA	0	159.444
322	19	12	24.765	27.089	0	2	83	2.188	0.782	NA	0.349	NA	0	0
323	19	13	25.23	27.147	0	2	55	2.656	1.118	NA	0.468	NA	7.125	7.125
324	19	14	25.462	27.322	0	2	46	2.947	1.269	NA	0.291	NA	36.87	29.745
325	19	15	25.869	27.612	0	2	55	3.447	1.628	NA	0.5	NA	35.538	-1.332
326	20	1	27.147	33.015	0	2	130	0	0	NA	NA	NA	NA	NA
327	20	2	27.67	33.771	0	2	255	0.919	0.919	NA	0.919	NA	55.305	NA
328	20	3	28.716	34.235	0	2	195	2.063	1.987	NA	1.144	NA	23.962	-31.342
329	20	4	28.716	34.41	0	2	149	2.237	2.099	NA	0.174	NA	90	66.038
330	20	5	28.716	34.526	0	2	167	2.354	2.178	NA	0.116	NA	90	0
331	20	6	28.658	34.526	0	2	242	2.412	2.136	NA	0.058	NA	180	90
332	20	7	28.716	34.642	0	2	167	2.542	2.26	NA	0.13	NA	63.435	-116.565
333	20	8	28.716	34.642	0	2	149	2.542	2.26	NA	0	NA	0	-63.435
334	20	9	28.774	34.642	0	2	177	2.6	2.301	NA	0.058	NA	0	0
335	20	10	28.774	34.642	0	2	251	2.6	2.301	NA	0	NA	0	0
336	20	11	29.065	34.642	0	2	186	2.89	2.514	NA	0.29	NA	0	0
337	20	12	28.89	34.642	0	2	186	3.064	2.384	NA	0.174	NA	180	180
338	20	13	29.006	34.642	0	2	255	3.181	2.47	NA	0.116	NA	0	-180
339	20	14	29.355	34.642	0	2	255	3.529	2.742	NA	0.349	NA	0	0
340	20	15	29.355	34.642	0	2	121	3.529	2.742	NA	0	NA	0	0
341	20	16	29.413	34.642	0	2	93	3.587	2.789	NA	0.058	NA	0	0
342	21	2	30.052	35.456	0	2	121	0	0	NA	NA	NA	NA	NA
343	21	3	30.052	35.456	0	2	121	0	0	NA	0	NA	0	NA
344	21	4	30.052	35.456	0	2	242	0	0	NA	0	NA	0	0
345	21	5	30.052	35.397	0	2	255	0.058	0.058	NA	0.058	NA	-90	-90
346	21	6	29.936	35.339	0	2	242	0.188	0.164	NA	0.13	NA	-153.435	-63.435
347	21	7	29.936	35.339	0	2	255	0.188	0.164	NA	0	NA	0	153.435
348	21	8	30.11	35.339	0	2	149	0.362	0.13	NA	0.174	NA	0	0
349	21	9	29.878	35.397	0	2	130	0.602	0.184	NA	0.24	NA	165.964	165.964
350	21	10	29.878	35.397	0	2	149	0.602	0.184	NA	0	NA	0	-165.964
351	21	11	29.994	35.456	0	2	255	0.732	0.058	NA	0.13	NA	26.565	26.565
352	21	12	29.994	35.456	0	2	255	0.732	0.058	NA	0	NA	0	-26.565
353	21	13	30.285	35.514	0	2	251	1.028	0.24	NA	0.296	NA	11.31	11.31
354	21	14	30.11	35.514	0	2	177	1.202	0.082	NA	0.174	NA	180	168.69
355	21	15	30.11	35.514	0	2	223	1.202	0.082	NA	0	NA	0	-180
356	21	16	30.11	35.514	0	2	255	1.202	0.082	NA	0	NA	0	0
357	21	17	30.285	35.63	0	2	158	1.412	0.291	NA	0.209	NA	33.69	33.69
358	21	18	30.285	35.63	0	2	93	1.412	0.291	NA	0	NA	0	-33.69
359	21	19	30.11	35.92	0	2	130	1.751	0.468	NA	0.339	NA	120.964	120.964
360	21	20	30.11	35.978	0	2	121	1.809	0.526	NA	0.058	NA	90	-30.964
361	21	21	30.227	35.978	0	2	121	1.925	0.551	NA	0.116	NA	0	-90
362	21	22	29.994	35.92	0	2	177	2.164	0.468	NA	0.24	NA	-165.964	-165.964
363	22	1	28.832	35.049	0	2	255	0	0	NA	NA	NA	NA	NA
364	22	2	29.297	35.049	0	2	255	0.465	0.465	NA	0.465	NA	0	NA
365	22	3	29.936	35.339	0	2	233	1.167	1.141	NA	0.702	NA	24.444	24.444
366	22	4	30.285	35.514	0	2	130	1.557	1.525	NA	0.39	NA	26.565	2.121
367	23	1	26.973	26.973	0	2	186	0	0	NA	NA	NA	NA	NA
368	23	2	26.973	26.973	0	2	139	0	0	NA	0	NA	0	NA
369	23	3	27.031	27.205	0	2	233	0.24	0.24	NA	0.24	NA	75.964	75.964
370	23	4	27.205	27.438	0	2	251	0.53	0.52	NA	0.29	NA	53.13	-22.834
371	24	1	26.973	26.973	0	2	223	0	0	NA	NA	NA	NA	NA
372	24	2	27.031	27.147	0	2	255	0.184	0.184	NA	0.184	NA	71.565	NA
373	24	3	27.089	27.147	0	2	255	0.242	0.209	NA	0.058	NA	0	-71.565
374	24	4	27.147	27.147	0	2	214	0.3	0.246	NA	0.058	NA	0	0
375	24	5	27.205	27.147	0	2	177	0.358	0.291	NA	0.058	NA	0	0
376	24	6	27.205	27.147	0	2	149	0.358	0.291	NA	0	NA	0	0
377	24	7	27.205	27.147	0	2	83	0.358	0.291	NA	0	NA	0	0
378	24	8	27.089	27.147	0	2	102	0.474	0.209	NA	0.116	NA	180	180
379	24	9	27.089	27.147	0	2	158	0.474	0.209	NA	0	NA	0	-180
380	24	10	27.205	27.147	0	2	93	0.59	0.291	NA	0.116	NA	0	0
381	24	11	27.612	27.147	0	2	74	0.997	0.662	NA	0.407	NA	0	0
382	24	12	27.438	27.147	0	2	83	1.171	0.496	NA	0.174	NA	180	180
383	24	13	27.438	27.147	0	2	167	1.171	0.496	NA	0	NA	0	-180
384	24	14	27.263	27.147	0	2	121	1.346	0.339	NA	0.174	NA	180	180
385	24	15	26.857	27.089	0	2	74	1.757	0.164	NA	0.411	NA	-171.87	8.13
386	25	1	29.762	27.031	0	2	255	0	0	NA	NA	NA	NA	NA
387	25	2	28.6	25.985	0	2	251	1.563	1.563	NA	1.563	NA	-138.013	NA
388	25	3	28.367	25.811	0	2	158	1.854	1.853	NA	0.291	NA	-143.13	-5.117
389	25	4	27.903	25.637	0	2	242	2.35	2.324	NA	0.496	NA	-159.444	-16.314
390	25	5	28.193	25.637	0	2	255	2.641	2.099	NA	0.29	NA	0	159.444
391	25	6	28.251	25.637	0	2	121	2.699	2.056	NA	0.058	NA	0	0
392	25	7	28.135	25.753	0	2	102	2.863	2.069	NA	0.164	NA	135	135
393	26	1	27.903	28.6	0	2	214	0	0	NA	NA	NA	NA	NA
394	26	2	27.554	29.006	0	2	255	0.536	0.536	NA	0.536	NA	130.601	NA
395	26	3	27.67	29.123	0	2	158	0.7	0.572	NA	0.164	NA	45	-85.601
396	26	4	27.844	28.774	0	2	255	1.09	0.184	NA	0.39	NA	-63.435	-108.435
397	26	5	27.612	29.181	0	2	214	1.558	0.65	NA	0.468	NA	119.745	-176.82
398	26	6	28.193	29.646	0	2	255	2.302	1.085	NA	0.744	NA	38.66	-81.085
399	26	7	28.89	29.936	0	2	149	3.057	1.662	NA	0.755	NA	22.62	-16.04
400	27	1	27.612	28.425	0	2	255	0	0	NA	NA	NA	NA	NA
401	27	2	27.612	28.367	0	2	195	0.058	0.058	NA	0.058	NA	-90	NA
402	27	3	27.786	28.135	0	2	255	0.349	0.339	NA	0.291	NA	-53.13	36.87
403	27	4	27.961	28.077	0	2	223	0.532	0.493	NA	0.184	NA	-18.435	34.695
404	27	5	28.135	27.903	0	2	255	0.779	0.739	NA	0.246	NA	-45	-26.565
405	27	6	28.484	28.367	0	2	223	1.36	0.873	NA	0.581	NA	53.13	98.13
406	27	7	28.542	28.193	0	2	255	1.544	0.958	NA	0.184	NA	-71.565	-124.695
407	27	8	28.542	28.193	0	2	167	1.544	0.958	NA	0	NA	0	71.565
408	27	9	28.484	28.251	0	2	186	1.626	0.889	NA	0.082	NA	135	135
409	27	10	28.716	27.786	0	2	186	2.145	1.276	NA	0.52	NA	-63.435	161.565
410	27	11	28.89	28.019	0	2	130	2.436	1.341	NA	0.291	NA	53.13	116.565
411	27	12	28.484	28.251	0	2	233	2.904	0.889	NA	0.468	NA	150.255	97.125
412	27	13	28.484	28.077	0	2	255	3.079	0.939	NA	0.174	NA	-90	119.745
413	27	14	28.658	28.019	0	2	214	3.262	1.122	NA	0.184	NA	-18.435	71.565
414	27	15	28.542	28.193	0	2	255	3.472	0.958	NA	0.209	NA	123.69	142.125
415	27	16	28.309	28.425	0	2	205	3.8	0.697	NA	0.329	NA	135	11.31
416	28	1	28.542	29.006	0	2	139	0	0	NA	NA	NA	NA	NA
417	28	2	28.6	29.065	0	2	251	0.082	0.082	NA	0.082	NA	45	NA
418	28	3	29.006	29.239	0	2	55	0.525	0.52	NA	0.442	NA	23.199	-21.801
419	28	4	29.239	29.297	0	2	205	0.764	0.755	NA	0.24	NA	14.036	-9.162
420	28	5	29.297	29.471	0	2	167	0.948	0.887	NA	0.184	NA	71.565	57.529
421	28	6	29.181	29.646	0	2	93	1.157	0.904	NA	0.209	NA	123.69	52.125
422	28	7	28.89	30.227	0	2	195	1.807	1.269	NA	0.65	NA	116.565	-7.125
423	28	8	28.89	30.285	0	2	121	1.865	1.325	NA	0.058	NA	90	-26.565
424	28	9	28.716	30.401	0	2	167	2.075	1.405	NA	0.209	NA	146.31	56.31
425	28	10	28.89	30.401	0	2	242	2.249	1.437	NA	0.174	NA	0	-146.31
426	28	11	28.89	30.517	0	2	255	2.365	1.55	NA	0.116	NA	90	90
427	28	12	28.89	30.575	0	2	255	2.423	1.607	NA	0.058	NA	90	0
428	28	13	28.89	30.575	0	2	242	2.423	1.607	NA	0	NA	0	-90
429	28	14	29.006	30.691	0	2	242	2.587	1.748	NA	0.164	NA	45	45
430	28	15	29.065	30.691	0	2	121	2.646	1.764	NA	0.058	NA	0	-45
431	28	16	29.181	30.691	0	2	242	2.762	1.802	NA	0.116	NA	0	0
432	28	17	29.239	30.749	0	2	139	2.844	1.877	NA	0.082	NA	45	45
433	28	18	28.832	30.749	0	2	139	3.251	1.767	NA	0.407	NA	180	135
434	28	19	28.774	30.575	0	2	74	3.434	1.586	NA	0.184	NA	-108.435	71.565
435	28	20	28.832	30.517	0	2	186	3.517	1.538	NA	0.082	NA	-45	63.435
436	29	1	33.364	30.575	0	2	255	0	0	NA	NA	NA	NA	NA
437	29	2	33.422	30.691	0	2	255	0.13	0.13	NA	0.13	NA	63.435	NA
438	29	3	33.654	30.691	0	2	111	0.362	0.313	NA	0.232	NA	0	-63.435
439	29	4	33.422	30.691	0	2	255	0.595	0.13	NA	0.232	NA	180	180
440	29	5	33.48	30.691	0	2	102	0.653	0.164	NA	0.058	NA	0	-180
441	29	6	33.538	30.343	0	2	214	1.006	0.29	NA	0.353	NA	-80.538	-80.538
442	29	7	33.538	30.285	0	2	186	1.064	0.339	NA	0.058	NA	-90	-9.462
443	29	8	33.538	30.285	0	2	255	1.064	0.339	NA	0	NA	0	90
444	29	9	33.538	30.285	0	2	255	1.064	0.339	NA	0	NA	0	0
445	29	10	33.829	30.285	0	2	255	1.355	0.548	NA	0.291	NA	0	0
446	29	11	33.829	30.285	0	2	255	1.355	0.548	NA	0	NA	0	0
447	29	12	33.887	29.936	0	2	223	1.708	0.826	NA	0.353	NA	-80.538	-80.538
448	29	13	33.713	30.11	0	2	255	1.955	0.581	NA	0.246	NA	135	-144.462
449	29	14	33.887	30.11	0	2	255	2.129	0.7	NA	0.174	NA	0	-135
450	29	15	33.887	30.11	0	2	255	2.129	0.7	NA	0	NA	0	0
451	29	16	33.945	29.82	0	2	255	2.425	0.953	NA	0.296	NA	-78.69	-78.69
452	29	17	33.596	30.227	0	2	255	2.961	0.419	NA	0.536	NA	130.601	-150.709
453	29	18	33.945	29.936	0	2	111	3.415	0.864	NA	0.454	NA	-39.806	-170.407
454	29	19	33.364	30.285	0	2	242	4.092	0.29	NA	0.678	NA	149.036	-171.158
455	29	20	33.654	30.285	0	2	255	4.383	0.411	NA	0.291	NA	0	-149.036
456	29	21	33.713	30.285	0	2	214	4.441	0.454	NA	0.058	NA	0	0
457	29	22	33.654	30.11	0	2	255	4.625	0.548	NA	0.184	NA	-108.435	-108.435
458	29	23	33.596	30.052	0	2	255	4.707	0.572	NA	0.082	NA	-135	-26.565
459	29	24	33.771	30.052	0	2	255	4.881	0.662	NA	0.174	NA	0	135
460	29	25	33.771	30.052	0	2	255	4.881	0.662	NA	0	NA	0	0
461	29	26	33.596	30.052	0	2	255	5.055	0.572	NA	0.174	NA	180	180
462	29	27	33.364	29.994	0	2	255	5.295	0.581	NA	0.24	NA	-165.964	14.036
463	29	28	33.364	29.994	0	2	255	5.295	0.581	NA	0	NA	0	165.964
464	29	29	33.422	30.052	0	2	251	5.377	0.526	NA	0.082	NA	45	45
465	29	30	33.48	30.168	0	2	255	5.507	0.423	NA	0.13	NA	63.435	18.435
466	29	31	33.538	30.168	0	2	255	5.565	0.442	NA	0.058	NA	0	-63.435
467	29	32	33.713	30.168	0	2	214	5.739	0.536	NA	0.174	NA	0	0
468	29	33	33.713	30.168	0	2	255	5.739	0.536	NA	0	NA	0	0
469	29	34	33.713	30.168	0	2	255	5.739	0.536	NA	0	NA	0	0
470	29	35	33.596	30.168	0	2	255	5.856	0.468	NA	0.116	NA	180	180
471	29	36	33.596	30.052	0	2	255	5.972	0.572	NA	0.116	NA	-90	90
472	29	37	33.713	30.052	0	2	186	6.088	0.628	NA	0.116	NA	0	90
473	29	38	33.887	29.762	0	2	149	6.427	0.967	NA	0.339	NA	-59.036	-59.036
474	29	39	32.725	28.367	0	2	223	8.242	2.298	NA	1.815	NA	-129.806	-70.769
475	29	40	32.957	28.425	0	2	242	8.481	2.188	NA	0.24	NA	14.036	143.842
476	29	41	32.899	28.425	0	2	186	8.54	2.199	NA	0.058	NA	180	165.964
477	29	42	32.725	28.367	0	2	255	8.723	2.298	NA	0.184	NA	-161.565	18.435
478	29	43	32.725	28.193	0	2	223	8.898	2.466	NA	0.174	NA	-90	71.565
479	29	44	32.609	28.251	0	2	255	9.027	2.444	NA	0.13	NA	153.435	-116.565
480	30	1	34.119	30.866	0	2	195	0	0	NA	NA	NA	NA	NA
481	30	2	34.468	30.924	0	2	233	0.353	0.353	NA	0.353	NA	9.462	NA
482	30	3	34.468	30.924	0	2	121	0.353	0.353	NA	0	NA	0	-9.462
483	30	4	34.584	30.982	0	2	102	0.483	0.479	NA	0.13	NA	26.565	26.565
484	30	5	34.816	31.098	0	2	121	0.743	0.735	NA	0.26	NA	26.565	0
485	30	6	34.816	31.098	0	2	121	0.743	0.735	NA	0	NA	0	-26.565
486	30	7	34.875	31.098	0	2	93	0.801	0.79	NA	0.058	NA	0	0
487	30	8	34.816	30.982	0	2	158	0.931	0.707	NA	0.13	NA	-116.565	-116.565
488	30	9	34.352	30.924	0	2	195	1.4	0.24	NA	0.468	NA	-172.875	-56.31
489	30	10	34.526	30.924	0	2	130	1.574	0.411	NA	0.174	NA	0	172.875
490	30	11	34.41	31.04	0	2	121	1.738	0.339	NA	0.164	NA	135	135
491	30	12	34.352	31.156	0	2	255	1.868	0.372	NA	0.13	NA	116.565	-18.435
492	30	13	34.352	31.156	0	2	195	1.868	0.372	NA	0	NA	0	-116.565
493	30	14	34.119	31.272	0	2	149	2.128	0.407	NA	0.26	NA	153.435	153.435
494	31	1	29.529	10.531	0	2	27	0	0	NA	NA	NA	NA	NA
495	31	2	29.936	9.659	0	2	9	0.962	0.962	NA	0.962	NA	-64.983	NA
496	31	3	29.82	9.078	0	2	205	1.554	1.481	NA	0.593	NA	-101.31	-36.327
497	31	4	29.82	8.555	0	2	130	2.077	1.997	NA	0.523	NA	-90	11.31
498	31	5	29.936	8.555	0	2	255	2.193	2.017	NA	0.116	NA	0	90
499	31	6	30.052	8.497	0	2	186	2.323	2.1	NA	0.13	NA	-26.565	-26.565
500	31	7	30.052	8.497	0	2	195	2.323	2.1	NA	0	NA	0	26.565
501	31	8	29.994	8.555	0	2	255	2.405	2.029	NA	0.082	NA	135	135
502	31	9	29.994	8.613	0	2	167	2.464	1.973	NA	0.058	NA	90	-45
503	31	10	29.994	8.671	0	2	149	2.522	1.916	NA	0.058	NA	90	0
504	31	11	30.052	8.555	0	2	214	2.652	2.043	NA	0.13	NA	-63.435	-153.435
505	31	12	29.994	8.846	0	2	255	2.948	1.748	NA	0.296	NA	101.31	164.745
506	31	13	30.285	8.381	0	2	93	3.496	2.279	NA	0.548	NA	-57.995	-159.305
507	31	14	30.285	8.381	0	2	214	3.496	2.279	NA	0	NA	0	57.995
508	31	15	30.11	8.381	0	2	111	3.67	2.227	NA	0.174	NA	180	180
509	31	16	30.11	8.149	0	2	167	3.903	2.452	NA	0.232	NA	-90	90
510	31	17	30.11	8.149	0	2	186	3.903	2.452	NA	0	NA	0	90
511	31	18	30.168	8.149	0	2	177	3.961	2.466	NA	0.058	NA	0	0
512	31	19	30.401	8.149	0	2	102	4.193	2.537	NA	0.232	NA	0	0
513	31	20	30.459	8.149	0	2	158	4.251	2.557	NA	0.058	NA	0	0
514	31	21	30.168	8.497	0	2	158	4.705	2.132	NA	0.454	NA	129.806	129.806
515	31	22	29.82	9.252	0	2	121	5.537	1.311	NA	0.832	NA	114.775	-15.03
516	31	23	29.878	9.311	0	2	111	5.619	1.269	NA	0.082	NA	45	-69.775
517	31	24	29.529	10.066	0	2	130	6.451	0.465	NA	0.832	NA	114.775	69.775
518	31	25	29.355	10.473	0	2	111	6.893	0.184	NA	0.442	NA	113.199	-1.577
519	32	1	28.193	11.751	0	2	55	0	0	NA	NA	NA	NA	NA
520	32	2	28.135	11.751	0	2	149	0.058	0.058	NA	0.058	NA	180	NA
521	32	3	28.077	11.809	0	2	130	0.14	0.13	NA	0.082	NA	135	-45
522	32	4	28.077	11.809	0	2	46	0.14	0.13	NA	0	NA	0	-135
523	32	5	27.903	11.867	0	2	27	0.324	0.313	NA	0.184	NA	161.565	161.565
524	32	6	27.961	11.925	0	2	27	0.406	0.291	NA	0.082	NA	45	-116.565
525	32	7	27.786	11.518	0	2	65	0.849	0.468	NA	0.442	NA	-113.199	-158.199
526	32	8	27.903	11.518	0	2	37	0.965	0.372	NA	0.116	NA	0	113.199
527	32	9	28.077	11.576	0	2	74	1.149	0.209	NA	0.184	NA	18.435	18.435
528	32	10	28.077	11.809	0	2	46	1.381	0.13	NA	0.232	NA	90	71.565
529	32	11	28.135	11.635	0	2	121	1.565	0.13	NA	0.184	NA	-71.565	-161.565
530	32	12	28.193	11.809	0	2	55	1.748	0.058	NA	0.184	NA	71.565	143.13
531	32	13	28.425	12.332	0	2	111	2.321	0.626	NA	0.572	NA	66.038	-5.528
532	32	14	28.425	12.39	0	2	130	2.379	0.68	NA	0.058	NA	90	23.962
533	32	15	28.367	12.622	0	2	46	2.618	0.889	NA	0.24	NA	104.036	14.036
534	32	16	28.367	12.68	0	2	93	2.676	0.946	NA	0.058	NA	90	-14.036
535	32	17	28.309	12.738	0	2	83	2.759	0.995	NA	0.082	NA	135	45
536	32	18	28.309	12.797	0	2	37	2.817	1.052	NA	0.058	NA	90	-45
537	32	19	28.251	12.971	0	2	65	3	1.221	NA	0.184	NA	108.435	18.435
538	32	20	28.251	13.029	0	2	130	3.058	1.28	NA	0.058	NA	90	-18.435
539	32	21	28.367	13.145	0	2	37	3.223	1.405	NA	0.164	NA	45	-45
540	32	22	28.309	13.261	0	2	102	3.353	1.515	NA	0.13	NA	116.565	71.565
541	32	23	28.309	13.319	0	2	74	3.411	1.573	NA	0.058	NA	90	-26.565
542	33	1	24.358	14.714	0	2	46	0	0	NA	NA	NA	NA	NA
543	33	2	24.184	14.714	0	2	65	0.174	0.174	NA	0.174	NA	180	NA
544	33	3	24.184	14.714	0	2	74	0.174	0.174	NA	0	NA	0	-180
545	33	4	24.475	14.598	0	2	0	0.487	0.164	NA	0.313	NA	-21.801	-21.801
546	33	5	24.765	14.598	0	2	46	0.778	0.423	NA	0.291	NA	0	21.801
547	33	6	24.823	14.598	0	2	0	0.836	0.479	NA	0.058	NA	0	0
548	33	7	24.358	14.481	0	2	18	1.315	0.232	NA	0.479	NA	-165.964	-165.964
549	33	8	24.3	14.423	0	2	18	1.397	0.296	NA	0.082	NA	-135	30.964
550	33	9	24.3	14.307	0	2	0	1.513	0.411	NA	0.116	NA	-90	45
551	33	10	24.242	14.365	0	2	0	1.595	0.367	NA	0.082	NA	135	-135
552	33	11	24.126	14.54	0	2	9	1.805	0.291	NA	0.209	NA	123.69	-11.31
553	34	1	27.438	10.995	0	2	111	0	0	NA	NA	NA	NA	NA
554	34	2	27.263	10.995	0	2	83	0.174	0.174	NA	0.174	NA	180	NA
555	34	3	27.205	10.995	0	2	74	0.232	0.232	NA	0.058	NA	180	0
556	34	4	26.799	11.112	0	2	102	0.655	0.65	NA	0.423	NA	164.055	-15.945
557	34	5	26.799	11.112	0	2	65	0.655	0.65	NA	0	NA	0	-164.055
558	34	6	26.682	10.705	0	2	139	1.078	0.809	NA	0.423	NA	-105.945	-105.945
559	34	7	26.682	10.763	0	2	149	1.136	0.79	NA	0.058	NA	90	-164.055
560	34	8	27.205	10.531	0	2	0	1.709	0.52	NA	0.572	NA	-23.962	-113.962
561	34	9	27.844	9.892	0	2	0	2.612	1.176	NA	0.904	NA	-45	-21.038
562	34	10	28.135	9.717	0	2	46	2.951	1.456	NA	0.339	NA	-30.964	14.036
563	34	11	28.251	9.892	0	2	46	3.161	1.371	NA	0.209	NA	56.31	87.274
564	34	12	28.135	9.892	0	2	18	3.277	1.306	NA	0.116	NA	180	123.69
565	34	13	28.019	9.892	0	2	9	3.393	1.247	NA	0.116	NA	180	0
566	34	14	28.135	9.892	0	2	27	3.509	1.306	NA	0.116	NA	0	-180
567	34	15	28.542	9.775	0	2	9	3.932	1.645	NA	0.423	NA	-15.945	-15.945
568	35	1	24.417	8.788	0	2	46	0	0	NA	NA	NA	NA	NA
569	35	2	24.417	8.788	0	2	18	0	0	NA	0	NA	0	NA
570	35	3	24.3	8.613	0	2	0	0.209	0.209	NA	0.209	NA	-123.69	-123.69
571	35	4	24.358	8.323	0	2	27	0.506	0.468	NA	0.296	NA	-78.69	45
572	35	5	24.533	8.497	0	2	27	0.752	0.313	NA	0.246	NA	45	123.69
573	35	6	24.475	8.497	0	2	37	0.81	0.296	NA	0.058	NA	180	135
574	35	7	24.475	8.497	0	2	18	0.81	0.296	NA	0	NA	0	-180
575	35	8	24.591	8.671	0	2	9	1.02	0.209	NA	0.209	NA	56.31	56.31
576	35	9	24.184	8.671	0	2	9	1.427	0.26	NA	0.407	NA	180	123.69
577	36	1	23.255	14.598	0	2	27	0	0	NA	NA	NA	NA	NA
578	36	2	23.371	14.598	0	2	0	0.116	0.116	NA	0.116	NA	0	NA
579	36	3	23.836	14.83	0	2	18	0.636	0.626	NA	0.52	NA	26.565	26.565
580	36	4	24.417	15.411	0	2	27	1.458	1.418	NA	0.822	NA	45	18.435
581	36	5	24.01	15.527	0	2	27	1.88	1.198	NA	0.423	NA	164.055	119.055
582	36	6	24.184	15.527	0	2	55	2.055	1.315	NA	0.174	NA	0	-164.055
583	36	7	24.184	15.702	0	2	65	2.229	1.443	NA	0.174	NA	90	90
584	36	8	24.184	16.224	0	2	65	2.752	1.874	NA	0.523	NA	90	0
585	36	9	24.184	16.224	0	2	0	2.752	1.874	NA	0	NA	0	-90
586	36	10	24.01	16.166	0	2	9	2.936	1.741	NA	0.184	NA	-161.565	-161.565
587	36	11	24.184	16.283	0	2	18	3.145	1.924	NA	0.209	NA	33.69	-164.745
588	36	12	23.836	15.527	0	2	46	3.977	1.096	NA	0.832	NA	-114.775	-148.465
589	36	13	23.952	15.527	0	2	55	4.093	1.162	NA	0.116	NA	0	114.775
590	36	14	23.894	16.341	0	2	18	4.909	1.856	NA	0.815	NA	94.086	94.086
