Nr	TID	PID	x [micron]	y [micron]	t [sec]	c [idx]	I [val]	Len [micron]	D2S [micron]	D2R [micron]	D2P [micron]	v [micron/sec]	? [deg]	?? [deg]
1	1	1	23.699	22.023	0	2	255	0	0	NA	NA	NA	NA	NA
2	1	2	23.699	22.023	0	2	242	0	0	NA	0	NA	0	NA
3	1	3	23.699	22.023	0	2	255	0	0	NA	0	NA	0	0
4	1	4	23.699	22.023	0	2	255	0	0	NA	0	NA	0	0
5	1	5	23.699	22.023	0	2	255	0	0	NA	0	NA	0	0
6	1	6	23.699	22.079	0	2	158	0.056	0.056	NA	0.056	NA	90	90
7	1	7	23.476	22.135	0	2	255	0.286	0.25	NA	0.23	NA	165.964	75.964
8	1	8	23.643	22.191	0	2	214	0.463	0.177	NA	0.177	NA	18.435	-147.529
9	1	9	23.029	22.358	0	2	93	1.1	0.749	NA	0.637	NA	164.745	146.31
10	1	10	23.085	22.358	0	2	149	1.156	0.7	NA	0.056	NA	0	-164.745
11	1	11	23.14	22.526	0	2	214	1.332	0.752	NA	0.177	NA	71.565	71.565
12	1	12	23.196	22.526	0	2	255	1.388	0.711	NA	0.056	NA	0	-71.565
13	1	13	23.196	22.805	0	2	149	1.667	0.93	NA	0.279	NA	90	90
14	1	14	22.805	22.861	0	2	255	2.062	1.225	NA	0.395	NA	171.87	81.87
15	1	15	23.14	22.805	0	2	74	2.402	0.961	NA	0.34	NA	-9.462	178.668
16	1	16	23.029	22.805	0	2	255	2.514	1.03	NA	0.112	NA	180	-170.538
17	1	17	23.029	22.805	0	2	255	2.514	1.03	NA	0	NA	0	-180
18	1	18	23.14	22.861	0	2	242	2.639	1.007	NA	0.125	NA	26.565	26.565
19	1	19	23.196	22.861	0	2	255	2.695	0.977	NA	0.056	NA	0	-26.565
20	1	20	23.196	22.861	0	2	167	2.695	0.977	NA	0	NA	0	0
21	1	21	23.14	22.749	0	2	233	2.82	0.916	NA	0.125	NA	-116.565	-116.565
22	1	22	23.029	22.749	0	2	195	2.931	0.988	NA	0.112	NA	180	-63.435
23	1	23	23.14	22.749	0	2	195	3.043	0.916	NA	0.112	NA	0	-180
24	1	24	23.308	22.749	0	2	130	3.211	0.825	NA	0.168	NA	0	0
25	1	25	23.252	22.805	0	2	121	3.29	0.901	NA	0.079	NA	135	135
26	1	26	23.085	22.861	0	2	186	3.466	1.039	NA	0.177	NA	161.565	26.565
27	1	27	23.085	22.861	0	2	111	3.466	1.039	NA	0	NA	0	-161.565
28	1	28	22.917	22.694	0	2	149	3.703	1.03	NA	0.237	NA	-135	-135
29	1	29	22.917	22.805	0	2	139	3.815	1.106	NA	0.112	NA	90	-135
30	1	30	22.917	22.805	0	2	139	3.815	1.106	NA	0	NA	0	-90
31	1	31	23.029	23.029	0	2	74	4.065	1.208	NA	0.25	NA	63.435	63.435
32	1	32	22.917	23.085	0	2	83	4.19	1.318	NA	0.125	NA	153.435	90
33	1	33	22.917	22.526	0	2	158	4.748	0.93	NA	0.559	NA	-90	116.565
34	1	34	23.252	22.638	0	2	130	5.102	0.76	NA	0.353	NA	18.435	108.435
35	1	35	23.364	22.917	0	2	93	5.402	0.955	NA	0.301	NA	68.199	49.764
36	1	36	23.364	22.917	0	2	205	5.402	0.955	NA	0	NA	0	-68.199
37	1	37	23.531	22.973	0	2	74	5.579	0.964	NA	0.177	NA	18.435	18.435
38	1	38	24.034	22.582	0	2	83	6.216	0.651	NA	0.637	NA	-37.875	-56.31
39	1	39	24.034	22.526	0	2	130	6.272	0.604	NA	0.056	NA	-90	-52.125
40	1	40	23.755	22.526	0	2	83	6.551	0.506	NA	0.279	NA	180	-90
41	1	41	23.643	22.526	0	2	111	6.663	0.506	NA	0.112	NA	180	0
42	1	42	23.196	22.079	0	2	111	7.295	0.506	NA	0.632	NA	-135	45
43	1	43	23.531	22.414	0	2	139	7.769	0.425	NA	0.474	NA	45	-180
44	1	44	23.643	22.414	0	2	83	7.881	0.395	NA	0.112	NA	0	-45
45	1	45	23.755	22.358	0	2	93	8.006	0.34	NA	0.125	NA	-26.565	-26.565
46	1	46	23.587	22.526	0	2	55	8.243	0.515	NA	0.237	NA	135	161.565
47	1	47	23.811	22.414	0	2	55	8.492	0.407	NA	0.25	NA	-26.565	-161.565
48	1	48	23.922	22.303	0	2	46	8.65	0.358	NA	0.158	NA	-45	-18.435
49	1	49	23.755	21.967	0	2	37	9.025	0.079	NA	0.375	NA	-116.565	-71.565
50	1	50	24.034	21.967	0	2	18	9.304	0.34	NA	0.279	NA	0	116.565
51	2	1	22.694	22.47	0	2	74	0	0	NA	NA	NA	NA	NA
52	2	2	22.358	22.638	0	2	111	0.375	0.375	NA	0.375	NA	153.435	NA
53	2	3	22.638	22.638	0	2	93	0.654	0.177	NA	0.279	NA	0	-153.435
54	2	4	22.638	22.638	0	2	102	0.654	0.177	NA	0	NA	0	0
55	2	5	22.638	22.638	0	2	93	0.654	0.177	NA	0	NA	0	0
56	2	6	22.694	22.638	0	2	65	0.71	0.168	NA	0.056	NA	0	0
57	2	7	22.694	22.303	0	2	74	1.045	0.168	NA	0.335	NA	-90	-90
58	2	8	22.47	22.303	0	2	83	1.269	0.279	NA	0.223	NA	180	-90
59	2	9	21.967	22.917	0	2	55	2.062	0.853	NA	0.794	NA	129.289	-50.711
60	2	10	22.079	22.917	0	2	37	2.174	0.76	NA	0.112	NA	0	-129.289
61	2	11	22.079	22.917	0	2	46	2.174	0.76	NA	0	NA	0	0
62	2	12	22.079	22.526	0	2	55	2.565	0.617	NA	0.391	NA	-90	-90
63	2	13	22.358	22.135	0	2	74	3.046	0.474	NA	0.481	NA	-54.462	35.538
64	2	14	22.749	22.079	0	2	83	3.441	0.395	NA	0.395	NA	-8.13	46.332
65	2	15	22.973	21.856	0	2	111	3.757	0.675	NA	0.316	NA	-45	-36.87
66	2	16	23.029	21.856	0	2	111	3.813	0.7	NA	0.056	NA	0	45
67	2	17	22.694	21.856	0	2	130	4.148	0.614	NA	0.335	NA	180	180
68	2	18	22.973	21.856	0	2	149	4.427	0.675	NA	0.279	NA	0	-180
69	2	19	23.029	21.856	0	2	65	4.483	0.7	NA	0.056	NA	0	0
70	2	20	23.029	21.856	0	2	102	4.483	0.7	NA	0	NA	0	0
71	2	21	22.973	21.856	0	2	65	4.539	0.675	NA	0.056	NA	180	180
72	2	22	22.861	21.856	0	2	65	4.65	0.637	NA	0.112	NA	180	0
73	2	23	23.029	21.744	0	2	111	4.852	0.8	NA	0.201	NA	-33.69	146.31
74	2	24	23.14	21.744	0	2	74	4.964	0.853	NA	0.112	NA	0	33.69
75	2	25	23.196	21.744	0	2	46	5.019	0.883	NA	0.056	NA	0	0
76	2	26	23.476	21.688	0	2	37	5.304	1.106	NA	0.285	NA	-11.31	-11.31
77	2	27	23.476	21.688	0	2	55	5.304	1.106	NA	0	NA	0	11.31
78	2	28	23.531	21.576	0	2	46	5.429	1.225	NA	0.125	NA	-63.435	-63.435
79	2	29	23.476	21.353	0	2	18	5.66	1.364	NA	0.23	NA	-104.036	-40.601
80	2	30	23.364	21.465	0	2	37	5.818	1.208	NA	0.158	NA	135	-120.964
81	2	31	23.476	21.52	0	2	18	5.942	1.23	NA	0.125	NA	26.565	-108.435
82	2	32	23.252	21.576	0	2	55	6.173	1.054	NA	0.23	NA	165.964	139.399
83	2	33	22.414	22.079	0	2	46	7.15	0.481	NA	0.977	NA	149.036	-16.928
84	2	34	23.14	22.023	0	2	27	7.878	0.632	NA	0.728	NA	-4.399	-153.435
85	2	35	23.196	21.632	0	2	46	8.273	0.977	NA	0.395	NA	-81.87	-77.471
86	2	36	23.308	21.632	0	2	27	8.385	1.039	NA	0.112	NA	0	81.87
87	2	37	23.42	21.52	0	2	18	8.543	1.195	NA	0.158	NA	-45	-45
88	2	38	23.085	21.967	0	2	37	9.102	0.637	NA	0.559	NA	126.87	171.87
89	2	39	23.085	22.023	0	2	37	9.157	0.594	NA	0.056	NA	90	-36.87
90	2	40	23.196	21.856	0	2	65	9.359	0.794	NA	0.201	NA	-56.31	-146.31
91	2	41	22.973	22.079	0	2	74	9.675	0.481	NA	0.316	NA	135	-168.69
92	2	42	22.191	21.8	0	2	0	10.505	0.838	NA	0.83	NA	-160.346	64.654
93	2	43	22.47	21.856	0	2	18	10.79	0.654	NA	0.285	NA	11.31	171.656
94	2	44	22.805	22.023	0	2	46	11.165	0.461	NA	0.375	NA	26.565	15.255
95	2	45	22.694	22.079	0	2	55	11.29	0.391	NA	0.125	NA	153.435	126.87
96	2	46	22.638	22.079	0	2	18	11.346	0.395	NA	0.056	NA	180	26.565
97	2	47	23.755	21.744	0	2	55	12.512	1.286	NA	1.166	NA	-16.699	163.301
98	3	1	19.565	12.359	0	2	0	0	0	NA	NA	NA	NA	NA
99	3	2	19.845	12.583	0	2	9	0.358	0.358	NA	0.358	NA	38.66	NA
100	3	3	19.956	12.806	0	2	18	0.608	0.594	NA	0.25	NA	63.435	24.775
101	3	4	20.794	13.141	0	2	27	1.51	1.457	NA	0.902	NA	21.801	-41.634
102	3	5	20.85	13.085	0	2	0	1.589	1.476	NA	0.079	NA	-45	-66.801
103	3	6	21.409	13.979	0	2	0	2.643	2.454	NA	1.054	NA	57.995	102.995
104	4	1	21.129	24.705	0	2	0	0	0	NA	NA	NA	NA	NA
105	4	2	20.683	25.431	0	2	18	0.853	0.853	NA	0.853	NA	121.608	NA
106	4	3	20.068	26.101	0	2	18	1.762	1.754	NA	0.909	NA	132.51	10.903
107	4	4	20.347	26.269	0	2	18	2.088	1.749	NA	0.326	NA	30.964	-101.547
108	5	1	19.398	27.777	0	2	46	0	0	NA	NA	NA	NA	NA
109	5	2	19.565	27.162	0	2	55	0.637	0.637	NA	0.637	NA	-74.745	NA
110	5	3	18.281	27.33	0	2	65	1.933	1.203	NA	1.296	NA	172.569	-112.687
111	5	4	17.052	27.833	0	2	0	3.26	2.347	NA	1.328	NA	157.751	-14.818
112	6	1	19.063	29.118	0	2	27	0	0	NA	NA	NA	NA	NA
113	6	2	19.565	28	0	2	93	1.225	1.225	NA	1.225	NA	-65.772	NA
114	6	3	19.901	26.771	0	2	46	2.499	2.491	NA	1.274	NA	-74.745	-8.973
115	6	4	20.794	25.933	0	2	18	3.724	3.625	NA	1.225	NA	-43.152	31.592
116	6	5	21.074	25.04	0	2	0	4.66	4.547	NA	0.936	NA	-72.646	-29.494
117	7	1	20.459	25.263	0	2	27	0	0	NA	NA	NA	NA	NA
118	7	2	18.504	27.218	0	2	27	2.765	2.765	NA	2.765	NA	135	NA
119	7	3	17.107	28.503	0	2	121	4.663	4.662	NA	1.898	NA	137.386	2.386
120	8	1	22.303	13.532	0	2	9	0	0	NA	NA	NA	NA	NA
121	8	2	22.414	13.532	0	2	27	0.112	0.112	NA	0.112	NA	0	NA
122	8	3	22.414	13.588	0	2	9	0.168	0.125	NA	0.056	NA	90	90
123	8	4	22.303	13.532	0	2	0	0.292	0	NA	0.125	NA	-153.435	116.565
124	8	5	22.303	13.532	0	2	9	0.292	0	NA	0	NA	0	153.435
125	8	6	22.247	13.532	0	2	18	0.348	0.056	NA	0.056	NA	180	180
126	8	7	22.694	13.868	0	2	18	0.907	0.515	NA	0.559	NA	36.87	-143.13
127	8	8	22.079	13.756	0	2	18	1.532	0.316	NA	0.625	NA	-169.695	153.435
128	8	9	21.744	13.812	0	2	9	1.871	0.625	NA	0.34	NA	170.538	-19.767
129	8	10	22.079	13.756	0	2	0	2.211	0.316	NA	0.34	NA	-9.462	-180
130	8	11	22.023	13.923	0	2	9	2.388	0.481	NA	0.177	NA	108.435	117.897
131	8	12	22.079	13.756	0	2	9	2.564	0.316	NA	0.177	NA	-71.565	-180
132	8	13	21.688	14.091	0	2	27	3.079	0.83	NA	0.515	NA	139.399	-149.036
133	8	14	21.856	13.812	0	2	0	3.405	0.527	NA	0.326	NA	-59.036	161.565
134	8	15	21.856	14.091	0	2	0	3.684	0.715	NA	0.279	NA	90	149.036
135	8	16	22.079	14.035	0	2	0	3.915	0.55	NA	0.23	NA	-14.036	-104.036
136	8	17	22.247	14.259	0	2	9	4.194	0.728	NA	0.279	NA	53.13	67.166
137	9	1	20.627	7.22	0	2	9	0	0	NA	NA	NA	NA	NA
138	9	2	20.515	7.22	0	2	18	0.112	0.112	NA	0.112	NA	180	NA
139	9	3	20.627	6.941	0	2	27	0.413	0.279	NA	0.301	NA	-68.199	111.801
140	9	4	20.571	6.997	0	2	0	0.492	0.23	NA	0.079	NA	135	-156.801
141	9	5	21.185	6.717	0	2	9	1.167	0.752	NA	0.675	NA	-24.444	-159.444
142	9	6	21.185	6.717	0	2	9	1.167	0.752	NA	0	NA	0	24.444
143	9	7	21.297	6.661	0	2	0	1.291	0.873	NA	0.125	NA	-26.565	-26.565
144	9	8	21.297	6.55	0	2	0	1.403	0.948	NA	0.112	NA	-90	-63.435
145	9	9	21.967	6.55	0	2	0	2.073	1.499	NA	0.67	NA	0	90
146	10	1	21.409	6.829	0	2	9	0	0	NA	NA	NA	NA	NA
147	10	2	21.465	6.829	0	2	0	0.056	0.056	NA	0.056	NA	0	NA
148	10	3	21.185	6.606	0	2	0	0.414	0.316	NA	0.358	NA	-141.34	-141.34
149	10	4	21.576	6.829	0	2	18	0.864	0.168	NA	0.45	NA	29.745	171.085
150	10	5	21.8	6.773	0	2	9	1.094	0.395	NA	0.23	NA	-14.036	-43.781
151	10	6	21.632	6.773	0	2	9	1.262	0.23	NA	0.168	NA	180	-165.964
152	10	7	21.353	6.941	0	2	0	1.588	0.125	NA	0.326	NA	149.036	-30.964
153	10	8	21.297	7.052	0	2	37	1.712	0.25	NA	0.125	NA	116.565	-32.471
154	10	9	21.8	6.661	0	2	0	2.349	0.425	NA	0.637	NA	-37.875	-154.44
155	10	10	21.632	6.494	0	2	9	2.586	0.403	NA	0.237	NA	-135	-97.125
156	10	11	21.632	6.885	0	2	9	2.977	0.23	NA	0.391	NA	90	-135
157	10	12	21.52	7.276	0	2	9	3.384	0.461	NA	0.407	NA	105.945	15.945
158	10	13	21.465	7.108	0	2	9	3.561	0.285	NA	0.177	NA	-108.435	145.62
159	10	14	21.409	7.164	0	2	9	3.64	0.335	NA	0.079	NA	135	-116.565
160	10	15	21.353	7.164	0	2	0	3.696	0.34	NA	0.056	NA	180	45
161	11	1	20.794	7.779	0	2	18	0	0	NA	NA	NA	NA	NA
162	11	2	20.906	7.443	0	2	0	0.353	0.353	NA	0.353	NA	-71.565	NA
163	11	3	20.85	6.773	0	2	0	1.026	1.007	NA	0.673	NA	-94.764	-23.199
164	11	4	20.962	7.22	0	2	18	1.487	0.583	NA	0.461	NA	75.964	170.727
165	11	5	21.074	6.997	0	2	18	1.736	0.83	NA	0.25	NA	-63.435	-139.399
