Nr	TID	PID	x [micron]	y [micron]	t [sec]	c [idx]	I [val]	Len [micron]	D2S [micron]	D2R [micron]	D2P [micron]	v [micron/sec]	? [deg]	?? [deg]
1	1	1	38.596	22.219	0	2	30	0	0	NA	NA	NA	NA	NA
2	1	2	39.065	21.593	0	2	0	0.782	0.782	NA	0.782	NA	-53.13	NA
3	1	3	38.596	21.436	0	2	0	1.277	0.782	NA	0.495	NA	-161.565	-108.435
4	1	4	38.283	21.541	0	2	10	1.607	0.747	NA	0.33	NA	161.565	-36.87
5	1	5	38.752	21.332	0	2	10	2.121	0.9	NA	0.514	NA	-23.962	174.472
6	1	6	38.7	21.436	0	2	10	2.237	0.789	NA	0.117	NA	116.565	140.528
7	1	7	39.013	21.436	0	2	0	2.55	0.887	NA	0.313	NA	0	-116.565
8	1	8	39.065	20.915	0	2	10	3.074	1.386	NA	0.524	NA	-84.289	-84.289
9	1	9	39.065	20.915	0	2	10	3.074	1.386	NA	0	NA	0	84.289
10	1	10	39.065	20.915	0	2	0	3.074	1.386	NA	0	NA	0	0
11	1	11	39.065	20.915	0	2	10	3.074	1.386	NA	0	NA	0	0
12	1	12	38.752	20.758	0	2	10	3.424	1.469	NA	0.35	NA	-153.435	-153.435
13	1	13	39.065	20.706	0	2	0	3.742	1.584	NA	0.317	NA	-9.462	143.973
14	1	14	39.169	20.654	0	2	30	3.858	1.667	NA	0.117	NA	-26.565	-17.103
15	1	15	38.752	20.862	0	2	10	4.325	1.365	NA	0.466	NA	153.435	180
16	1	16	39.013	20.862	0	2	10	4.585	1.419	NA	0.261	NA	0	-153.435
17	1	17	38.387	21.593	0	2	0	5.547	0.66	NA	0.962	NA	130.601	130.601
18	1	18	38.596	21.593	0	2	10	5.756	0.626	NA	0.209	NA	0	-130.601
19	1	19	38.961	21.175	0	2	10	6.31	1.105	NA	0.554	NA	-48.814	-48.814
20	1	20	38.856	21.019	0	2	0	6.498	1.228	NA	0.188	NA	-123.69	-74.876
21	1	21	39.013	20.862	0	2	10	6.72	1.419	NA	0.221	NA	-45	78.69
22	1	22	39.065	21.019	0	2	0	6.884	1.288	NA	0.165	NA	71.565	116.565
23	1	23	38.648	20.862	0	2	10	7.33	1.357	NA	0.446	NA	-159.444	128.991
24	1	24	38.961	20.915	0	2	20	7.647	1.354	NA	0.317	NA	9.462	168.906
25	1	25	39.169	20.967	0	2	0	7.862	1.377	NA	0.215	NA	14.036	4.574
26	1	26	38.856	20.758	0	2	0	8.238	1.483	NA	0.376	NA	-146.31	-160.346
27	1	27	38.7	20.967	0	2	10	8.499	1.256	NA	0.261	NA	126.87	-86.82
28	1	28	38.543	21.332	0	2	10	8.896	0.888	NA	0.397	NA	113.199	-13.671
29	1	29	38.543	21.332	0	2	30	8.896	0.888	NA	0	NA	0	-113.199
30	1	30	38.856	21.28	0	2	10	9.214	0.974	NA	0.317	NA	-9.462	-9.462
31	1	31	38.752	20.915	0	2	30	9.593	1.313	NA	0.38	NA	-105.945	-96.483
32	1	32	39.221	21.175	0	2	0	10.13	1.216	NA	0.537	NA	29.055	135
33	1	33	39.065	21.175	0	2	0	10.287	1.144	NA	0.156	NA	180	150.945
34	1	34	39.065	21.123	0	2	0	10.339	1.192	NA	0.052	NA	-90	90
35	1	35	38.648	21.123	0	2	0	10.756	1.097	NA	0.417	NA	180	-90
36	1	36	38.126	22.114	0	2	0	11.876	0.481	NA	1.12	NA	117.759	-62.241
37	2	1	29.52	27.538	0	2	30	0	0	NA	NA	NA	NA	NA
38	2	2	29.885	27.434	0	2	20	0.38	0.38	NA	0.38	NA	-15.945	NA
39	2	3	29.938	27.226	0	2	30	0.595	0.522	NA	0.215	NA	-75.964	-60.018
40	2	4	29.938	27.226	0	2	10	0.595	0.522	NA	0	NA	0	75.964
41	2	5	31.711	25.817	0	2	20	2.859	2.786	NA	2.264	NA	-38.454	-38.454
42	2	6	31.815	25.609	0	2	30	3.092	2.998	NA	0.233	NA	-63.435	-24.981
43	2	7	31.711	25.557	0	2	0	3.209	2.954	NA	0.117	NA	-153.435	-90
44	2	8	30.094	26.965	0	2	20	5.353	0.811	NA	2.144	NA	138.945	-67.62
45	2	9	29.364	27.591	0	2	0	6.315	0.165	NA	0.962	NA	139.399	0.454
46	2	10	28.999	27.799	0	2	10	6.735	0.583	NA	0.42	NA	150.255	10.856
47	2	11	28.999	27.747	0	2	70	6.788	0.562	NA	0.052	NA	-90	119.745
48	2	12	30.094	26.704	0	2	30	8.3	1.013	NA	1.513	NA	-43.603	46.397
49	2	13	30.303	26.547	0	2	30	8.561	1.263	NA	0.261	NA	-36.87	6.733
50	2	14	30.407	26.547	0	2	0	8.665	1.33	NA	0.104	NA	0	36.87
51	2	15	30.355	26.808	0	2	30	8.931	1.109	NA	0.266	NA	101.31	101.31
52	2	16	30.251	26.808	0	2	0	9.035	1.033	NA	0.104	NA	180	78.69
53	2	17	30.251	26.808	0	2	40	9.035	1.033	NA	0	NA	0	-180
54	2	18	30.303	26.652	0	2	30	9.2	1.182	NA	0.165	NA	-71.565	-71.565
55	2	19	30.407	26.756	0	2	20	9.348	1.182	NA	0.148	NA	45	116.565
56	2	20	30.355	26.913	0	2	0	9.513	1.043	NA	0.165	NA	108.435	63.435
57	2	21	30.355	26.808	0	2	10	9.617	1.109	NA	0.104	NA	-90	161.565
58	2	22	30.303	26.808	0	2	10	9.669	1.07	NA	0.052	NA	180	-90
59	2	23	30.198	26.756	0	2	30	9.786	1.035	NA	0.117	NA	-153.435	26.565
60	2	24	30.094	26.756	0	2	10	9.89	0.97	NA	0.104	NA	180	-26.565
61	2	25	30.251	26.652	0	2	10	10.078	1.149	NA	0.188	NA	-33.69	146.31
62	2	26	30.094	26.808	0	2	30	10.3	0.929	NA	0.221	NA	135	168.69
63	2	27	30.355	26.913	0	2	20	10.58	1.043	NA	0.281	NA	21.801	-113.199
64	2	28	30.042	27.017	0	2	20	10.91	0.738	NA	0.33	NA	161.565	139.764
65	2	29	30.303	26.965	0	2	0	11.176	0.97	NA	0.266	NA	-11.31	-172.875
66	2	30	30.251	26.965	0	2	20	11.228	0.929	NA	0.052	NA	180	-168.69
67	2	31	29.781	26.965	0	2	20	11.698	0.63	NA	0.469	NA	180	0
68	2	32	30.094	27.017	0	2	0	12.015	0.775	NA	0.317	NA	9.462	-170.538
69	2	33	29.938	27.017	0	2	10	12.172	0.668	NA	0.156	NA	180	170.538
70	2	34	29.938	27.017	0	2	20	12.172	0.668	NA	0	NA	0	-180
71	2	35	29.938	27.017	0	2	20	12.172	0.668	NA	0	NA	0	0
72	2	36	30.094	26.913	0	2	10	12.36	0.849	NA	0.188	NA	-33.69	-33.69
73	2	37	30.094	26.913	0	2	0	12.36	0.849	NA	0	NA	0	33.69
74	2	38	29.729	26.965	0	2	30	12.728	0.61	NA	0.369	NA	171.87	171.87
75	2	39	30.094	26.86	0	2	0	13.108	0.888	NA	0.38	NA	-15.945	172.185
76	2	40	30.094	26.86	0	2	30	13.108	0.888	NA	0	NA	0	15.945
77	2	41	30.094	26.965	0	2	0	13.212	0.811	NA	0.104	NA	90	90
78	2	42	30.146	27.017	0	2	30	13.286	0.815	NA	0.074	NA	45	-45
79	2	43	30.303	27.121	0	2	0	13.474	0.887	NA	0.188	NA	33.69	-11.31
80	2	44	30.042	26.86	0	2	20	13.843	0.855	NA	0.369	NA	-135	-168.69
81	2	45	29.99	27.226	0	2	20	14.212	0.564	NA	0.369	NA	98.13	-126.87
82	2	46	30.146	27.121	0	2	30	14.4	0.752	NA	0.188	NA	-33.69	-131.82
83	2	47	30.146	27.121	0	2	20	14.4	0.752	NA	0	NA	0	33.69
84	2	48	30.303	26.913	0	2	10	14.661	1.002	NA	0.261	NA	-53.13	-53.13
85	3	1	32.598	26.339	0	2	0	0	0	NA	NA	NA	NA	NA
86	3	2	32.702	26.078	0	2	10	0.281	0.281	NA	0.281	NA	-68.199	NA
87	3	3	32.545	26.182	0	2	0	0.469	0.165	NA	0.188	NA	146.31	-145.491
88	3	4	32.598	25.713	0	2	10	0.941	0.626	NA	0.472	NA	-83.66	130.03
89	3	5	32.754	25.139	0	2	10	1.536	1.21	NA	0.595	NA	-74.745	8.915
90	3	6	33.223	24.826	0	2	20	2.1	1.637	NA	0.564	NA	-33.69	41.055
91	3	7	32.598	24.67	0	2	10	2.745	1.669	NA	0.645	NA	-165.964	-132.274
92	3	8	32.806	24.513	0	2	0	3.006	1.837	NA	0.261	NA	-36.87	129.094
93	3	9	31.711	24.67	0	2	10	4.112	1.89	NA	1.106	NA	171.87	-151.26
94	3	10	31.607	24.983	0	2	10	4.442	1.68	NA	0.33	NA	108.435	-63.435
95	3	11	31.607	24.722	0	2	0	4.703	1.896	NA	0.261	NA	-90	161.565
96	3	12	30.876	24.461	0	2	0	5.478	2.547	NA	0.775	NA	-160.346	-70.346
97	3	13	31.346	24.461	0	2	0	5.948	2.257	NA	0.469	NA	0	160.346
98	3	14	31.242	24.513	0	2	10	6.064	2.274	NA	0.117	NA	153.435	153.435
99	3	15	30.772	24.409	0	2	30	6.545	2.656	NA	0.481	NA	-167.471	39.094
100	3	16	30.772	23.835	0	2	10	7.119	3.098	NA	0.574	NA	-90	77.471
101	3	17	31.294	24.096	0	2	20	7.702	2.594	NA	0.583	NA	26.565	116.565
102	3	18	32.024	24.878	0	2	30	8.772	1.569	NA	1.07	NA	46.975	20.41
103	3	19	32.024	24.096	0	2	20	9.555	2.315	NA	0.782	NA	-90	-136.975
104	3	20	32.024	24.826	0	2	10	10.285	1.618	NA	0.73	NA	90	180
105	3	21	32.024	24.409	0	2	30	10.702	2.013	NA	0.417	NA	-90	-180
106	3	22	32.024	24.566	0	2	10	10.858	1.864	NA	0.156	NA	90	180
107	4	1	25.661	23.418	0	2	20	0	0	NA	NA	NA	NA	NA
108	4	2	25.661	23.418	0	2	20	0	0	NA	0	NA	0	NA
109	4	3	25.661	23.47	0	2	10	0.052	0.052	NA	0.052	NA	90	90
110	4	4	25.817	23.314	0	2	20	0.273	0.188	NA	0.221	NA	-45	-135
111	4	5	25.817	23.314	0	2	10	0.273	0.188	NA	0	NA	0	45
112	4	6	25.609	23.157	0	2	30	0.534	0.266	NA	0.261	NA	-143.13	-143.13
113	4	7	25.609	23.314	0	2	40	0.691	0.117	NA	0.156	NA	90	-126.87
114	4	8	25.765	23.21	0	2	10	0.879	0.233	NA	0.188	NA	-33.69	-123.69
115	4	9	25.4	23.262	0	2	10	1.248	0.304	NA	0.369	NA	171.87	-154.44
116	4	10	25.4	23.314	0	2	30	1.3	0.281	NA	0.052	NA	90	-81.87
117	4	11	25.4	23.522	0	2	20	1.508	0.281	NA	0.209	NA	90	0
118	4	12	25.609	23.366	0	2	10	1.769	0.074	NA	0.261	NA	-36.87	-126.87
119	4	13	25.191	23.47	0	2	10	2.199	0.472	NA	0.43	NA	165.964	-157.166
120	4	14	25.087	23.522	0	2	0	2.316	0.583	NA	0.117	NA	153.435	-12.529
121	4	15	25.296	23.522	0	2	40	2.524	0.38	NA	0.209	NA	0	-153.435
122	4	16	25.452	23.575	0	2	40	2.689	0.261	NA	0.165	NA	18.435	18.435
123	4	17	25.713	23.47	0	2	20	2.97	0.074	NA	0.281	NA	-21.801	-40.236
124	4	18	25.817	23.418	0	2	0	3.087	0.156	NA	0.117	NA	-26.565	-4.764
125	4	19	25.504	23.627	0	2	30	3.463	0.261	NA	0.376	NA	146.31	172.875
126	4	20	25.765	23.575	0	2	60	3.729	0.188	NA	0.266	NA	-11.31	-157.62
127	4	21	25.922	23.575	0	2	10	3.885	0.304	NA	0.156	NA	0	11.31
128	4	22	25.869	23.522	0	2	30	3.959	0.233	NA	0.074	NA	-135	-135
129	4	23	26.13	23.47	0	2	20	4.225	0.472	NA	0.266	NA	-11.31	123.69
130	4	24	26.13	23.47	0	2	10	4.225	0.472	NA	0	NA	0	11.31
131	4	25	26.182	23.366	0	2	10	4.342	0.524	NA	0.117	NA	-63.435	-63.435
132	4	26	25.817	23.314	0	2	20	4.711	0.188	NA	0.369	NA	-171.87	-108.435
133	4	27	25.922	23.418	0	2	30	4.858	0.261	NA	0.148	NA	45	-143.13
134	4	28	25.922	23.366	0	2	40	4.91	0.266	NA	0.052	NA	-90	-135
135	4	29	26.078	23.262	0	2	10	5.098	0.446	NA	0.188	NA	-33.69	56.31
136	4	30	26.078	23.262	0	2	10	5.098	0.446	NA	0	NA	0	33.69
137	4	31	26.182	23.262	0	2	0	5.203	0.545	NA	0.104	NA	0	0
138	4	32	25.974	23.522	0	2	10	5.537	0.33	NA	0.334	NA	128.66	128.66
139	4	33	25.817	23.366	0	2	40	5.758	0.165	NA	0.221	NA	-135	96.34
140	4	34	25.817	23.47	0	2	30	5.862	0.165	NA	0.104	NA	90	-135
141	4	35	26.235	23.21	0	2	40	6.354	0.61	NA	0.492	NA	-32.005	-122.005
142	4	36	26.235	23.366	0	2	30	6.511	0.576	NA	0.156	NA	90	122.005
143	4	37	26.339	23.262	0	2	40	6.658	0.696	NA	0.148	NA	-45	-135
144	4	38	26.495	23.21	0	2	10	6.823	0.86	NA	0.165	NA	-18.435	26.565
145	4	39	26.287	23.262	0	2	30	7.038	0.645	NA	0.215	NA	165.964	-175.601
146	4	40	26.339	23.157	0	2	30	7.155	0.726	NA	0.117	NA	-63.435	130.601
147	5	1	24.566	25.713	0	2	10	0	0	NA	NA	NA	NA	NA
148	5	2	24.566	25.4	0	2	30	0.313	0.313	NA	0.313	NA	-90	NA
149	5	3	24.566	25.4	0	2	10	0.313	0.313	NA	0	NA	0	90
150	5	4	25.087	24.461	0	2	10	1.387	1.356	NA	1.074	NA	-60.945	-60.945
151	5	5	25.452	24.513	0	2	50	1.756	1.492	NA	0.369	NA	8.13	69.075
152	5	6	25.504	24.305	0	2	40	1.971	1.692	NA	0.215	NA	-75.964	-84.094
153	5	7	25.452	24.305	0	2	60	2.023	1.664	NA	0.052	NA	180	-104.036
154	5	8	25.661	24.253	0	2	30	2.238	1.825	NA	0.215	NA	-14.036	165.964
155	5	9	25.4	24.305	0	2	30	2.504	1.637	NA	0.266	NA	168.69	-177.274
156	5	10	25.296	24.618	0	2	20	2.834	1.316	NA	0.33	NA	108.435	-60.255
157	5	11	25.4	24.566	0	2	40	2.95	1.419	NA	0.117	NA	-26.565	-135
158	5	12	25.452	24.513	0	2	50	3.024	1.492	NA	0.074	NA	-45	-18.435
159	5	13	25.4	24.566	0	2	30	3.098	1.419	NA	0.074	NA	135	180
160	5	14	25.4	24.618	0	2	30	3.15	1.377	NA	0.052	NA	90	-45
161	5	15	25.452	24.67	0	2	10	3.224	1.369	NA	0.074	NA	45	-45
162	5	16	25.609	24.722	0	2	10	3.389	1.439	NA	0.165	NA	18.435	-26.565
163	5	17	25.4	24.722	0	2	0	3.597	1.296	NA	0.209	NA	180	161.565
164	5	18	25.713	24.618	0	2	20	3.927	1.586	NA	0.33	NA	-18.435	161.565
165	5	19	25.609	24.618	0	2	20	4.032	1.513	NA	0.104	NA	180	-161.565
166	5	20	25.557	24.67	0	2	0	4.105	1.439	NA	0.074	NA	135	-45
167	5	21	25.348	24.67	0	2	10	4.314	1.304	NA	0.209	NA	180	45
168	5	22	25.504	24.722	0	2	40	4.479	1.365	NA	0.165	NA	18.435	-161.565
169	5	23	25.609	24.67	0	2	10	4.595	1.475	NA	0.117	NA	-26.565	-45
170	5	24	25.661	24.461	0	2	10	4.811	1.663	NA	0.215	NA	-75.964	-49.399
171	5	25	25.817	24.2	0	2	0	5.115	1.963	NA	0.304	NA	-59.036	16.928
172	5	26	25.922	24.096	0	2	20	5.262	2.11	NA	0.148	NA	-45	14.036
173	5	27	25.765	24.096	0	2	20	5.419	2.013	NA	0.156	NA	180	-135
174	5	28	25.765	24.096	0	2	60	5.419	2.013	NA	0	NA	0	-180
175	5	29	25.817	24.044	0	2	20	5.492	2.086	NA	0.074	NA	-45	-45
176	5	30	25.817	23.835	0	2	30	5.701	2.257	NA	0.209	NA	-90	-45
177	5	31	26.026	23.992	0	2	0	5.962	2.257	NA	0.261	NA	36.87	126.87
178	6	1	22.949	27.904	0	2	10	0	0	NA	NA	NA	NA	NA
179	6	2	23.262	27.486	0	2	0	0.522	0.522	NA	0.522	NA	-53.13	NA
180	6	3	23.001	27.956	0	2	10	1.059	0.074	NA	0.537	NA	119.055	172.185
181	6	4	23.47	27.017	0	2	20	2.108	1.029	NA	1.05	NA	-63.435	177.51
182	6	5	24.044	26.182	0	2	40	3.121	2.04	NA	1.013	NA	-55.491	7.943
183	6	6	24.044	26.182	0	2	30	3.121	2.04	NA	0	NA	0	55.491
184	6	7	23.522	27.017	0	2	10	4.105	1.056	NA	0.984	NA	122.005	122.005
185	6	8	22.74	28.321	0	2	0	5.626	0.466	NA	1.521	NA	120.964	-1.042
186	6	9	22.114	29.26	0	2	10	6.754	1.592	NA	1.128	NA	123.69	2.726
187	6	10	21.645	30.303	0	2	10	7.898	2.731	NA	1.144	NA	114.228	-9.462
188	6	11	21.436	30.355	0	2	0	8.113	2.88	NA	0.215	NA	165.964	51.736
189	6	12	21.697	30.303	0	2	0	8.379	2.706	NA	0.266	NA	-11.31	-177.274
190	6	13	21.488	30.459	0	2	20	8.639	2.943	NA	0.261	NA	143.13	154.44
191	6	14	21.801	29.99	0	2	0	9.204	2.381	NA	0.564	NA	-56.31	160.56
192	6	15	21.853	29.468	0	2	20	9.728	1.91	NA	0.524	NA	-84.289	-27.979
193	6	16	22.062	29.885	0	2	20	10.194	2.171	NA	0.466	NA	63.435	147.724
194	6	17	22.219	29.677	0	2	10	10.455	1.918	NA	0.261	NA	-53.13	-116.565
195	6	18	21.906	29.729	0	2	10	10.772	2.102	NA	0.317	NA	170.538	-136.332
196	6	19	21.906	29.729	0	2	10	10.772	2.102	NA	0	NA	0	-170.538
197	6	20	22.375	28.842	0	2	20	11.776	1.1	NA	1.003	NA	-62.103	-62.103
198	6	21	22.427	28.842	0	2	0	11.828	1.074	NA	0.052	NA	0	62.103
199	6	22	22.427	28.842	0	2	20	11.828	1.074	NA	0	NA	0	0
200	6	23	22.479	28.895	0	2	30	11.902	1.097	NA	0.074	NA	45	45
201	6	24	22.479	28.79	0	2	50	12.006	1.003	NA	0.104	NA	-90	-135
202	6	25	22.479	28.79	0	2	30	12.006	1.003	NA	0	NA	0	90
203	6	26	22.479	28.79	0	2	50	12.006	1.003	NA	0	NA	0	0
204	6	27	22.479	28.738	0	2	40	12.058	0.957	NA	0.052	NA	-90	-90
205	6	28	22.479	28.634	0	2	40	12.162	0.868	NA	0.104	NA	-90	0
206	6	29	22.479	28.634	0	2	0	12.162	0.868	NA	0	NA	0	90
207	6	30	22.74	28.112	0	2	0	12.745	0.295	NA	0.583	NA	-63.435	-63.435
208	6	31	23.053	27.695	0	2	70	13.267	0.233	NA	0.522	NA	-53.13	10.305
209	6	32	23.21	27.538	0	2	60	13.488	0.449	NA	0.221	NA	-45	8.13
210	6	33	23.366	27.538	0	2	40	13.645	0.554	NA	0.156	NA	0	45
211	6	34	23.575	27.33	0	2	10	13.94	0.849	NA	0.295	NA	-45	-45
212	6	35	23.627	27.278	0	2	70	14.014	0.923	NA	0.074	NA	-45	0
213	6	36	23.627	27.226	0	2	70	14.066	0.959	NA	0.052	NA	-90	-45
214	6	37	23.627	27.226	0	2	130	14.066	0.959	NA	0	NA	0	90
215	6	38	23.627	27.226	0	2	70	14.066	0.959	NA	0	NA	0	0
216	6	39	23.627	27.226	0	2	60	14.066	0.959	NA	0	NA	0	0
217	6	40	23.679	27.226	0	2	60	14.118	0.996	NA	0.052	NA	0	0
218	6	41	23.679	27.226	0	2	30	14.118	0.996	NA	0	NA	0	0
219	6	42	24.148	27.017	0	2	10	14.632	1.492	NA	0.514	NA	-23.962	-23.962
220	6	43	24.044	27.017	0	2	0	14.736	1.409	NA	0.104	NA	180	-156.038
221	6	44	23.992	27.017	0	2	40	14.788	1.369	NA	0.052	NA	180	0
222	6	45	23.053	28.216	0	2	10	16.311	0.33	NA	1.523	NA	128.047	-51.953
223	6	46	21.593	29.573	0	2	40	18.304	2.15	NA	1.993	NA	137.121	9.074
224	6	47	20.341	30.929	0	2	0	20.15	3.994	NA	1.845	NA	132.709	-4.412
225	7	1	27.747	32.233	0	2	40	0	0	NA	NA	NA	NA	NA
226	7	2	27.747	32.233	0	2	30	0	0	NA	0	NA	0	NA
227	7	3	28.06	31.763	0	2	60	0.564	0.564	NA	0.564	NA	-56.31	-56.31
228	7	4	28.373	31.189	0	2	20	1.218	1.216	NA	0.654	NA	-61.39	-5.08
229	7	5	29.051	30.929	0	2	10	1.944	1.844	NA	0.726	NA	-21.038	40.352
230	7	6	28.738	30.772	0	2	0	2.294	1.765	NA	0.35	NA	-153.435	-132.397
231	7	7	28.738	30.72	0	2	30	2.346	1.808	NA	0.052	NA	-90	63.435
232	7	8	28.947	30.407	0	2	40	2.722	2.184	NA	0.376	NA	-56.31	33.69
233	7	9	29.103	30.251	0	2	30	2.944	2.401	NA	0.221	NA	-45	11.31
234	7	10	29.051	30.251	0	2	20	2.996	2.372	NA	0.052	NA	180	-135
235	7	11	28.999	30.303	0	2	0	3.069	2.3	NA	0.074	NA	135	-45
236	7	12	28.999	30.407	0	2	20	3.174	2.213	NA	0.104	NA	90	-45
237	7	13	28.947	30.459	0	2	20	3.248	2.141	NA	0.074	NA	135	45
238	7	14	28.895	30.459	0	2	20	3.3	2.112	NA	0.052	NA	180	45
239	7	15	28.895	30.459	0	2	20	3.3	2.112	NA	0	NA	0	-180
240	7	16	28.738	30.407	0	2	30	3.465	2.077	NA	0.165	NA	-161.565	-161.565
241	7	17	28.79	30.355	0	2	50	3.538	2.148	NA	0.074	NA	-45	116.565
242	7	18	28.79	30.303	0	2	90	3.591	2.194	NA	0.052	NA	-90	-45
243	7	19	28.79	30.303	0	2	50	3.591	2.194	NA	0	NA	0	90
244	7	20	28.79	30.303	0	2	40	3.591	2.194	NA	0	NA	0	0
245	7	21	28.79	30.303	0	2	20	3.591	2.194	NA	0	NA	0	0
246	7	22	28.79	30.303	0	2	50	3.591	2.194	NA	0	NA	0	0
247	7	23	28.947	30.303	0	2	20	3.747	2.272	NA	0.156	NA	0	0
248	7	24	28.947	30.303	0	2	0	3.747	2.272	NA	0	NA	0	0
249	7	25	28.947	30.303	0	2	0	3.747	2.272	NA	0	NA	0	0
250	7	26	28.842	30.303	0	2	40	3.851	2.219	NA	0.104	NA	180	180
251	7	27	29.051	30.146	0	2	10	4.112	2.46	NA	0.261	NA	-36.87	143.13
252	7	28	28.999	30.094	0	2	10	4.186	2.478	NA	0.074	NA	-135	-98.13
253	7	29	29.103	30.094	0	2	30	4.29	2.532	NA	0.104	NA	0	135
254	7	30	29.26	29.938	0	2	40	4.511	2.748	NA	0.221	NA	-45	-45
255	7	31	29.416	29.938	0	2	20	4.668	2.838	NA	0.156	NA	0	45
256	7	32	29.364	29.781	0	2	50	4.833	2.937	NA	0.165	NA	-108.435	-108.435
257	7	33	29.416	30.042	0	2	40	5.099	2.754	NA	0.266	NA	78.69	-172.875
258	7	34	29.312	30.094	0	2	40	5.215	2.65	NA	0.117	NA	153.435	74.745
259	7	35	28.895	30.303	0	2	50	5.682	2.245	NA	0.466	NA	153.435	0
260	7	36	28.947	30.303	0	2	20	5.734	2.272	NA	0.052	NA	0	-153.435
261	7	37	28.947	30.303	0	2	40	5.734	2.272	NA	0	NA	0	0
262	7	38	29.207	30.303	0	2	20	5.995	2.42	NA	0.261	NA	0	0
263	7	39	29.207	30.303	0	2	20	5.995	2.42	NA	0	NA	0	0
264	7	40	28.738	30.198	0	2	50	6.476	2.263	NA	0.481	NA	-167.471	-167.471
265	7	41	28.842	30.251	0	2	30	6.592	2.264	NA	0.117	NA	26.565	-165.964
266	7	42	28.999	30.198	0	2	70	6.757	2.388	NA	0.165	NA	-18.435	-45
267	7	43	28.999	30.198	0	2	70	6.757	2.388	NA	0	NA	0	18.435
268	7	44	28.999	30.198	0	2	10	6.757	2.388	NA	0	NA	0	0
269	7	45	28.842	30.198	0	2	40	6.914	2.31	NA	0.156	NA	180	180
270	7	46	28.842	30.198	0	2	30	6.914	2.31	NA	0	NA	0	-180
271	7	47	28.999	30.303	0	2	0	7.102	2.3	NA	0.188	NA	33.69	33.69
272	7	48	28.947	30.094	0	2	10	7.317	2.452	NA	0.215	NA	-104.036	-137.726
273	8	1	23.992	31.867	0	2	50	0	0	NA	NA	NA	NA	NA
274	8	2	23.731	32.285	0	2	0	0.492	0.492	NA	0.492	NA	122.005	NA
275	8	3	23.627	32.285	0	2	20	0.596	0.554	NA	0.104	NA	180	57.995
276	8	4	23.575	32.337	0	2	40	0.67	0.628	NA	0.074	NA	135	-45
277	8	5	23.679	32.233	0	2	40	0.818	0.481	NA	0.148	NA	-45	-180
278	8	6	23.627	32.233	0	2	40	0.87	0.516	NA	0.052	NA	180	-135
279	8	7	23.627	32.233	0	2	30	0.87	0.516	NA	0	NA	0	-180
280	8	8	23.992	32.024	0	2	40	1.29	0.156	NA	0.42	NA	-29.745	-29.745
281	8	9	23.992	32.024	0	2	20	1.29	0.156	NA	0	NA	0	29.745
282	8	10	24.461	30.929	0	2	10	2.482	1.05	NA	1.192	NA	-66.801	-66.801
283	8	11	24.461	30.72	0	2	70	2.691	1.24	NA	0.209	NA	-90	-23.199
284	8	12	24.357	30.772	0	2	20	2.807	1.155	NA	0.117	NA	153.435	-116.565
285	8	13	24.2	30.772	0	2	40	2.964	1.115	NA	0.156	NA	180	26.565
286	8	14	24.253	30.564	0	2	10	3.179	1.33	NA	0.215	NA	-75.964	104.036
287	8	15	24.253	30.564	0	2	10	3.179	1.33	NA	0	NA	0	75.964
288	8	16	24.566	30.564	0	2	50	3.492	1.425	NA	0.313	NA	0	0
289	8	17	24.566	30.564	0	2	50	3.492	1.425	NA	0	NA	0	0
290	8	18	24.566	30.564	0	2	10	3.492	1.425	NA	0	NA	0	0
291	8	19	24.253	30.929	0	2	70	3.972	0.974	NA	0.481	NA	130.601	130.601
292	8	20	24.305	30.929	0	2	40	4.025	0.99	NA	0.052	NA	0	-130.601
293	8	21	23.888	31.711	0	2	100	4.911	0.188	NA	0.887	NA	118.072	118.072
294	8	22	23.94	31.763	0	2	70	4.985	0.117	NA	0.074	NA	45	-73.072
295	8	23	23.992	31.815	0	2	60	5.059	0.052	NA	0.074	NA	45	0
296	8	24	23.992	31.815	0	2	70	5.059	0.052	NA	0	NA	0	-45
297	8	25	23.888	31.815	0	2	120	5.163	0.117	NA	0.104	NA	180	180
298	8	26	23.888	31.815	0	2	90	5.163	0.117	NA	0	NA	0	-180
299	8	27	23.575	31.815	0	2	30	5.476	0.42	NA	0.313	NA	180	180
300	8	28	23.627	32.076	0	2	100	5.742	0.42	NA	0.266	NA	78.69	-101.31
301	8	29	23.627	32.389	0	2	90	6.055	0.637	NA	0.313	NA	90	11.31
302	8	30	23.835	32.389	0	2	70	6.264	0.545	NA	0.209	NA	0	-90
303	8	31	23.888	32.128	0	2	80	6.53	0.281	NA	0.266	NA	-78.69	-78.69
304	8	32	24.826	31.137	0	2	30	7.895	1.109	NA	1.365	NA	-46.548	32.142
305	8	33	24.931	30.824	0	2	60	8.224	1.403	NA	0.33	NA	-71.565	-25.017
306	8	34	25.4	30.668	0	2	40	8.719	1.85	NA	0.495	NA	-18.435	53.13
307	8	35	24.461	31.502	0	2	140	9.975	0.595	NA	1.256	NA	138.366	156.801
308	8	36	25.035	30.876	0	2	140	10.824	1.439	NA	0.849	NA	-47.49	174.144
309	8	37	25.348	30.876	0	2	50	11.137	1.68	NA	0.313	NA	0	47.49
310	8	38	25.348	30.876	0	2	60	11.137	1.68	NA	0	NA	0	0
311	8	39	25.348	30.564	0	2	110	11.45	1.881	NA	0.313	NA	-90	-90
312	8	40	25.4	30.407	0	2	80	11.615	2.029	NA	0.165	NA	-71.565	18.435
313	8	41	25.609	30.407	0	2	80	11.824	2.179	NA	0.209	NA	0	71.565
314	8	42	25.609	30.564	0	2	10	11.98	2.077	NA	0.156	NA	90	90
315	8	43	25.609	30.564	0	2	10	11.98	2.077	NA	0	NA	0	-90
316	8	44	26.495	29.573	0	2	30	13.31	3.396	NA	1.33	NA	-48.18	-48.18
317	8	45	27.33	28.947	0	2	10	14.353	4.435	NA	1.043	NA	-36.87	11.31
318	9	1	27.591	29.833	0	2	0	0	0	NA	NA	NA	NA	NA
319	9	2	27.747	29.729	0	2	0	0.188	0.188	NA	0.188	NA	-33.69	NA
320	9	3	27.538	29.677	0	2	50	0.403	0.165	NA	0.215	NA	-165.964	-132.274
321	9	4	27.538	29.677	0	2	10	0.403	0.165	NA	0	NA	0	165.964
322	9	5	27.069	29.729	0	2	0	0.875	0.532	NA	0.472	NA	173.66	173.66
323	9	6	27.121	29.781	0	2	30	0.949	0.472	NA	0.074	NA	45	-128.66
324	9	7	27.017	29.833	0	2	20	1.066	0.574	NA	0.117	NA	153.435	108.435
325	9	8	27.069	29.729	0	2	30	1.182	0.532	NA	0.117	NA	-63.435	143.13
326	9	9	25.869	30.251	0	2	20	2.49	1.771	NA	1.308	NA	156.501	-140.064
327	9	10	26.13	29.938	0	2	50	2.898	1.464	NA	0.407	NA	-50.194	153.304
328	9	11	25.922	29.938	0	2	0	3.106	1.672	NA	0.209	NA	180	-129.806
329	9	12	25.609	29.833	0	2	30	3.436	1.982	NA	0.33	NA	-161.565	18.435
330	9	13	25.974	29.416	0	2	40	3.991	1.67	NA	0.554	NA	-48.814	112.751
331	9	14	25.922	29.364	0	2	20	4.065	1.734	NA	0.074	NA	-135	-86.186
332	9	15	25.713	29.729	0	2	80	4.485	1.881	NA	0.42	NA	119.745	-105.255
333	9	16	25.922	29.625	0	2	70	4.718	1.682	NA	0.233	NA	-26.565	-146.31
334	9	17	25.765	29.729	0	2	20	4.906	1.828	NA	0.188	NA	146.31	172.875
335	10	1	25.713	27.851	0	2	10	0	0	NA	NA	NA	NA	NA
336	10	2	25.817	28.269	0	2	0	0.43	0.43	NA	0.43	NA	75.964	NA
337	10	3	25.609	28.895	0	2	0	1.09	1.048	NA	0.66	NA	108.435	32.471
338	10	4	25.504	28.634	0	2	0	1.371	0.81	NA	0.281	NA	-111.801	139.764
339	10	5	25.348	28.947	0	2	20	1.721	1.155	NA	0.35	NA	116.565	-131.634
340	10	6	25.452	29.26	0	2	40	2.05	1.432	NA	0.33	NA	71.565	-45
341	10	7	25.452	29.155	0	2	20	2.155	1.33	NA	0.104	NA	-90	-161.565
342	10	8	25.087	29.625	0	2	10	2.749	1.881	NA	0.595	NA	127.875	-142.125
343	10	9	25.296	29.312	0	2	20	3.126	1.519	NA	0.376	NA	-56.31	175.815
344	11	1	25.4	28.895	0	2	10	0	0	NA	NA	NA	NA	NA
345	11	2	25.348	28.686	0	2	0	0.215	0.215	NA	0.215	NA	-104.036	NA
346	11	3	25.296	28.477	0	2	40	0.43	0.43	NA	0.215	NA	-104.036	0
347	11	4	25.296	28.477	0	2	50	0.43	0.43	NA	0	NA	0	104.036
348	11	5	25.4	28.529	0	2	20	0.547	0.365	NA	0.117	NA	26.565	26.565
349	11	6	25.452	28.582	0	2	30	0.62	0.317	NA	0.074	NA	45	18.435
350	11	7	25.348	29.312	0	2	60	1.358	0.42	NA	0.738	NA	98.13	53.13
351	11	8	25.504	29.312	0	2	80	1.515	0.43	NA	0.156	NA	0	-98.13
352	11	9	25.504	29.312	0	2	70	1.515	0.43	NA	0	NA	0	0
353	11	10	25.452	29.364	0	2	10	1.588	0.472	NA	0.074	NA	135	135
354	11	11	25.139	30.198	0	2	0	2.48	1.33	NA	0.891	NA	110.556	-24.444
355	11	12	24.983	30.303	0	2	30	2.668	1.469	NA	0.188	NA	146.31	35.754
356	11	13	25.713	30.042	0	2	40	3.443	1.189	NA	0.775	NA	-19.654	-165.964
357	11	14	26.339	29.833	0	2	40	4.103	1.328	NA	0.66	NA	-18.435	1.219
358	12	1	20.915	36.718	0	2	30	0	0	NA	NA	NA	NA	NA
359	12	2	20.497	36.614	0	2	10	0.43	0.43	NA	0.43	NA	-165.964	NA
360	12	3	21.019	36.457	0	2	60	0.975	0.281	NA	0.545	NA	-16.699	149.265
361	12	4	20.81	36.144	0	2	20	1.351	0.583	NA	0.376	NA	-123.69	-106.991
362	12	5	20.706	36.092	0	2	10	1.467	0.66	NA	0.117	NA	-153.435	-29.745
363	12	6	20.81	36.092	0	2	10	1.572	0.635	NA	0.104	NA	0	153.435
364	12	7	20.967	35.831	0	2	20	1.876	0.888	NA	0.304	NA	-59.036	-59.036
365	12	8	21.019	35.675	0	2	10	2.041	1.048	NA	0.165	NA	-71.565	-12.529
366	12	9	20.497	36.04	0	2	20	2.677	0.796	NA	0.637	NA	145.008	-143.427
367	12	10	21.332	35.414	0	2	50	3.72	1.369	NA	1.043	NA	-36.87	178.122
368	12	11	21.28	34.84	0	2	20	4.297	1.913	NA	0.576	NA	-95.194	-58.325
369	12	12	21.645	34.684	0	2	60	4.694	2.161	NA	0.397	NA	-23.199	71.996
370	12	13	21.749	34.684	0	2	0	4.798	2.199	NA	0.104	NA	0	23.199
371	12	14	21.906	34.371	0	2	30	5.148	2.548	NA	0.35	NA	-63.435	-63.435
372	12	15	21.906	34.371	0	2	40	5.148	2.548	NA	0	NA	0	63.435
373	12	16	21.853	34.319	0	2	40	5.222	2.576	NA	0.074	NA	-135	-135
374	12	17	21.906	34.371	0	2	10	5.295	2.548	NA	0.074	NA	45	180
375	12	18	21.801	34.736	0	2	30	5.675	2.171	NA	0.38	NA	105.945	60.945
376	12	19	22.114	34.267	0	2	20	6.239	2.729	NA	0.564	NA	-56.31	-162.255
377	12	20	22.844	34.162	0	2	20	6.977	3.202	NA	0.738	NA	-8.13	48.18
378	12	21	22.792	34.11	0	2	30	7.051	3.213	NA	0.074	NA	-135	-126.87
379	12	22	22.792	34.11	0	2	20	7.051	3.213	NA	0	NA	0	135
380	12	23	23.418	32.963	0	2	30	8.358	4.513	NA	1.307	NA	-61.39	-61.39
381	12	24	23.366	32.858	0	2	30	8.474	4.572	NA	0.117	NA	-116.565	-55.176
382	12	25	24.461	31.398	0	2	0	10.3	6.394	NA	1.825	NA	-53.13	63.435
383	12	26	24.305	31.607	0	2	100	10.561	6.133	NA	0.261	NA	126.87	180
384	12	27	24.305	31.659	0	2	0	10.613	6.09	NA	0.052	NA	90	-36.87
385	12	28	24.618	30.616	0	2	20	11.702	7.138	NA	1.089	NA	-73.301	-163.301
386	12	29	24.566	30.303	0	2	20	12.019	7.381	NA	0.317	NA	-99.462	-26.162
387	12	30	24.774	30.251	0	2	30	12.234	7.531	NA	0.215	NA	-14.036	85.426
388	12	31	24.878	29.99	0	2	0	12.515	7.809	NA	0.281	NA	-68.199	-54.162
389	12	32	24.878	30.146	0	2	50	12.671	7.675	NA	0.156	NA	90	158.199
390	12	33	24.931	29.833	0	2	0	12.989	7.97	NA	0.317	NA	-80.538	-170.538
391	12	34	24.983	29.833	0	2	20	13.041	7.997	NA	0.052	NA	0	80.538
392	12	35	24.878	30.146	0	2	40	13.371	7.675	NA	0.33	NA	108.435	108.435
393	12	36	24.826	30.929	0	2	50	14.155	6.987	NA	0.784	NA	93.814	-14.621
394	12	37	24.67	30.876	0	2	60	14.32	6.944	NA	0.165	NA	-161.565	104.621
395	12	38	24.566	31.398	0	2	0	14.852	6.452	NA	0.532	NA	101.31	-97.125
396	12	39	24.096	31.711	0	2	40	15.416	5.932	NA	0.564	NA	146.31	45
397	13	1	23.418	33.536	0	2	0	0	0	NA	NA	NA	NA	NA
398	13	2	23.418	33.536	0	2	0	0	0	NA	0	NA	0	NA
399	13	3	23.053	34.11	0	2	30	0.68	0.68	NA	0.68	NA	122.471	122.471
400	13	4	23.21	33.954	0	2	10	0.901	0.466	NA	0.221	NA	-45	-167.471
401	13	5	23.522	33.589	0	2	60	1.382	0.117	NA	0.481	NA	-49.399	-4.399
402	13	6	23.888	33.276	0	2	10	1.863	0.537	NA	0.481	NA	-40.601	8.797
403	13	7	24.044	33.171	0	2	10	2.051	0.725	NA	0.188	NA	-33.69	6.911
404	13	8	24.096	33.328	0	2	10	2.216	0.709	NA	0.165	NA	71.565	105.255
405	13	9	23.731	33.328	0	2	20	2.581	0.376	NA	0.365	NA	180	108.435
406	13	10	23.888	33.693	0	2	10	2.978	0.495	NA	0.397	NA	66.801	-113.199
407	13	11	23.992	33.849	0	2	0	3.166	0.654	NA	0.188	NA	56.31	-10.491
408	13	12	23.575	34.214	0	2	60	3.721	0.696	NA	0.554	NA	138.814	82.504
409	13	13	23.366	34.58	0	2	50	4.141	1.044	NA	0.42	NA	119.745	-19.069
410	13	14	23.105	34.84	0	2	30	4.51	1.341	NA	0.369	NA	135	15.255
411	13	15	23.314	34.736	0	2	40	4.743	1.204	NA	0.233	NA	-26.565	-161.565
412	13	16	23.314	34.736	0	2	20	4.743	1.204	NA	0	NA	0	26.565
413	13	17	23.418	34.632	0	2	0	4.891	1.095	NA	0.148	NA	-45	-45
414	13	18	23.314	34.632	0	2	40	4.995	1.1	NA	0.104	NA	180	-135
415	13	19	22.949	34.788	0	2	0	5.392	1.337	NA	0.397	NA	156.801	-23.199
416	13	20	23.262	34.788	0	2	0	5.705	1.261	NA	0.313	NA	0	-156.801
417	13	21	22.792	34.632	0	2	30	6.2	1.261	NA	0.495	NA	-161.565	-161.565
418	13	22	22.844	34.527	0	2	40	6.317	1.145	NA	0.117	NA	-63.435	98.13
419	13	23	23.053	34.892	0	2	0	6.737	1.404	NA	0.42	NA	60.255	123.69
420	13	24	22.949	34.945	0	2	0	6.854	1.484	NA	0.117	NA	153.435	93.18
421	13	25	23.001	34.892	0	2	0	6.928	1.419	NA	0.074	NA	-45	161.565
422	13	26	23.001	34.736	0	2	10	7.084	1.27	NA	0.156	NA	-90	-45
423	13	27	22.688	34.684	0	2	0	7.401	1.36	NA	0.317	NA	-170.538	-80.538
424	13	28	22.531	34.788	0	2	40	7.589	1.534	NA	0.188	NA	146.31	-43.152
425	14	1	22.062	35.727	0	2	30	0	0	NA	NA	NA	NA	NA
426	14	2	21.958	35.831	0	2	40	0.148	0.148	NA	0.148	NA	135	NA
427	14	3	21.958	35.883	0	2	30	0.2	0.188	NA	0.052	NA	90	-45
428	14	4	22.219	35.571	0	2	70	0.607	0.221	NA	0.407	NA	-50.194	-140.194
429	14	5	22.219	35.571	0	2	60	0.607	0.221	NA	0	NA	0	50.194
430	14	6	22.219	35.571	0	2	40	0.607	0.221	NA	0	NA	0	0
431	14	7	22.375	35.831	0	2	20	0.911	0.33	NA	0.304	NA	59.036	59.036
432	14	8	22.271	35.779	0	2	20	1.028	0.215	NA	0.117	NA	-153.435	147.529
433	14	9	22.271	35.779	0	2	10	1.028	0.215	NA	0	NA	0	153.435
434	14	10	22.114	36.04	0	2	50	1.332	0.317	NA	0.304	NA	120.964	120.964
435	14	11	22.219	36.04	0	2	10	1.436	0.35	NA	0.104	NA	0	-120.964
436	14	12	22.271	35.936	0	2	10	1.553	0.295	NA	0.117	NA	-63.435	-63.435
437	14	13	22.375	35.675	0	2	20	1.834	0.317	NA	0.281	NA	-68.199	-4.764
438	14	14	22.479	35.675	0	2	10	1.938	0.42	NA	0.104	NA	0	68.199
439	14	15	22.792	35.675	0	2	40	2.251	0.732	NA	0.313	NA	0	0
440	14	16	22.74	35.727	0	2	40	2.325	0.678	NA	0.074	NA	135	135
441	14	17	22.74	35.623	0	2	30	2.429	0.686	NA	0.104	NA	-90	135
442	14	18	22.74	35.362	0	2	10	2.69	0.77	NA	0.261	NA	-90	0
443	14	19	23.157	35.153	0	2	20	3.156	1.236	NA	0.466	NA	-26.565	63.435
444	14	20	23.157	35.153	0	2	120	3.156	1.236	NA	0	NA	0	26.565
445	15	1	18.307	40.212	0	2	70	0	0	NA	NA	NA	NA	NA
446	15	2	18.568	39.639	0	2	80	0.63	0.63	NA	0.63	NA	-65.556	NA
447	15	3	18.881	39.378	0	2	10	1.038	1.013	NA	0.407	NA	-39.806	25.75
448	15	4	18.776	39.274	0	2	40	1.185	1.05	NA	0.148	NA	-135	-95.194
449	15	5	18.933	39.274	0	2	30	1.342	1.128	NA	0.156	NA	0	135
450	15	6	18.672	39.117	0	2	30	1.646	1.155	NA	0.304	NA	-149.036	-149.036
451	15	7	18.933	39.169	0	2	30	1.912	1.216	NA	0.266	NA	11.31	160.346
452	15	8	19.402	38.804	0	2	50	2.506	1.784	NA	0.595	NA	-37.875	-49.185
453	15	9	21.332	36.927	0	2	0	5.199	4.466	NA	2.692	NA	-44.215	-6.34
454	15	10	21.853	36.822	0	2	40	5.731	4.906	NA	0.532	NA	-11.31	32.905
455	16	1	22.323	35.153	0	2	100	0	0	NA	NA	NA	NA	NA
456	16	2	23.262	33.589	0	2	50	1.825	1.825	NA	1.825	NA	-59.036	NA
457	16	3	23.627	32.963	0	2	10	2.549	2.549	NA	0.725	NA	-59.744	-0.707
458	16	4	24.618	32.076	0	2	20	3.879	3.839	NA	1.33	NA	-41.82	17.923
459	16	5	24.357	31.398	0	2	30	4.605	4.271	NA	0.726	NA	-111.038	-69.217
460	16	6	23.783	32.702	0	2	80	6.03	2.853	NA	1.425	NA	113.749	-135.213
461	17	1	17.472	41.986	0	2	30	0	0	NA	NA	NA	NA	NA
462	17	2	17.733	41.725	0	2	20	0.369	0.369	NA	0.369	NA	-45	NA
463	17	3	17.316	41.881	0	2	30	0.814	0.188	NA	0.446	NA	159.444	-155.556
464	17	4	17.472	41.986	0	2	40	1.002	0	NA	0.188	NA	33.69	-125.754
465	17	5	17.472	41.986	0	2	20	1.002	0	NA	0	NA	0	-33.69
466	17	6	17.472	41.986	0	2	40	1.002	0	NA	0	NA	0	0
467	17	7	17.524	42.247	0	2	50	1.268	0.266	NA	0.266	NA	78.69	78.69
468	17	8	17.681	42.247	0	2	0	1.425	0.334	NA	0.156	NA	0	-78.69
469	17	9	17.629	42.142	0	2	40	1.542	0.221	NA	0.117	NA	-116.565	-116.565
470	17	10	17.629	42.194	0	2	30	1.594	0.261	NA	0.052	NA	90	-153.435
471	17	11	17.524	42.351	0	2	20	1.782	0.369	NA	0.188	NA	123.69	33.69
472	17	12	17.42	42.194	0	2	30	1.97	0.215	NA	0.188	NA	-123.69	112.62
473	17	13	17.472	41.829	0	2	30	2.339	0.156	NA	0.369	NA	-81.87	41.82
474	17	14	17.681	41.047	0	2	50	3.148	0.962	NA	0.81	NA	-75.069	6.801
475	17	15	17.89	40.421	0	2	10	3.808	1.619	NA	0.66	NA	-71.565	3.504
476	17	16	18.881	39.378	0	2	40	5.247	2.964	NA	1.439	NA	-46.469	25.096
477	17	17	19.298	38.7	0	2	40	6.043	3.759	NA	0.796	NA	-58.392	-11.924
478	17	18	19.454	39.013	0	2	40	6.393	3.573	NA	0.35	NA	63.435	121.827
479	17	19	19.559	38.909	0	2	50	6.54	3.718	NA	0.148	NA	-45	-108.435
480	17	20	20.497	37.187	0	2	100	8.501	5.672	NA	1.961	NA	-61.39	-16.39
481	17	21	20.654	36.718	0	2	50	8.996	6.154	NA	0.495	NA	-71.565	-10.176
482	17	22	20.81	36.457	0	2	20	9.3	6.458	NA	0.304	NA	-59.036	12.529
483	17	23	20.967	36.405	0	2	50	9.465	6.584	NA	0.165	NA	-18.435	40.601
484	17	24	21.071	36.457	0	2	20	9.581	6.597	NA	0.117	NA	26.565	45
485	17	25	20.915	36.457	0	2	10	9.738	6.513	NA	0.156	NA	180	153.435
486	17	26	20.915	36.353	0	2	30	9.842	6.601	NA	0.104	NA	-90	90
487	17	27	20.967	36.509	0	2	10	10.007	6.496	NA	0.165	NA	71.565	161.565
488	17	28	20.758	36.353	0	2	0	10.268	6.521	NA	0.261	NA	-143.13	145.305
489	17	29	20.862	36.092	0	2	20	10.549	6.799	NA	0.281	NA	-68.199	74.932
490	17	30	21.123	36.144	0	2	50	10.815	6.889	NA	0.266	NA	11.31	79.509
491	17	31	21.384	35.779	0	2	60	11.263	7.336	NA	0.449	NA	-54.462	-65.772
492	17	32	21.541	35.831	0	2	50	11.428	7.377	NA	0.165	NA	18.435	72.897
493	17	33	21.384	36.196	0	2	40	11.825	6.987	NA	0.397	NA	113.199	94.764
494	17	34	21.541	36.301	0	2	0	12.013	6.991	NA	0.188	NA	33.69	-79.509
495	17	35	21.332	36.144	0	2	40	12.274	7.001	NA	0.261	NA	-143.13	-176.82
496	17	36	21.906	35.936	0	2	30	12.885	7.501	NA	0.61	NA	-19.983	123.147
497	17	37	21.958	35.779	0	2	30	13.05	7.658	NA	0.165	NA	-71.565	-51.582
498	17	38	21.593	35.831	0	2	10	13.418	7.406	NA	0.369	NA	171.87	-116.565
499	17	39	21.541	36.092	0	2	40	13.684	7.161	NA	0.266	NA	101.31	-70.56
500	17	40	21.28	36.353	0	2	20	14.053	6.799	NA	0.369	NA	135	33.69
501	17	41	21.332	36.249	0	2	60	14.17	6.915	NA	0.117	NA	-63.435	161.565
502	17	42	21.28	36.301	0	2	70	14.244	6.842	NA	0.074	NA	135	-161.565
503	17	43	21.436	36.301	0	2	30	14.4	6.93	NA	0.156	NA	0	-135
504	17	44	21.541	36.301	0	2	70	14.504	6.991	NA	0.104	NA	0	0
505	17	45	21.436	36.353	0	2	20	14.621	6.888	NA	0.117	NA	153.435	153.435
506	17	46	21.697	36.353	0	2	10	14.882	7.041	NA	0.261	NA	0	-153.435
507	17	47	21.488	36.249	0	2	20	15.115	7.003	NA	0.233	NA	-153.435	-153.435
508	17	48	21.697	36.092	0	2	10	15.376	7.251	NA	0.261	NA	-36.87	116.565
509	18	1	19.246	40.525	0	2	0	0	0	NA	NA	NA	NA	NA
510	18	2	19.141	40.525	0	2	40	0.104	0.104	NA	0.104	NA	180	NA
511	18	3	18.828	40.265	0	2	10	0.512	0.492	NA	0.407	NA	-140.194	39.806
512	18	4	18.828	39.847	0	2	30	0.929	0.796	NA	0.417	NA	-90	50.194
513	18	5	18.881	39.847	0	2	20	0.981	0.77	NA	0.052	NA	0	90
514	18	6	18.985	40.369	0	2	20	1.513	0.304	NA	0.532	NA	78.69	78.69
515	18	7	18.933	40.578	0	2	10	1.728	0.317	NA	0.215	NA	104.036	25.346
516	18	8	18.828	40.473	0	2	20	1.876	0.42	NA	0.148	NA	-135	120.964
517	18	9	18.828	40.473	0	2	20	1.876	0.42	NA	0	NA	0	135
518	18	10	18.828	40.473	0	2	20	1.876	0.42	NA	0	NA	0	0
519	18	11	18.881	40.786	0	2	10	2.193	0.449	NA	0.317	NA	80.538	80.538
520	18	12	19.141	41.099	0	2	0	2.6	0.583	NA	0.407	NA	50.194	-30.343
521	19	1	15.908	41.203	0	2	30	0	0	NA	NA	NA	NA	NA
522	19	2	16.116	41.256	0	2	20	0.215	0.215	NA	0.215	NA	14.036	NA
523	19	3	16.168	41.308	0	2	10	0.289	0.281	NA	0.074	NA	45	30.964
524	19	4	15.803	41.412	0	2	0	0.669	0.233	NA	0.38	NA	164.055	119.055
525	19	5	15.803	41.412	0	2	50	0.669	0.233	NA	0	NA	0	-164.055
526	19	6	15.803	41.412	0	2	50	0.669	0.233	NA	0	NA	0	0
527	19	7	15.803	41.412	0	2	20	0.669	0.233	NA	0	NA	0	0
528	19	8	15.908	41.099	0	2	10	0.998	0.104	NA	0.33	NA	-71.565	-71.565
529	19	9	15.908	41.099	0	2	30	0.998	0.104	NA	0	NA	0	71.565
530	19	10	15.908	41.047	0	2	10	1.051	0.156	NA	0.052	NA	-90	-90
531	19	11	16.116	40.734	0	2	60	1.427	0.514	NA	0.376	NA	-56.31	33.69
532	19	12	16.116	40.734	0	2	30	1.427	0.514	NA	0	NA	0	56.31
533	19	13	16.116	40.682	0	2	30	1.479	0.562	NA	0.052	NA	-90	-90
534	19	14	16.638	40.734	0	2	10	2.003	0.868	NA	0.524	NA	5.711	95.711
535	19	15	16.377	40.89	0	2	30	2.307	0.564	NA	0.304	NA	149.036	143.326
536	19	16	16.168	41.308	0	2	30	2.774	0.281	NA	0.466	NA	116.565	-32.471
537	19	17	16.168	41.099	0	2	10	2.982	0.281	NA	0.209	NA	-90	153.435
538	19	18	15.855	41.36	0	2	30	3.39	0.165	NA	0.407	NA	140.194	-129.806
539	19	19	15.699	41.673	0	2	10	3.739	0.514	NA	0.35	NA	116.565	-23.629
540	19	20	15.543	41.308	0	2	50	4.137	0.38	NA	0.397	NA	-113.199	130.236
541	19	21	16.325	41.099	0	2	10	4.946	0.43	NA	0.81	NA	-14.931	98.267
542	20	1	14.447	40.473	0	2	50	0	0	NA	NA	NA	NA	NA
543	20	2	14.969	40.056	0	2	10	0.668	0.668	NA	0.668	NA	-38.66	NA
544	20	3	15.021	39.952	0	2	20	0.785	0.775	NA	0.117	NA	-63.435	-24.775
545	20	4	14.969	40.004	0	2	0	0.858	0.702	NA	0.074	NA	135	-161.565
546	20	5	14.969	39.639	0	2	20	1.223	0.984	NA	0.365	NA	-90	135
547	20	6	15.021	39.43	0	2	0	1.438	1.19	NA	0.215	NA	-75.964	14.036
548	20	7	14.708	39.534	0	2	90	1.768	0.974	NA	0.33	NA	161.565	-122.471
549	20	8	15.125	39.639	0	2	0	2.198	1.075	NA	0.43	NA	14.036	-147.529
550	20	9	15.386	39.899	0	2	20	2.567	1.1	NA	0.369	NA	45	30.964
551	20	10	14.865	40.317	0	2	10	3.235	0.446	NA	0.668	NA	141.34	96.34
552	20	11	15.021	40.369	0	2	10	3.4	0.583	NA	0.165	NA	18.435	-122.905
553	20	12	14.708	40.265	0	2	70	3.73	0.334	NA	0.33	NA	-161.565	-180
554	20	13	14.917	40.421	0	2	40	3.991	0.472	NA	0.261	NA	36.87	-161.565
555	20	14	15.334	40.421	0	2	40	4.408	0.888	NA	0.417	NA	0	-36.87
556	20	15	15.751	40.578	0	2	0	4.854	1.308	NA	0.446	NA	20.556	20.556
557	20	16	15.803	40.421	0	2	20	5.019	1.357	NA	0.165	NA	-71.565	-92.121
558	20	17	15.96	40.369	0	2	30	5.183	1.516	NA	0.165	NA	-18.435	53.13
559	20	18	15.699	40.16	0	2	50	5.517	1.29	NA	0.334	NA	-141.34	-122.905
560	20	19	15.386	40.265	0	2	20	5.847	0.962	NA	0.33	NA	161.565	-57.095
561	20	20	15.282	40.369	0	2	50	5.995	0.841	NA	0.148	NA	135	-26.565
562	20	21	15.49	40.786	0	2	70	6.461	1.089	NA	0.466	NA	63.435	-71.565
563	20	22	15.751	40.578	0	2	30	6.795	1.308	NA	0.334	NA	-38.66	-102.095
564	20	23	15.23	40.578	0	2	70	7.317	0.789	NA	0.522	NA	180	-141.34
565	20	24	15.438	40.578	0	2	0	7.525	0.996	NA	0.209	NA	0	-180
566	20	25	15.49	39.43	0	2	40	8.674	1.475	NA	1.149	NA	-87.397	-87.397
567	20	26	15.803	39.274	0	2	20	9.024	1.811	NA	0.35	NA	-26.565	60.832
568	20	27	15.855	38.961	0	2	10	9.341	2.067	NA	0.317	NA	-80.538	-53.973
569	20	28	15.751	39.117	0	2	20	9.529	1.881	NA	0.188	NA	123.69	-155.772
570	20	29	15.96	39.117	0	2	20	9.738	2.031	NA	0.209	NA	0	-123.69
571	20	30	15.595	39.534	0	2	40	10.292	1.483	NA	0.554	NA	131.186	131.186
572	20	31	15.282	39.587	0	2	0	10.61	1.218	NA	0.317	NA	170.538	39.352
573	21	1	18.098	36.718	0	2	40	0	0	NA	NA	NA	NA	NA
574	21	2	18.046	37.083	0	2	30	0.369	0.369	NA	0.369	NA	98.13	NA
575	21	3	18.046	37.135	0	2	40	0.421	0.42	NA	0.052	NA	90	-8.13
576	21	4	18.098	36.666	0	2	20	0.893	0.052	NA	0.472	NA	-83.66	-173.66
577	21	5	18.046	36.718	0	2	50	0.967	0.052	NA	0.074	NA	135	-141.34
578	21	6	17.837	37.292	0	2	20	1.577	0.63	NA	0.61	NA	109.983	-25.017
579	21	7	17.577	37.657	0	2	60	2.026	1.074	NA	0.449	NA	125.538	15.555
580	21	8	17.733	37.448	0	2	10	2.287	0.816	NA	0.261	NA	-53.13	-178.668
581	21	9	17.89	36.77	0	2	30	2.983	0.215	NA	0.696	NA	-77.005	-23.875
582	21	10	17.837	36.561	0	2	0	3.198	0.304	NA	0.215	NA	-104.036	-27.031
583	21	11	17.837	36.561	0	2	30	3.198	0.304	NA	0	NA	0	104.036
584	21	12	17.577	36.666	0	2	20	3.479	0.524	NA	0.281	NA	158.199	158.199
585	21	13	17.42	36.561	0	2	20	3.667	0.696	NA	0.188	NA	-146.31	55.491
586	21	14	17.316	37.031	0	2	40	4.148	0.843	NA	0.481	NA	102.529	-111.161
587	21	15	17.472	37.24	0	2	30	4.408	0.815	NA	0.261	NA	53.13	-49.399
588	21	16	17.472	37.24	0	2	20	4.408	0.815	NA	0	NA	0	-53.13
589	21	17	17.316	36.927	0	2	30	4.758	0.81	NA	0.35	NA	-116.565	-116.565
590	21	18	17.316	36.874	0	2	40	4.81	0.798	NA	0.052	NA	-90	26.565
591	21	19	17.368	36.979	0	2	40	4.927	0.775	NA	0.117	NA	63.435	153.435
592	21	20	17.577	36.822	0	2	30	5.188	0.532	NA	0.261	NA	-36.87	-100.305
593	21	21	17.577	37.083	0	2	30	5.449	0.637	NA	0.261	NA	90	126.87
594	21	22	17.472	37.448	0	2	20	5.828	0.962	NA	0.38	NA	105.945	15.945
595	21	23	17.472	37.135	0	2	0	6.141	0.752	NA	0.313	NA	-90	164.055
596	21	24	17.577	37.135	0	2	0	6.246	0.668	NA	0.104	NA	0	90
597	21	25	17.629	36.874	0	2	20	6.511	0.495	NA	0.266	NA	-78.69	-78.69
598	21	26	17.629	36.874	0	2	10	6.511	0.495	NA	0	NA	0	78.69
599	21	27	17.472	37.135	0	2	10	6.816	0.752	NA	0.304	NA	120.964	120.964
600	21	28	17.472	37.135	0	2	10	6.816	0.752	NA	0	NA	0	-120.964
601	21	29	17.368	37.083	0	2	10	6.932	0.816	NA	0.117	NA	-153.435	-153.435
602	21	30	17.368	37.083	0	2	40	6.932	0.816	NA	0	NA	0	153.435
603	21	31	17.159	38.022	0	2	30	7.894	1.607	NA	0.962	NA	102.529	102.529
604	21	32	17.055	38.022	0	2	20	7.998	1.67	NA	0.104	NA	180	77.471
605	21	33	17.212	37.709	0	2	20	8.348	1.33	NA	0.35	NA	-63.435	116.565
606	21	34	16.951	38.074	0	2	40	8.797	1.776	NA	0.449	NA	125.538	-171.027
607	21	35	16.951	38.178	0	2	10	8.901	1.857	NA	0.104	NA	90	-35.538
608	21	36	17.003	38.074	0	2	20	9.018	1.743	NA	0.117	NA	-63.435	-153.435
609	21	37	16.899	37.709	0	2	50	9.397	1.556	NA	0.38	NA	-105.945	-42.51
610	21	38	17.316	37.657	0	2	0	9.818	1.222	NA	0.42	NA	-7.125	98.82
611	21	39	16.638	37.761	0	2	10	10.504	1.795	NA	0.686	NA	171.254	178.379
612	21	40	17.107	37.761	0	2	0	10.973	1.439	NA	0.469	NA	0	-171.254
613	21	41	17.159	37.552	0	2	50	11.188	1.256	NA	0.215	NA	-75.964	-75.964
614	21	42	17.003	37.552	0	2	20	11.345	1.377	NA	0.156	NA	180	-104.036
615	21	43	16.846	37.813	0	2	0	11.649	1.663	NA	0.304	NA	120.964	-59.036
616	21	44	16.951	37.761	0	2	20	11.766	1.551	NA	0.117	NA	-26.565	-147.529
617	22	1	19.402	38.23	0	2	20	0	0	NA	NA	NA	NA	NA
618	22	2	19.193	38.178	0	2	60	0.215	0.215	NA	0.215	NA	-165.964	NA
619	22	3	19.193	38.126	0	2	30	0.267	0.233	NA	0.052	NA	-90	75.964
620	22	4	19.193	38.439	0	2	50	0.58	0.295	NA	0.313	NA	90	180
621	22	5	19.193	38.439	0	2	30	0.58	0.295	NA	0	NA	0	-90
622	22	6	19.454	38.022	0	2	40	1.072	0.215	NA	0.492	NA	-57.995	-57.995
623	22	7	19.611	37.709	0	2	20	1.422	0.562	NA	0.35	NA	-63.435	-5.44
624	22	8	19.872	37.135	0	2	30	2.052	1.192	NA	0.63	NA	-65.556	-2.121
625	22	9	20.497	36.666	0	2	20	2.835	1.91	NA	0.782	NA	-36.87	28.686
626	22	10	20.445	36.353	0	2	60	3.152	2.148	NA	0.317	NA	-99.462	-62.592
627	22	11	20.184	36.353	0	2	10	3.413	2.034	NA	0.261	NA	180	-80.538
628	22	12	20.967	35.936	0	2	20	4.299	2.778	NA	0.887	NA	-28.072	151.928
629	22	13	21.019	35.883	0	2	10	4.373	2.85	NA	0.074	NA	-45	-16.928
630	22	14	20.706	35.988	0	2	90	4.703	2.594	NA	0.33	NA	161.565	-153.435
631	22	15	21.019	35.936	0	2	10	5.02	2.807	NA	0.317	NA	-9.462	-171.027
632	22	16	21.28	35.518	0	2	30	5.512	3.299	NA	0.492	NA	-57.995	-48.532
633	23	1	14.447	38.178	0	2	140	0	0	NA	NA	NA	NA	NA
634	23	2	14.499	38.439	0	2	90	0.266	0.266	NA	0.266	NA	78.69	NA
635	23	3	14.552	38.439	0	2	50	0.318	0.281	NA	0.052	NA	0	-78.69
636	23	4	14.604	38.387	0	2	80	0.392	0.261	NA	0.074	NA	-45	-45
637	23	5	14.499	38.23	0	2	130	0.58	0.074	NA	0.188	NA	-123.69	-78.69
638	23	6	14.656	38.022	0	2	140	0.841	0.261	NA	0.261	NA	-53.13	70.56
639	23	7	14.656	37.97	0	2	110	0.893	0.295	NA	0.052	NA	-90	-36.87
640	23	8	14.656	37.918	0	2	60	0.945	0.334	NA	0.052	NA	-90	0
641	23	9	14.708	37.396	0	2	0	1.469	0.825	NA	0.524	NA	-84.289	5.711
642	23	10	15.177	36.718	0	2	10	2.294	1.633	NA	0.825	NA	-55.305	28.985
643	23	11	16.325	35.101	0	2	10	4.276	3.605	NA	1.983	NA	-54.638	0.667
644	23	12	16.534	34.267	0	2	20	5.137	4.433	NA	0.86	NA	-75.964	-21.326
645	23	13	16.794	34.058	0	2	40	5.471	4.742	NA	0.334	NA	-38.66	37.304
646	23	14	16.899	34.319	0	2	30	5.751	4.572	NA	0.281	NA	68.199	106.858
647	23	15	16.586	34.684	0	2	10	6.232	4.097	NA	0.481	NA	130.601	62.403
648	23	16	16.586	34.84	0	2	30	6.389	3.964	NA	0.156	NA	90	-40.601
649	23	17	16.586	34.788	0	2	20	6.441	4.008	NA	0.052	NA	-90	-180
650	23	18	16.273	35.31	0	2	10	7.049	3.4	NA	0.608	NA	120.964	-149.036
651	24	1	15.282	35.414	0	2	20	0	0	NA	NA	NA	NA	NA
652	24	2	15.282	35.414	0	2	10	0	0	NA	0	NA	0	NA
653	24	3	15.282	35.414	0	2	10	0	0	NA	0	NA	0	0
654	24	4	15.282	34.84	0	2	50	0.574	0.574	NA	0.574	NA	-90	-90
655	24	5	15.543	34.788	0	2	10	0.84	0.678	NA	0.266	NA	-11.31	78.69
656	24	6	15.177	34.684	0	2	30	1.219	0.738	NA	0.38	NA	-164.055	-152.745
657	24	7	15.438	34.684	0	2	10	1.48	0.747	NA	0.261	NA	0	164.055
658	24	8	15.438	34.684	0	2	30	1.48	0.747	NA	0	NA	0	0
659	24	9	15.438	34.684	0	2	20	1.48	0.747	NA	0	NA	0	0
660	24	10	15.334	34.684	0	2	50	1.584	0.732	NA	0.104	NA	180	180
661	24	11	15.699	34.058	0	2	10	2.309	1.419	NA	0.725	NA	-59.744	120.256
662	24	12	15.386	34.11	0	2	40	2.626	1.308	NA	0.317	NA	170.538	-129.719
663	24	13	15.595	33.954	0	2	30	2.887	1.494	NA	0.261	NA	-36.87	152.592
664	24	14	15.438	33.797	0	2	20	3.108	1.624	NA	0.221	NA	-135	-98.13
665	24	15	15.543	34.267	0	2	20	3.589	1.177	NA	0.481	NA	77.471	-147.529
666	24	16	15.125	34.788	0	2	20	4.257	0.645	NA	0.668	NA	128.66	51.189
667	24	17	15.438	34.945	0	2	0	4.607	0.495	NA	0.35	NA	26.565	-102.095
668	24	18	15.386	34.632	0	2	20	4.924	0.789	NA	0.317	NA	-99.462	-126.027
669	24	19	15.23	34.632	0	2	40	5.081	0.784	NA	0.156	NA	180	-80.538
670	24	20	15.282	34.684	0	2	10	5.154	0.73	NA	0.074	NA	45	-135
671	24	21	15.23	34.788	0	2	60	5.271	0.628	NA	0.117	NA	116.565	71.565
672	25	1	9.492	39.221	0	2	20	0	0	NA	NA	NA	NA	NA
673	25	2	9.597	39.274	0	2	10	0.117	0.117	NA	0.117	NA	26.565	NA
674	25	3	9.701	39.274	0	2	0	0.221	0.215	NA	0.104	NA	0	-26.565
675	25	4	9.91	38.804	0	2	10	0.735	0.59	NA	0.514	NA	-66.038	-66.038
676	25	5	9.962	38.961	0	2	10	0.9	0.537	NA	0.165	NA	71.565	137.603
677	25	6	10.066	38.648	0	2	0	1.229	0.811	NA	0.33	NA	-71.565	-143.13
678	26	1	10.692	39.274	0	2	20	0	0	NA	NA	NA	NA	NA
679	26	2	10.848	38.804	0	2	10	0.495	0.495	NA	0.495	NA	-71.565	NA
680	26	3	10.953	38.491	0	2	10	0.825	0.825	NA	0.33	NA	-71.565	0
681	26	4	11.109	37.865	0	2	0	1.47	1.469	NA	0.645	NA	-75.964	-4.399
682	26	5	11.109	37.605	0	2	10	1.731	1.72	NA	0.261	NA	-90	-14.036
683	26	6	10.901	37.187	0	2	10	2.197	2.097	NA	0.466	NA	-116.565	-26.565
684	26	7	11.527	37.292	0	2	50	2.832	2.15	NA	0.635	NA	9.462	126.027
685	26	8	11.422	37.97	0	2	50	3.518	1.494	NA	0.686	NA	98.746	89.284
686	27	1	14.082	42.925	0	2	10	0	0	NA	NA	NA	NA	NA
687	27	2	14.656	42.716	0	2	30	0.61	0.61	NA	0.61	NA	-19.983	NA
688	27	3	14.552	42.82	0	2	10	0.758	0.481	NA	0.148	NA	135	154.983
689	27	4	14.499	42.194	0	2	20	1.386	0.841	NA	0.628	NA	-94.764	130.236
690	27	5	14.447	42.194	0	2	20	1.438	0.816	NA	0.052	NA	180	-85.236
691	27	6	14.082	41.621	0	2	40	2.118	1.304	NA	0.68	NA	-122.471	57.529
692	27	7	14.134	42.038	0	2	30	2.539	0.888	NA	0.42	NA	82.875	-154.654
693	27	8	14.291	42.403	0	2	90	2.936	0.562	NA	0.397	NA	66.801	-16.074
694	27	9	14.343	42.82	0	2	50	3.356	0.281	NA	0.42	NA	82.875	16.074
695	27	10	14.499	42.559	0	2	40	3.661	0.554	NA	0.304	NA	-59.036	-141.911
696	27	11	14.343	42.351	0	2	30	3.921	0.63	NA	0.261	NA	-126.87	-67.834
697	27	12	14.343	41.881	0	2	20	4.391	1.075	NA	0.469	NA	-90	36.87
698	27	13	14.343	41.777	0	2	20	4.495	1.177	NA	0.104	NA	-90	0
699	27	14	14.239	42.038	0	2	30	4.776	0.9	NA	0.281	NA	111.801	-158.199
700	28	1	16.273	39.587	0	2	10	0	0	NA	NA	NA	NA	NA
701	28	2	16.534	39.691	0	2	20	0.281	0.281	NA	0.281	NA	21.801	NA
702	28	3	16.481	39.691	0	2	50	0.333	0.233	NA	0.052	NA	180	158.199
703	28	4	16.273	40.421	0	2	60	1.092	0.834	NA	0.759	NA	105.945	-74.055
704	28	5	16.273	40.421	0	2	40	1.092	0.834	NA	0	NA	0	-105.945
705	28	6	16.481	40.421	0	2	50	1.301	0.86	NA	0.209	NA	0	0
706	28	7	16.638	40.421	0	2	10	1.458	0.911	NA	0.156	NA	0	0
707	28	8	16.377	40.056	0	2	50	1.906	0.481	NA	0.449	NA	-125.538	-125.538
708	28	9	16.377	40.16	0	2	20	2.011	0.583	NA	0.104	NA	90	-144.462
709	28	10	17.055	40.369	0	2	0	2.72	1.106	NA	0.709	NA	17.103	-72.897
710	28	11	17.003	40.108	0	2	20	2.986	0.897	NA	0.266	NA	-101.31	-118.413
711	28	12	17.003	39.534	0	2	10	3.56	0.732	NA	0.574	NA	-90	11.31
712	28	13	17.159	39.534	0	2	30	3.716	0.888	NA	0.156	NA	0	90
713	28	14	17.212	39.587	0	2	30	3.79	0.939	NA	0.074	NA	45	45
714	28	15	17.159	39.482	0	2	30	3.906	0.893	NA	0.117	NA	-116.565	-161.565
715	28	16	17.264	39.378	0	2	10	4.054	1.013	NA	0.148	NA	-45	71.565
716	28	17	17.212	39.482	0	2	20	4.171	0.945	NA	0.117	NA	116.565	161.565
717	28	18	17.42	39.639	0	2	0	4.431	1.149	NA	0.261	NA	36.87	-79.695
718	28	19	17.89	39.326	0	2	0	4.995	1.638	NA	0.564	NA	-33.69	-70.56
719	28	20	17.524	39.274	0	2	30	5.364	1.29	NA	0.369	NA	-171.87	-138.18
720	28	21	17.055	39.117	0	2	120	5.859	0.912	NA	0.495	NA	-161.565	10.305
721	29	1	16.638	32.598	0	2	10	0	0	NA	NA	NA	NA	NA
722	29	2	15.855	33.015	0	2	0	0.887	0.887	NA	0.887	NA	151.928	NA
723	29	3	15.908	33.171	0	2	10	1.052	0.929	NA	0.165	NA	71.565	-80.362
724	29	4	15.855	33.328	0	2	20	1.217	1.07	NA	0.165	NA	108.435	36.87
725	29	5	15.803	33.693	0	2	20	1.585	1.377	NA	0.369	NA	98.13	-10.305
726	29	6	15.699	33.693	0	2	20	1.69	1.443	NA	0.104	NA	180	81.87
727	29	7	15.699	33.693	0	2	0	1.69	1.443	NA	0	NA	0	-180
728	29	8	15.334	33.849	0	2	20	2.087	1.807	NA	0.397	NA	156.801	156.801
729	29	9	15.438	33.849	0	2	10	2.191	1.734	NA	0.104	NA	0	-156.801
730	29	10	15.438	33.849	0	2	40	2.191	1.734	NA	0	NA	0	0
731	29	11	15.438	33.902	0	2	40	2.243	1.772	NA	0.052	NA	90	90
732	29	12	15.438	34.319	0	2	10	2.661	2.098	NA	0.417	NA	90	0
733	29	13	15.23	34.267	0	2	20	2.876	2.184	NA	0.215	NA	-165.964	104.036
734	29	14	15.334	34.267	0	2	0	2.98	2.118	NA	0.104	NA	0	165.964
735	29	15	14.969	34.84	0	2	0	3.66	2.796	NA	0.68	NA	122.471	122.471
736	30	1	25.817	23.314	0	2	40	0	0	NA	NA	NA	NA	NA
737	30	2	25.817	23.366	0	2	20	0.052	0.052	NA	0.052	NA	90	NA
738	30	3	25.922	23.366	0	2	30	0.156	0.117	NA	0.104	NA	0	-90
739	30	4	25.922	23.366	0	2	10	0.156	0.117	NA	0	NA	0	0
740	30	5	25.922	23.366	0	2	20	0.156	0.117	NA	0	NA	0	0
741	30	6	25.504	24.357	0	2	0	1.232	1.089	NA	1.075	NA	112.834	112.834
742	30	7	25.348	24.148	0	2	30	1.492	0.957	NA	0.261	NA	-126.87	120.296
743	30	8	25.191	24.722	0	2	40	2.087	1.541	NA	0.595	NA	105.255	-127.875
