Nr	TID	PID	x [micron]	y [micron]	t [sec]	c [idx]	I [val]	Len [micron]	D2S [micron]	D2R [micron]	D2P [micron]	v [micron/sec]	? [deg]	?? [deg]
1	1	1	11.215	12.421	0	2	242	0	0	NA	NA	NA	NA	NA
2	1	2	10.903	12.778	0	2	65	0.475	0.475	NA	0.475	NA	131.186	NA
3	1	3	11.037	12.778	0	2	223	0.608	0.399	NA	0.134	NA	0	-131.186
4	1	4	11.483	12.867	0	2	130	1.064	0.521	NA	0.455	NA	11.31	11.31
5	1	5	11.572	12.778	0	2	195	1.19	0.505	NA	0.126	NA	-45	-56.31
6	1	6	11.394	12.733	0	2	139	1.374	0.36	NA	0.184	NA	-165.964	-120.964
7	1	7	10.769	12.956	0	2	149	2.038	0.697	NA	0.664	NA	160.346	-33.69
8	1	8	9.742	12.733	0	2	37	3.088	1.506	NA	1.051	NA	-167.735	31.919
9	1	9	9.698	12.956	0	2	0	3.316	1.609	NA	0.228	NA	101.31	-90.955
10	1	10	9.117	12.465	0	2	37	4.076	2.098	NA	0.76	NA	-139.764	118.926
11	2	1	17.866	12.063	0	2	55	0	0	NA	NA	NA	NA	NA
12	2	2	18.179	12.242	0	2	9	0.36	0.36	NA	0.36	NA	29.745	NA
13	2	3	18.759	12.242	0	2	18	0.94	0.91	NA	0.58	NA	0	-29.745
14	2	4	19.116	12.287	0	2	37	1.3	1.27	NA	0.36	NA	7.125	7.125
15	2	5	19.295	12.108	0	2	18	1.553	1.429	NA	0.253	NA	-45	-52.125
16	2	6	19.875	11.974	0	2	9	2.148	2.011	NA	0.596	NA	-12.995	32.005
17	3	1	15.143	20.5	0	2	130	0	0	NA	NA	NA	NA	NA
18	3	2	15.143	20.455	0	2	74	0.045	0.045	NA	0.045	NA	-90	NA
19	3	3	15.233	20.455	0	2	121	0.134	0.1	NA	0.089	NA	0	90
20	3	4	15.188	20.143	0	2	111	0.45	0.36	NA	0.316	NA	-98.13	-98.13
21	3	5	15.59	19.518	0	2	65	1.192	1.079	NA	0.743	NA	-57.265	40.865
22	3	6	15.679	19.072	0	2	65	1.648	1.526	NA	0.455	NA	-78.69	-21.425
23	3	7	15.411	19.339	0	2	111	2.026	1.191	NA	0.379	NA	135	-146.31
24	3	8	15.277	19.027	0	2	121	2.366	1.479	NA	0.34	NA	-113.199	111.801
25	3	9	15.679	19.384	0	2	65	2.904	1.238	NA	0.538	NA	41.634	154.832
26	3	10	15.456	19.652	0	2	74	3.253	0.904	NA	0.349	NA	129.806	88.172
27	3	11	15.054	19.339	0	2	65	3.762	1.164	NA	0.509	NA	-142.125	88.069
28	3	12	14.876	19.161	0	2	111	4.014	1.366	NA	0.253	NA	-135	7.125
29	3	13	14.965	19.116	0	2	55	4.114	1.395	NA	0.1	NA	-26.565	108.435
30	3	14	14.831	19.116	0	2	93	4.248	1.419	NA	0.134	NA	180	-153.435
31	3	15	15.277	19.116	0	2	27	4.694	1.39	NA	0.446	NA	0	-180
32	3	16	15.277	19.116	0	2	55	4.694	1.39	NA	0	NA	0	0
33	3	17	15.143	19.072	0	2	46	4.835	1.428	NA	0.141	NA	-161.565	-161.565
34	3	18	15.188	18.67	0	2	27	5.239	1.831	NA	0.404	NA	-83.66	77.905
35	3	19	16.259	18.67	0	2	74	6.311	2.144	NA	1.071	NA	0	83.66
36	3	20	17.063	17.866	0	2	18	7.447	3.259	NA	1.136	NA	-45	-45
37	4	1	14.786	18.848	0	2	9	0	0	NA	NA	NA	NA	NA
38	4	2	15.054	18.848	0	2	65	0.268	0.268	NA	0.268	NA	0	NA
39	4	3	14.876	18.714	0	2	18	0.491	0.161	NA	0.223	NA	-143.13	-143.13
40	4	4	15.054	18.759	0	2	83	0.675	0.282	NA	0.184	NA	14.036	157.166
41	4	5	15.456	18.447	0	2	65	1.184	0.781	NA	0.509	NA	-37.875	-51.911
42	4	6	15.813	18.313	0	2	74	1.565	1.158	NA	0.381	NA	-20.556	17.319
43	4	7	15.277	18.313	0	2	46	2.101	0.727	NA	0.536	NA	180	-159.444
44	4	8	15.411	18.402	0	2	111	2.262	0.768	NA	0.161	NA	33.69	-146.31
45	4	9	15.456	18.402	0	2	18	2.307	0.805	NA	0.045	NA	0	-33.69
46	4	10	15.768	18.491	0	2	27	2.632	1.045	NA	0.325	NA	15.945	15.945
47	4	11	16.349	20.098	0	2	55	4.34	2.001	NA	1.709	NA	70.145	54.199
48	4	12	16.349	21.303	0	2	0	5.545	2.91	NA	1.205	NA	90	19.855
49	5	1	17.107	18.625	0	2	46	0	0	NA	NA	NA	NA	NA
50	5	2	17.063	18.714	0	2	0	0.1	0.1	NA	0.1	NA	116.565	NA
51	5	3	16.974	18.402	0	2	46	0.425	0.26	NA	0.325	NA	-105.945	137.49
52	5	4	17.331	18.536	0	2	27	0.806	0.24	NA	0.381	NA	20.556	126.501
53	5	5	17.286	18.447	0	2	27	0.906	0.253	NA	0.1	NA	-116.565	-137.121
54	5	6	16.84	18.268	0	2	46	1.387	0.446	NA	0.481	NA	-158.199	-41.634
55	5	7	16.706	19.116	0	2	65	2.245	0.634	NA	0.859	NA	98.973	-102.829
56	5	8	16.884	20.5	0	2	9	3.641	1.888	NA	1.395	NA	82.648	-16.325
57	6	1	10.501	14.563	0	2	9	0	0	NA	NA	NA	NA	NA
58	6	2	13.045	16.929	0	2	18	3.474	3.474	NA	3.474	NA	42.917	NA
59	6	3	13.135	17.554	0	2	27	4.106	3.985	NA	0.631	NA	81.87	38.952
60	6	4	13.536	18.402	0	2	37	5.044	4.894	NA	0.938	NA	64.654	-17.216
61	6	5	13.804	18.045	0	2	27	5.49	4.799	NA	0.446	NA	-53.13	-117.784
62	7	1	5.993	16.572	0	2	27	0	0	NA	NA	NA	NA	NA
63	7	2	5.591	14.429	0	2	83	2.18	2.18	NA	2.18	NA	-100.62	NA
64	7	3	7.6	14.429	0	2	111	4.189	2.678	NA	2.009	NA	0	100.62
65	7	4	9.876	13.403	0	2	55	6.686	5.013	NA	2.497	NA	-24.274	-24.274
66	7	5	11.171	12.51	0	2	93	8.258	6.581	NA	1.572	NA	-34.592	-10.318
67	7	6	13.894	11.662	0	2	18	11.11	9.302	NA	2.852	NA	-17.301	17.292
68	7	7	13.447	11.706	0	2	9	11.559	8.902	NA	0.449	NA	174.289	-168.41
69	7	8	13.269	11.617	0	2	27	11.759	8.803	NA	0.2	NA	-153.435	32.276
70	7	9	13.313	11.617	0	2	9	11.803	8.84	NA	0.045	NA	0	153.435
71	7	10	12.554	11.751	0	2	9	12.574	8.142	NA	0.771	NA	169.992	169.992
72	7	11	10.055	11.483	0	2	0	15.088	6.511	NA	2.514	NA	-173.884	16.123
73	8	1	14.518	16.929	0	2	18	0	0	NA	NA	NA	NA	NA
74	8	2	14.385	16.795	0	2	83	0.189	0.189	NA	0.189	NA	-135	NA
75	8	3	14.429	16.572	0	2	55	0.417	0.368	NA	0.228	NA	-78.69	56.31
76	8	4	14.563	16.572	0	2	55	0.551	0.36	NA	0.134	NA	0	78.69
77	8	5	14.563	16.572	0	2	65	0.551	0.36	NA	0	NA	0	0
78	8	6	14.742	16.572	0	2	18	0.729	0.421	NA	0.179	NA	0	0
79	8	7	14.831	16.572	0	2	27	0.819	0.475	NA	0.089	NA	0	0
80	8	8	14.563	16.572	0	2	9	1.087	0.36	NA	0.268	NA	180	180
81	8	9	14.742	16.572	0	2	9	1.265	0.421	NA	0.179	NA	0	-180
82	8	10	14.831	16.483	0	2	27	1.391	0.545	NA	0.126	NA	-45	-45
83	8	11	14.831	16.393	0	2	18	1.481	0.62	NA	0.089	NA	-90	-45
84	8	12	14.786	16.081	0	2	46	1.796	0.889	NA	0.316	NA	-98.13	-8.13
85	8	13	14.876	16.259	0	2	27	1.996	0.759	NA	0.2	NA	63.435	161.565
86	8	14	14.697	16.081	0	2	0	2.248	0.867	NA	0.253	NA	-135	161.565
87	8	15	15.143	16.081	0	2	18	2.695	1.053	NA	0.446	NA	0	135
88	8	16	14.92	15.992	0	2	0	2.935	1.02	NA	0.24	NA	-158.199	-158.199
89	8	17	15.054	15.768	0	2	27	3.195	1.278	NA	0.26	NA	-59.036	99.162
90	8	18	15.456	15.768	0	2	27	3.597	1.492	NA	0.402	NA	0	59.036
91	8	19	15.545	15.992	0	2	9	3.838	1.39	NA	0.24	NA	68.199	68.199
92	8	20	15.59	15.992	0	2	37	3.882	1.424	NA	0.045	NA	0	-68.199
93	8	21	15.992	15.992	0	2	9	4.284	1.746	NA	0.402	NA	0	0
94	8	22	16.081	15.858	0	2	55	4.445	1.894	NA	0.161	NA	-56.31	-56.31
95	8	23	16.036	16.17	0	2	37	4.761	1.697	NA	0.316	NA	98.13	154.44
96	8	24	16.929	15.59	0	2	18	5.825	2.757	NA	1.065	NA	-33.024	-131.154
97	9	1	17.509	21.527	0	2	37	0	0	NA	NA	NA	NA	NA
98	9	2	17.063	21.794	0	2	37	0.521	0.521	NA	0.521	NA	149.036	NA
99	9	3	16.527	22.062	0	2	65	1.119	1.119	NA	0.599	NA	153.435	4.399
100	9	4	16.706	22.375	0	2	18	1.479	1.168	NA	0.36	NA	60.255	-93.18
101	9	5	16.661	22.509	0	2	18	1.62	1.298	NA	0.141	NA	108.435	48.18
102	9	6	16.884	22.509	0	2	55	1.844	1.164	NA	0.223	NA	0	-108.435
103	9	7	16.84	22.509	0	2	37	1.888	1.189	NA	0.045	NA	180	180
104	9	8	16.974	22.509	0	2	9	2.022	1.119	NA	0.134	NA	0	-180
105	9	9	16.884	22.509	0	2	0	2.112	1.164	NA	0.089	NA	180	180
106	9	10	16.706	22.955	0	2	9	2.592	1.639	NA	0.481	NA	111.801	-68.199
107	9	11	17.152	22.464	0	2	18	3.256	1.003	NA	0.664	NA	-47.726	-159.528
108	9	12	16.929	22.553	0	2	18	3.496	1.179	NA	0.24	NA	158.199	-154.075
109	9	13	16.616	23.268	0	2	37	4.276	1.956	NA	0.78	NA	113.629	-44.569
110	9	14	16.081	23.134	0	2	27	4.828	2.15	NA	0.552	NA	-165.964	80.407
111	9	15	15.813	23.357	0	2	0	5.177	2.495	NA	0.349	NA	140.194	-53.842
112	9	16	15.858	23.401	0	2	37	5.24	2.499	NA	0.063	NA	45	-95.194
113	9	17	15.724	23.268	0	2	46	5.429	2.494	NA	0.189	NA	-135	-180
114	9	18	15.367	23.446	0	2	9	5.828	2.877	NA	0.399	NA	153.435	-71.565
115	9	19	15.545	23.535	0	2	9	6.028	2.809	NA	0.2	NA	26.565	-126.87
116	9	20	15.545	23.535	0	2	37	6.028	2.809	NA	0	NA	0	-26.565
117	9	21	15.456	23.312	0	2	0	6.268	2.721	NA	0.24	NA	-111.801	-111.801
118	9	22	15.59	23.491	0	2	9	6.492	2.746	NA	0.223	NA	53.13	164.932
119	9	23	15.813	23.669	0	2	0	6.777	2.733	NA	0.286	NA	38.66	-14.47
120	9	24	15.545	23.357	0	2	27	7.189	2.685	NA	0.412	NA	-130.601	-169.261
121	9	25	15.724	23.625	0	2	37	7.511	2.755	NA	0.322	NA	56.31	-173.089
122	9	26	15.813	23.714	0	2	9	7.637	2.768	NA	0.126	NA	45	-11.31
123	9	27	15.724	23.044	0	2	18	8.313	2.343	NA	0.675	NA	-97.595	-142.595
124	9	28	15.322	23.491	0	2	18	8.913	2.94	NA	0.601	NA	131.987	-130.418
125	9	29	15.545	23.759	0	2	37	9.262	2.973	NA	0.349	NA	50.194	-81.793
126	9	30	15.634	23.357	0	2	18	9.673	2.62	NA	0.412	NA	-77.471	-127.666
127	9	31	15.724	23.268	0	2	18	9.8	2.494	NA	0.126	NA	-45	32.471
128	9	32	16.036	23.134	0	2	9	10.139	2.18	NA	0.34	NA	-23.199	21.801
129	9	33	15.768	23.357	0	2	37	10.488	2.526	NA	0.349	NA	140.194	163.393
130	9	34	15.858	23.446	0	2	0	10.614	2.532	NA	0.126	NA	45	-95.194
131	9	35	15.813	23.58	0	2	27	10.756	2.663	NA	0.141	NA	108.435	63.435
132	9	36	15.634	23.803	0	2	18	11.041	2.949	NA	0.286	NA	128.66	20.225
133	9	37	15.322	23.714	0	2	9	11.366	3.093	NA	0.325	NA	-164.055	67.286
134	9	38	15.367	23.714	0	2	9	11.411	3.062	NA	0.045	NA	0	164.055
135	9	39	15.367	23.714	0	2	27	11.411	3.062	NA	0	NA	0	0
136	9	40	15.679	23.446	0	2	18	11.822	2.652	NA	0.412	NA	-40.601	-40.601
137	9	41	15.947	23.535	0	2	9	12.105	2.545	NA	0.282	NA	18.435	59.036
138	9	42	15.902	23.535	0	2	9	12.149	2.572	NA	0.045	NA	180	161.565
139	9	43	16.259	23.58	0	2	0	12.509	2.404	NA	0.36	NA	7.125	-172.875
140	9	44	15.902	23.714	0	2	27	12.891	2.714	NA	0.381	NA	159.444	152.319
141	9	45	15.992	23.669	0	2	37	12.991	2.626	NA	0.1	NA	-26.565	173.991
142	9	46	16.081	23.759	0	2	9	13.117	2.65	NA	0.126	NA	45	71.565
143	10	1	13.894	21.661	0	2	55	0	0	NA	NA	NA	NA	NA
144	10	2	14.117	21.661	0	2	18	0.223	0.223	NA	0.223	NA	0	NA
145	10	3	14.117	21.661	0	2	55	0.223	0.223	NA	0	NA	0	0
146	10	4	14.474	21.661	0	2	46	0.58	0.58	NA	0.357	NA	0	0
147	10	5	14.429	21.303	0	2	46	0.94	0.644	NA	0.36	NA	-97.125	-97.125
148	10	6	14.429	21.214	0	2	9	1.029	0.697	NA	0.089	NA	-90	7.125
149	11	1	13.715	22.107	0	2	27	0	0	NA	NA	NA	NA	NA
150	11	2	13.804	22.375	0	2	27	0.282	0.282	NA	0.282	NA	71.565	NA
151	11	3	13.76	22.732	0	2	0	0.642	0.627	NA	0.36	NA	97.125	25.56
152	11	4	13.894	22.062	0	2	74	1.325	0.184	NA	0.683	NA	-78.69	-175.815
153	11	5	14.161	21.348	0	2	93	2.088	0.88	NA	0.763	NA	-69.444	9.246
154	11	6	14.072	22.107	0	2	55	2.852	0.357	NA	0.764	NA	96.71	166.154
155	11	7	13.849	22.643	0	2	46	3.432	0.552	NA	0.58	NA	112.62	15.91
156	11	8	14.429	22.643	0	2	27	4.012	0.893	NA	0.58	NA	0	-112.62
157	11	9	14.251	22.419	0	2	46	4.298	0.62	NA	0.286	NA	-128.66	-128.66
158	11	10	14.161	23	0	2	65	4.885	0.998	NA	0.587	NA	98.746	-132.594
159	11	11	14.251	22.732	0	2	46	5.168	0.823	NA	0.282	NA	-71.565	-170.311
160	11	12	14.251	22.018	0	2	83	5.882	0.543	NA	0.714	NA	-90	-18.435
161	11	13	14.251	22.107	0	2	111	5.971	0.536	NA	0.089	NA	90	180
162	11	14	14.518	21.794	0	2	74	6.383	0.862	NA	0.412	NA	-49.399	-139.399
163	11	15	14.429	21.928	0	2	65	6.544	0.736	NA	0.161	NA	123.69	173.089
164	11	16	14.385	22.375	0	2	55	6.992	0.721	NA	0.449	NA	95.711	-27.979
165	11	17	14.385	22.419	0	2	65	7.037	0.739	NA	0.045	NA	90	-5.711
166	11	18	14.608	22.464	0	2	83	7.265	0.962	NA	0.228	NA	11.31	-78.69
167	11	19	14.652	22.598	0	2	27	7.406	1.058	NA	0.141	NA	71.565	60.255
168	11	20	14.697	22.419	0	2	27	7.59	1.031	NA	0.184	NA	-75.964	-147.529
169	11	21	14.697	22.419	0	2	27	7.59	1.031	NA	0	NA	0	75.964
170	11	22	14.786	22.062	0	2	27	7.958	1.072	NA	0.368	NA	-75.964	-75.964
171	12	1	14.34	21.214	0	2	55	0	0	NA	NA	NA	NA	NA
172	12	2	14.697	20.098	0	2	9	1.172	1.172	NA	1.172	NA	-72.255	NA
173	12	3	14.206	20.723	0	2	18	1.966	0.509	NA	0.795	NA	128.157	-159.587
174	12	4	14.652	19.205	0	2	27	3.548	2.033	NA	1.582	NA	-73.61	158.232
175	12	5	14.385	19.83	0	2	55	4.228	1.384	NA	0.68	NA	113.199	-173.191
176	12	6	14.429	19.83	0	2	55	4.273	1.387	NA	0.045	NA	0	-113.199
177	12	7	14.429	19.83	0	2	27	4.273	1.387	NA	0	NA	0	0
178	12	8	14.429	20.143	0	2	9	4.585	1.075	NA	0.312	NA	90	90
179	12	9	14.831	19.652	0	2	18	5.22	1.638	NA	0.634	NA	-50.711	-140.711
180	12	10	14.697	19.652	0	2	27	5.354	1.603	NA	0.134	NA	180	-129.289
181	12	11	14.385	19.473	0	2	9	5.714	1.741	NA	0.36	NA	-150.255	29.745
182	12	12	14.742	19.384	0	2	0	6.082	1.874	NA	0.368	NA	-14.036	136.219
183	12	13	14.608	18.804	0	2	27	6.677	2.425	NA	0.596	NA	-102.995	-88.958
184	13	1	14.652	21.17	0	2	46	0	0	NA	NA	NA	NA	NA
185	13	2	14.608	21.661	0	2	55	0.493	0.493	NA	0.493	NA	95.194	NA
186	13	3	14.831	21.75	0	2	74	0.733	0.607	NA	0.24	NA	21.801	-73.393
187	13	4	14.831	21.75	0	2	74	0.733	0.607	NA	0	NA	0	-21.801
188	13	5	14.831	21.616	0	2	37	0.867	0.481	NA	0.134	NA	-90	-90
189	13	6	14.697	21.214	0	2	18	1.291	0.063	NA	0.423	NA	-108.435	-18.435
190	14	1	19.696	19.83	0	2	9	0	0	NA	NA	NA	NA	NA
191	14	2	19.205	20.098	0	2	37	0.559	0.559	NA	0.559	NA	151.39	NA
192	14	3	19.161	20.679	0	2	9	1.141	1.003	NA	0.582	NA	94.399	-56.991
193	14	4	19.027	20.768	0	2	9	1.302	1.152	NA	0.161	NA	146.31	51.911
194	14	5	18.447	21.08	0	2	18	1.961	1.768	NA	0.659	NA	151.699	5.389
195	14	6	18.402	21.303	0	2	9	2.189	1.961	NA	0.228	NA	101.31	-50.389
196	14	7	18.179	21.303	0	2	18	2.412	2.115	NA	0.223	NA	180	78.69
197	14	8	18.045	21.303	0	2	18	2.546	2.213	NA	0.134	NA	180	0
198	14	9	17.822	21.482	0	2	37	2.832	2.499	NA	0.286	NA	141.34	-38.66
199	14	10	17.777	21.794	0	2	18	3.148	2.746	NA	0.316	NA	98.13	-43.21
200	15	1	10.189	12.956	0	2	65	0	0	NA	NA	NA	NA	NA
201	15	2	9.876	13.581	0	2	0	0.699	0.699	NA	0.699	NA	116.565	NA
202	15	3	9.564	14.965	0	2	55	2.117	2.104	NA	1.419	NA	102.724	-13.841
203	15	4	6.751	15.902	0	2	93	5.082	4.527	NA	2.964	NA	161.565	58.841
204	15	5	5.412	16.081	0	2	9	6.433	5.708	NA	1.351	NA	172.405	10.84
205	16	1	9.608	29.249	0	2	9	0	0	NA	NA	NA	NA	NA
206	16	2	10.367	29.383	0	2	0	0.771	0.771	NA	0.771	NA	10.008	NA
207	16	3	11.706	28.847	0	2	0	2.213	2.136	NA	1.442	NA	-21.801	-31.809
208	16	4	13.76	28.312	0	2	0	4.335	4.256	NA	2.122	NA	-14.621	7.181
209	16	5	12.733	28.356	0	2	0	5.363	3.25	NA	1.028	NA	177.51	-167.869
210	16	6	12.465	28.758	0	2	0	5.845	2.899	NA	0.483	NA	123.69	-53.82
211	16	7	11.528	28.847	0	2	18	6.787	1.961	NA	0.942	NA	174.56	50.87
212	16	8	11.483	28.892	0	2	0	6.85	1.908	NA	0.063	NA	135	-39.56
213	16	9	11.037	29.026	0	2	18	7.316	1.446	NA	0.466	NA	163.301	28.301
214	16	10	11.305	29.07	0	2	37	7.588	1.706	NA	0.272	NA	9.462	-153.838
215	16	11	11.483	29.07	0	2	18	7.766	1.883	NA	0.179	NA	0	-9.462
216	16	12	11.572	29.07	0	2	37	7.856	1.972	NA	0.089	NA	0	0
217	16	13	11.662	29.026	0	2	27	7.955	2.065	NA	0.1	NA	-26.565	-26.565
218	16	14	11.706	29.026	0	2	18	8	2.11	NA	0.045	NA	0	26.565
219	16	15	11.438	29.026	0	2	9	8.268	1.844	NA	0.268	NA	180	180
220	16	16	11.394	28.803	0	2	9	8.495	1.84	NA	0.228	NA	-101.31	78.69
221	16	17	11.349	28.758	0	2	27	8.559	1.809	NA	0.063	NA	-135	-33.69
222	16	18	11.26	28.803	0	2	9	8.658	1.711	NA	0.1	NA	153.435	-71.565
223	16	19	11.305	28.758	0	2	0	8.722	1.766	NA	0.063	NA	-45	161.565
224	16	20	11.394	28.937	0	2	0	8.921	1.813	NA	0.2	NA	63.435	108.435
225	16	21	11.305	29.07	0	2	0	9.082	1.706	NA	0.161	NA	123.69	60.255
226	16	22	10.947	28.981	0	2	55	9.45	1.366	NA	0.368	NA	-165.964	70.346
227	16	23	11.305	28.892	0	2	9	9.818	1.733	NA	0.368	NA	-14.036	151.928
228	16	24	10.992	28.892	0	2	0	10.131	1.429	NA	0.312	NA	180	-165.964
229	16	25	10.769	28.937	0	2	0	10.358	1.202	NA	0.228	NA	168.69	-11.31
230	16	26	10.814	28.937	0	2	9	10.403	1.245	NA	0.045	NA	0	-168.69
231	16	27	11.037	28.803	0	2	9	10.663	1.497	NA	0.26	NA	-30.964	-30.964
232	16	28	10.68	28.713	0	2	18	11.031	1.198	NA	0.368	NA	-165.964	-135
233	16	29	10.367	28.579	0	2	18	11.371	1.012	NA	0.34	NA	-156.801	9.162
234	16	30	10.233	28.446	0	2	37	11.561	1.018	NA	0.189	NA	-135	21.801
235	16	31	10.947	28.446	0	2	0	12.275	1.562	NA	0.714	NA	0	135
236	16	32	10.501	28.267	0	2	18	12.756	1.327	NA	0.481	NA	-158.199	-158.199
237	16	33	10.412	28.401	0	2	18	12.917	1.168	NA	0.161	NA	123.69	-78.111
238	16	34	10.456	28.401	0	2	18	12.961	1.199	NA	0.045	NA	0	-123.69
239	16	35	10.501	28.401	0	2	18	13.006	1.231	NA	0.045	NA	0	0
240	16	36	10.456	28.356	0	2	9	13.069	1.231	NA	0.063	NA	-135	-135
241	16	37	10.323	28.49	0	2	0	13.258	1.042	NA	0.189	NA	135	-90
242	16	38	10.099	28.446	0	2	18	13.486	0.942	NA	0.228	NA	-168.69	56.31
243	16	39	10.01	28.49	0	2	18	13.586	0.859	NA	0.1	NA	153.435	-37.875
244	16	40	10.01	28.49	0	2	0	13.586	0.859	NA	0	NA	0	-153.435
245	16	41	10.055	28.49	0	2	0	13.63	0.88	NA	0.045	NA	0	0
246	16	42	10.724	28.624	0	2	9	14.313	1.279	NA	0.683	NA	11.31	11.31
247	17	1	9.876	12.51	0	2	37	0	0	NA	NA	NA	NA	NA
248	17	2	7.644	14.518	0	2	27	3.003	3.003	NA	3.003	NA	138.013	NA
249	17	3	5.948	16.527	0	2	55	5.632	5.619	NA	2.629	NA	130.179	-7.834
250	17	4	6.082	16.572	0	2	93	5.773	5.558	NA	0.141	NA	18.435	-111.744
251	17	5	5.457	17.241	0	2	37	6.689	6.474	NA	0.916	NA	133.025	114.59
252	18	1	20.723	19.205	0	2	74	0	0	NA	NA	NA	NA	NA
253	18	2	21.125	19.161	0	2	37	0.404	0.404	NA	0.404	NA	-6.34	NA
254	18	3	21.214	18.357	0	2	46	1.213	0.98	NA	0.808	NA	-83.66	-77.32
255	18	4	21.348	18.045	0	2	37	1.553	1.318	NA	0.34	NA	-66.801	16.858
256	18	5	21.08	18.447	0	2	55	2.035	0.839	NA	0.483	NA	123.69	-169.509
257	18	6	21.17	18.67	0	2	37	2.276	0.697	NA	0.24	NA	68.199	-55.491
258	18	7	21.125	17.643	0	2	18	3.303	1.613	NA	1.028	NA	-92.49	-160.688
259	18	8	21.705	16.661	0	2	18	4.444	2.727	NA	1.141	NA	-59.421	33.069
260	18	9	21.661	16.483	0	2	37	4.628	2.88	NA	0.184	NA	-104.036	-44.615
261	18	10	21.661	16.483	0	2	9	4.628	2.88	NA	0	NA	0	104.036
262	18	11	21.928	16.527	0	2	55	4.9	2.937	NA	0.272	NA	9.462	9.462
263	18	12	21.839	16.527	0	2	37	4.989	2.901	NA	0.089	NA	180	170.538
264	18	13	21.527	16.929	0	2	93	5.498	2.414	NA	0.509	NA	127.875	-52.125
265	19	1	22.955	15.188	0	2	55	0	0	NA	NA	NA	NA	NA
266	19	2	22.955	15.188	0	2	18	0	0	NA	0	NA	0	NA
267	19	3	22.91	15.188	0	2	27	0.045	0.045	NA	0.045	NA	180	180
268	19	4	23	15.456	0	2	18	0.327	0.272	NA	0.282	NA	71.565	-108.435
269	19	5	22.732	16.081	0	2	9	1.007	0.92	NA	0.68	NA	113.199	41.634
270	19	6	22.241	15.858	0	2	9	1.546	0.979	NA	0.539	NA	-155.556	91.245
271	19	7	22.419	15.947	0	2	46	1.746	0.929	NA	0.2	NA	26.565	-177.879
272	19	8	22.33	15.858	0	2	37	1.872	0.916	NA	0.126	NA	-135	-161.565
273	19	9	21.928	16.036	0	2	27	2.312	1.332	NA	0.44	NA	156.038	-68.962
274	19	10	22.152	16.17	0	2	0	2.572	1.269	NA	0.26	NA	30.964	-125.074
275	19	11	22.062	17.107	0	2	111	3.514	2.117	NA	0.942	NA	95.44	64.477
276	19	12	21.973	17.063	0	2	83	3.613	2.116	NA	0.1	NA	-153.435	111.125
277	19	13	21.616	16.929	0	2	74	3.995	2.196	NA	0.381	NA	-159.444	-6.009
278	19	14	21.661	17.375	0	2	65	4.443	2.542	NA	0.449	NA	84.289	-116.267
279	19	15	21.705	17.331	0	2	139	4.507	2.481	NA	0.063	NA	-45	-129.289
280	19	16	21.705	17.286	0	2	37	4.551	2.442	NA	0.045	NA	-90	-45
281	19	17	21.928	16.974	0	2	83	4.935	2.06	NA	0.384	NA	-54.462	35.538
282	19	18	22.152	17.063	0	2	18	5.176	2.04	NA	0.24	NA	21.801	76.264
283	19	19	21.884	17.152	0	2	65	5.458	2.237	NA	0.282	NA	161.565	139.764
284	19	20	22.018	17.063	0	2	46	5.619	2.096	NA	0.161	NA	-33.69	164.745
285	19	21	22.107	17.107	0	2	121	5.719	2.098	NA	0.1	NA	26.565	60.255
286	19	22	22.107	17.197	0	2	93	5.808	2.18	NA	0.089	NA	90	63.435
287	20	1	23.892	20.545	0	2	102	0	0	NA	NA	NA	NA	NA
288	20	2	24.562	20.589	0	2	121	0.671	0.671	NA	0.671	NA	3.814	NA
289	20	3	24.562	20.589	0	2	223	0.671	0.671	NA	0	NA	0	-3.814
290	20	4	24.919	20.5	0	2	93	1.039	1.028	NA	0.368	NA	-14.036	-14.036
291	20	5	25.142	20.143	0	2	255	1.46	1.313	NA	0.421	NA	-57.995	-43.958
292	20	6	25.366	20.098	0	2	195	1.688	1.539	NA	0.228	NA	-11.31	46.685
293	20	7	25.098	20.009	0	2	242	1.97	1.319	NA	0.282	NA	-161.565	-150.255
294	20	8	25.142	20.009	0	2	251	2.015	1.36	NA	0.045	NA	0	161.565
295	20	9	25.187	20.098	0	2	167	2.115	1.369	NA	0.1	NA	63.435	63.435
296	20	10	25.544	19.652	0	2	255	2.686	1.877	NA	0.572	NA	-51.34	-114.775
297	20	11	25.499	19.741	0	2	255	2.786	1.797	NA	0.1	NA	116.565	167.905
298	20	12	25.455	19.786	0	2	177	2.849	1.737	NA	0.063	NA	135	18.435
299	20	13	25.098	19.786	0	2	205	3.206	1.424	NA	0.357	NA	180	45
300	20	14	24.83	19.964	0	2	186	3.528	1.102	NA	0.322	NA	146.31	-33.69
301	20	15	24.517	19.83	0	2	223	3.868	0.949	NA	0.34	NA	-156.801	56.889
302	20	16	24.473	20.143	0	2	214	4.184	0.706	NA	0.316	NA	98.13	-105.068
303	20	17	24.116	20.411	0	2	177	4.63	0.26	NA	0.446	NA	143.13	45
304	20	18	24.205	20.589	0	2	111	4.83	0.316	NA	0.2	NA	63.435	-79.695
305	20	19	23.803	20.723	0	2	55	5.253	0.2	NA	0.423	NA	161.565	98.13
306	20	20	23.803	20.902	0	2	27	5.432	0.368	NA	0.179	NA	90	-71.565
307	20	21	23.357	20.857	0	2	55	5.88	0.62	NA	0.449	NA	-174.289	95.711
308	20	22	22.821	20.098	0	2	111	6.809	1.161	NA	0.929	NA	-125.218	49.072
309	20	23	23.312	19.518	0	2	177	7.569	1.179	NA	0.76	NA	-49.764	75.454
310	20	24	23.714	19.607	0	2	102	7.981	0.954	NA	0.412	NA	12.529	62.292
311	20	25	23.892	19.652	0	2	158	8.165	0.893	NA	0.184	NA	14.036	1.507
312	20	26	23.848	19.964	0	2	177	8.481	0.582	NA	0.316	NA	98.13	84.094
313	20	27	24.205	20.232	0	2	233	8.927	0.442	NA	0.446	NA	36.87	-61.26
314	20	28	24.428	19.964	0	2	139	9.276	0.79	NA	0.349	NA	-50.194	-87.064
315	20	29	24.517	19.964	0	2	139	9.365	0.853	NA	0.089	NA	0	50.194
316	20	30	23.803	19.161	0	2	195	10.44	1.387	NA	1.075	NA	-131.634	-131.634
317	20	31	22.777	18.848	0	2	205	11.513	2.03	NA	1.073	NA	-163.072	-31.439
318	20	32	22.553	18.759	0	2	205	11.754	2.232	NA	0.24	NA	-158.199	4.874
319	20	33	22.196	18.223	0	2	177	12.397	2.875	NA	0.644	NA	-123.69	34.509
320	20	34	22.107	18.179	0	2	83	12.497	2.964	NA	0.1	NA	-153.435	-29.745
321	20	35	21.973	18.313	0	2	177	12.687	2.944	NA	0.189	NA	135	-71.565
322	20	36	22.018	18.313	0	2	121	12.731	2.915	NA	0.045	NA	0	-135
323	20	37	22.152	18.491	0	2	158	12.954	2.692	NA	0.223	NA	53.13	53.13
324	20	38	22.241	18.491	0	2	139	13.044	2.635	NA	0.089	NA	0	-53.13
325	20	39	22.285	18.536	0	2	158	13.107	2.572	NA	0.063	NA	45	45
326	20	40	22.866	18.223	0	2	65	13.766	2.538	NA	0.659	NA	-28.301	-73.301
327	20	41	22.509	18.313	0	2	102	14.134	2.626	NA	0.368	NA	165.964	-165.735
328	20	42	22.509	18.134	0	2	102	14.312	2.779	NA	0.179	NA	-90	104.036
329	20	43	22.464	18.045	0	2	130	14.412	2.879	NA	0.1	NA	-116.565	-26.565
330	20	44	22.464	18.045	0	2	102	14.412	2.879	NA	0	NA	0	116.565
331	20	45	22.419	17.554	0	2	139	14.905	3.334	NA	0.493	NA	-95.194	-95.194
332	20	46	22.419	17.554	0	2	102	14.905	3.334	NA	0	NA	0	95.194
333	20	47	22.419	18.179	0	2	27	15.53	2.787	NA	0.625	NA	90	90
334	20	48	22.509	18	0	2	55	15.73	2.896	NA	0.2	NA	-63.435	-153.435
335	20	49	22.821	18	0	2	111	16.042	2.761	NA	0.312	NA	0	63.435
336	20	50	22.866	18	0	2	130	16.087	2.744	NA	0.045	NA	0	0
337	21	1	25.633	17.018	0	2	167	0	0	NA	NA	NA	NA	NA
338	21	2	25.767	17.018	0	2	93	0.134	0.134	NA	0.134	NA	0	NA
339	21	3	25.678	16.661	0	2	111	0.502	0.36	NA	0.368	NA	-104.036	-104.036
340	21	4	25.946	16.795	0	2	83	0.801	0.384	NA	0.299	NA	26.565	130.601
341	21	5	26.214	16.84	0	2	65	1.073	0.607	NA	0.272	NA	9.462	-17.103
342	21	6	26.303	16.661	0	2	102	1.273	0.759	NA	0.2	NA	-63.435	-72.897
343	21	7	26.303	16.661	0	2	158	1.273	0.759	NA	0	NA	0	63.435
344	21	8	26.08	16.527	0	2	158	1.533	0.664	NA	0.26	NA	-149.036	-149.036
345	21	9	26.258	16.304	0	2	130	1.819	0.949	NA	0.286	NA	-51.34	97.696
346	21	10	26.169	16.215	0	2	121	1.945	0.966	NA	0.126	NA	-135	-83.66
347	21	11	26.169	16.215	0	2	149	1.945	0.966	NA	0	NA	0	135
348	21	12	26.214	16.259	0	2	74	2.008	0.955	NA	0.063	NA	45	45
349	21	13	26.258	16.17	0	2	121	2.108	1.053	NA	0.1	NA	-63.435	-108.435
350	21	14	26.258	16.17	0	2	74	2.108	1.053	NA	0	NA	0	63.435
351	21	15	26.214	16.081	0	2	65	2.208	1.102	NA	0.1	NA	-116.565	-116.565
352	21	16	26.214	15.768	0	2	65	2.52	1.378	NA	0.312	NA	-90	26.565
353	21	17	26.214	15.858	0	2	83	2.609	1.298	NA	0.089	NA	90	180
354	21	18	26.214	16.125	0	2	149	2.877	1.065	NA	0.268	NA	90	0
355	21	19	26.214	16.304	0	2	65	3.056	0.92	NA	0.179	NA	90	0
356	21	20	26.035	16.75	0	2	121	3.537	0.483	NA	0.481	NA	111.801	21.801
357	21	21	25.678	19.161	0	2	214	5.973	2.143	NA	2.437	NA	98.427	-13.374
358	21	22	26.258	19.83	0	2	83	6.859	2.881	NA	0.886	NA	49.086	-49.341
359	21	23	26.66	20.366	0	2	83	7.529	3.502	NA	0.67	NA	53.13	4.044
360	21	24	26.66	20.366	0	2	93	7.529	3.502	NA	0	NA	0	-53.13
361	21	25	26.437	20.411	0	2	130	7.757	3.486	NA	0.228	NA	168.69	168.69
362	21	26	26.437	20.411	0	2	65	7.757	3.486	NA	0	NA	0	-168.69
363	21	27	23.892	21.571	0	2	102	10.553	4.875	NA	2.797	NA	155.48	155.48
364	21	28	22.375	22.509	0	2	121	12.337	6.385	NA	1.784	NA	148.299	-7.182
365	21	29	21.973	23.446	0	2	83	13.357	7.397	NA	1.02	NA	113.199	-35.1
366	22	1	28.044	18.804	0	2	65	0	0	NA	NA	NA	NA	NA
367	22	2	28.044	18.581	0	2	74	0.223	0.223	NA	0.223	NA	-90	NA
368	22	3	28.222	18.536	0	2	121	0.407	0.322	NA	0.184	NA	-14.036	75.964
369	22	4	28.401	18.536	0	2	93	0.586	0.446	NA	0.179	NA	0	14.036
370	22	5	28.49	18.402	0	2	65	0.747	0.601	NA	0.161	NA	-56.31	-56.31
371	22	6	28.49	18.268	0	2	111	0.881	0.697	NA	0.134	NA	-90	-33.69
372	22	7	28.579	18.223	0	2	111	0.98	0.79	NA	0.1	NA	-26.565	63.435
373	22	8	28.981	18.045	0	2	46	1.42	1.206	NA	0.44	NA	-23.962	2.603
374	22	9	28.356	17.822	0	2	18	2.084	1.031	NA	0.664	NA	-160.346	-136.384
375	22	10	28.312	18.179	0	2	37	2.444	0.68	NA	0.36	NA	97.125	-102.529
376	22	11	28.758	18.134	0	2	55	2.892	0.979	NA	0.449	NA	-5.711	-102.836
377	22	12	28.535	18.09	0	2	37	3.12	0.867	NA	0.228	NA	-168.69	-162.979
378	22	13	28.535	18.09	0	2	9	3.12	0.867	NA	0	NA	0	168.69
379	22	14	28.133	18.402	0	2	37	3.629	0.412	NA	0.509	NA	142.125	142.125
380	22	15	28.133	18.67	0	2	18	3.897	0.161	NA	0.268	NA	90	-52.125
381	22	16	28.133	18.804	0	2	18	4.03	0.089	NA	0.134	NA	90	0
382	22	17	28.579	18.536	0	2	46	4.551	0.599	NA	0.521	NA	-30.964	-120.964
383	23	1	28.981	17.777	0	2	46	0	0	NA	NA	NA	NA	NA
384	23	2	29.026	17.509	0	2	55	0.272	0.272	NA	0.272	NA	-80.538	NA
385	23	3	28.758	17.599	0	2	55	0.554	0.286	NA	0.282	NA	161.565	-117.897
386	23	4	28.803	17.643	0	2	65	0.617	0.223	NA	0.063	NA	45	-116.565
387	23	5	28.535	18.045	0	2	74	1.1	0.521	NA	0.483	NA	123.69	78.69
388	23	6	28.669	17.599	0	2	130	1.566	0.36	NA	0.466	NA	-73.301	163.009
389	23	7	28.579	17.331	0	2	55	1.848	0.601	NA	0.282	NA	-108.435	-35.134
390	23	8	28.847	17.732	0	2	37	2.331	0.141	NA	0.483	NA	56.31	164.745
391	23	9	29.07	16.616	0	2	37	3.469	1.164	NA	1.138	NA	-78.69	-135
392	23	10	29.249	16.17	0	2	18	3.95	1.629	NA	0.481	NA	-68.199	10.491
393	23	11	28.222	14.518	0	2	9	5.894	3.346	NA	1.945	NA	-121.866	-53.667
394	23	12	28.49	14.652	0	2	9	6.194	3.163	NA	0.299	NA	26.565	148.431
395	23	13	28.222	14.161	0	2	46	6.753	3.694	NA	0.559	NA	-118.61	-145.176
396	23	14	28.535	14.295	0	2	37	7.093	3.51	NA	0.34	NA	23.199	141.809
397	23	15	28.49	14.34	0	2	37	7.156	3.472	NA	0.063	NA	135	111.801
398	23	16	28.535	14.474	0	2	111	7.297	3.333	NA	0.141	NA	71.565	-63.435
399	23	17	28.669	14.563	0	2	0	7.458	3.229	NA	0.161	NA	33.69	-37.875
400	23	18	28.847	15.456	0	2	37	8.369	2.325	NA	0.91	NA	78.69	45
401	23	19	29.338	15.143	0	2	37	8.951	2.658	NA	0.582	NA	-32.471	-111.161
402	23	20	29.16	13.983	0	2	18	10.125	3.798	NA	1.174	NA	-98.746	-66.275
403	23	21	28.669	12.197	0	2	18	11.977	5.588	NA	1.852	NA	-105.376	-6.63
404	24	1	26.08	16.259	0	2	27	0	0	NA	NA	NA	NA	NA
405	24	2	27.374	17.732	0	2	27	1.961	1.961	NA	1.961	NA	48.691	NA
406	24	3	27.106	18.402	0	2	18	2.682	2.376	NA	0.721	NA	111.801	63.11
407	24	4	27.106	18.402	0	2	55	2.682	2.376	NA	0	NA	0	-111.801
408	24	5	27.106	18.402	0	2	130	2.682	2.376	NA	0	NA	0	0
409	24	6	27.106	18.402	0	2	46	2.682	2.376	NA	0	NA	0	0
410	24	7	27.106	18.402	0	2	46	2.682	2.376	NA	0	NA	0	0
411	24	8	27.062	18.134	0	2	130	2.954	2.116	NA	0.272	NA	-99.462	-99.462
412	24	9	27.597	18.536	0	2	37	3.623	2.736	NA	0.67	NA	36.87	136.332
413	24	10	28.401	18.313	0	2	102	4.457	3.099	NA	0.834	NA	-15.524	-52.394
414	24	11	28.579	18.268	0	2	102	4.641	3.207	NA	0.184	NA	-14.036	1.488
415	24	12	28.847	18.313	0	2	55	4.913	3.446	NA	0.272	NA	9.462	23.499
416	24	13	29.383	17.688	0	2	18	5.736	3.599	NA	0.823	NA	-49.399	-58.861
417	24	14	29.204	17.643	0	2	65	5.92	3.417	NA	0.184	NA	-165.964	-116.565
418	24	15	29.383	17.465	0	2	46	6.172	3.516	NA	0.253	NA	-45	120.964
419	24	16	29.428	18.313	0	2	9	7.022	3.927	NA	0.849	NA	86.987	131.987
420	24	17	28.758	16.884	0	2	18	8.599	2.75	NA	1.578	NA	-115.115	157.898
421	25	1	26.526	14.876	0	2	55	0	0	NA	NA	NA	NA	NA
422	25	2	28.267	17.331	0	2	37	3.01	3.01	NA	3.01	NA	54.66	NA
423	25	3	28.356	17.643	0	2	9	3.335	3.318	NA	0.325	NA	74.055	19.395
424	25	4	28.222	17.688	0	2	102	3.476	3.284	NA	0.141	NA	161.565	87.51
425	25	5	27.955	17.509	0	2	65	3.798	2.996	NA	0.322	NA	-146.31	52.125
426	25	6	28.088	17.554	0	2	65	3.939	3.101	NA	0.141	NA	18.435	164.745
427	25	7	28.267	17.107	0	2	55	4.42	2.831	NA	0.481	NA	-68.199	-86.634
428	25	8	28.088	17.331	0	2	74	4.705	2.91	NA	0.286	NA	128.66	-163.142
429	25	9	28.088	17.465	0	2	55	4.839	3.024	NA	0.134	NA	90	-38.66
430	25	10	28.088	17.554	0	2	27	4.929	3.101	NA	0.089	NA	90	0
431	25	11	28.178	17.331	0	2	27	5.169	2.959	NA	0.24	NA	-68.199	-158.199
432	25	12	28.088	17.331	0	2	74	5.258	2.91	NA	0.089	NA	180	-111.801
433	25	13	28.088	17.331	0	2	37	5.258	2.91	NA	0	NA	0	-180
434	25	14	28.267	17.063	0	2	55	5.58	2.795	NA	0.322	NA	-56.31	-56.31
435	25	15	28.535	16.527	0	2	74	6.179	2.601	NA	0.599	NA	-63.435	-7.125
436	25	16	28.401	17.018	0	2	46	6.688	2.847	NA	0.509	NA	105.255	168.69
437	25	17	28.535	16.974	0	2	46	6.829	2.905	NA	0.141	NA	-18.435	-123.69
438	25	18	28.446	16.75	0	2	65	7.07	2.683	NA	0.24	NA	-111.801	-93.366
439	25	19	28.401	17.018	0	2	111	7.341	2.847	NA	0.272	NA	99.462	-148.736
440	25	20	28.401	17.018	0	2	93	7.341	2.847	NA	0	NA	0	-99.462
441	26	1	22.152	21.348	0	2	55	0	0	NA	NA	NA	NA	NA
442	26	2	22.464	21.75	0	2	46	0.509	0.509	NA	0.509	NA	52.125	NA
443	26	3	22.553	21.75	0	2	37	0.598	0.568	NA	0.089	NA	0	-52.125
444	26	4	22.285	21.794	0	2	139	0.87	0.466	NA	0.272	NA	170.538	170.538
445	26	5	22.33	21.839	0	2	167	0.933	0.522	NA	0.063	NA	45	-125.538
446	26	6	22.285	21.884	0	2	93	0.996	0.552	NA	0.063	NA	135	90
447	26	7	22.464	21.884	0	2	37	1.175	0.62	NA	0.179	NA	0	-135
448	26	8	22.419	21.884	0	2	111	1.219	0.599	NA	0.045	NA	180	180
449	26	9	22.464	21.884	0	2	121	1.264	0.62	NA	0.045	NA	0	-180
450	26	10	22.33	21.839	0	2	111	1.405	0.522	NA	0.141	NA	-161.565	-161.565
451	26	11	22.33	21.839	0	2	65	1.405	0.522	NA	0	NA	0	161.565
452	26	12	22.375	21.437	0	2	158	1.809	0.24	NA	0.404	NA	-83.66	-83.66
453	26	13	22.375	21.437	0	2	93	1.809	0.24	NA	0	NA	0	83.66
454	26	14	22.777	21.259	0	2	111	2.249	0.631	NA	0.44	NA	-23.962	-23.962
455	26	15	22.821	21.303	0	2	83	2.312	0.671	NA	0.063	NA	45	68.962
456	26	16	22.598	21.661	0	2	65	2.733	0.545	NA	0.421	NA	122.005	77.005
457	26	17	22.598	21.482	0	2	37	2.912	0.466	NA	0.179	NA	-90	147.995
458	26	18	22.821	21.303	0	2	149	3.197	0.671	NA	0.286	NA	-38.66	51.34
459	26	19	22.821	21.303	0	2	139	3.197	0.671	NA	0	NA	0	38.66
460	27	1	22.241	22.375	0	2	46	0	0	NA	NA	NA	NA	NA
461	27	2	21.794	22.553	0	2	130	0.481	0.481	NA	0.481	NA	158.199	NA
462	27	3	21.75	22.955	0	2	111	0.885	0.76	NA	0.404	NA	96.34	-61.858
463	27	4	21.527	23.312	0	2	121	1.306	1.178	NA	0.421	NA	122.005	25.665
464	27	5	21.482	23.625	0	2	93	1.622	1.462	NA	0.316	NA	98.13	-23.875
465	27	6	21.482	23.669	0	2	102	1.666	1.501	NA	0.045	NA	90	-8.13
466	27	7	22.018	23.669	0	2	55	2.202	1.314	NA	0.536	NA	0	-90
467	27	8	21.839	23.669	0	2	65	2.381	1.355	NA	0.179	NA	180	180
468	27	9	22.777	23.937	0	2	37	3.355	1.652	NA	0.975	NA	15.945	-164.055
469	28	1	19.83	13.492	0	2	46	0	0	NA	NA	NA	NA	NA
470	28	2	19.786	13.581	0	2	27	0.1	0.1	NA	0.1	NA	116.565	NA
471	28	3	19.83	13.492	0	2	74	0.2	0	NA	0.1	NA	-63.435	-180
472	28	4	19.83	13.447	0	2	74	0.244	0.045	NA	0.045	NA	-90	-26.565
473	28	5	19.696	13.536	0	2	65	0.405	0.141	NA	0.161	NA	146.31	-123.69
474	28	6	19.696	13.67	0	2	18	0.539	0.223	NA	0.134	NA	90	-56.31
475	28	7	19.786	13.849	0	2	55	0.739	0.36	NA	0.2	NA	63.435	-26.565
476	28	8	19.83	13.849	0	2	27	0.783	0.357	NA	0.045	NA	0	-63.435
477	29	1	18.759	17.822	0	2	46	0	0	NA	NA	NA	NA	NA
478	29	2	17.956	18.581	0	2	18	1.105	1.105	NA	1.105	NA	136.637	NA
479	29	3	17.599	18.581	0	2	37	1.462	1.387	NA	0.357	NA	180	43.363
480	29	4	17.599	18.581	0	2	27	1.462	1.387	NA	0	NA	0	-180
481	29	5	17.599	18.581	0	2	27	1.462	1.387	NA	0	NA	0	0
482	29	6	17.688	18.581	0	2	27	1.552	1.313	NA	0.089	NA	0	0
483	29	7	17.688	18.581	0	2	65	1.552	1.313	NA	0	NA	0	0
484	29	8	17.688	18.581	0	2	46	1.552	1.313	NA	0	NA	0	0
485	29	9	17.732	18.625	0	2	9	1.615	1.304	NA	0.063	NA	45	45
486	29	10	17.643	18.804	0	2	18	1.814	1.487	NA	0.2	NA	116.565	71.565
487	29	11	17.643	18.804	0	2	27	1.814	1.487	NA	0	NA	0	-116.565
488	29	12	17.554	18.804	0	2	46	1.904	1.555	NA	0.089	NA	180	180
489	29	13	17.732	18.67	0	2	18	2.127	1.332	NA	0.223	NA	-36.87	143.13
490	29	14	17.331	18.491	0	2	55	2.566	1.578	NA	0.44	NA	-156.038	-119.168
491	29	15	17.331	18.491	0	2	18	2.566	1.578	NA	0	NA	0	156.038
492	29	16	17.331	18.536	0	2	37	2.611	1.597	NA	0.045	NA	90	90
493	29	17	17.643	18.536	0	2	37	2.924	1.325	NA	0.312	NA	0	-90
494	29	18	17.732	18.447	0	2	37	3.05	1.202	NA	0.126	NA	-45	-45
495	30	1	10.323	27.062	0	2	18	0	0	NA	NA	NA	NA	NA
496	30	2	9.43	27.151	0	2	0	0.897	0.897	NA	0.897	NA	174.289	NA
497	30	3	9.34	26.571	0	2	0	1.484	1.098	NA	0.587	NA	-98.746	86.964
498	30	4	9.34	26.571	0	2	0	1.484	1.098	NA	0	NA	0	98.746
499	30	5	10.144	26.615	0	2	9	2.289	0.481	NA	0.805	NA	3.18	3.18
500	30	6	10.189	26.08	0	2	0	2.827	0.991	NA	0.538	NA	-85.236	-88.416
501	30	7	10.233	26.035	0	2	0	2.89	1.031	NA	0.063	NA	-45	40.236
502	30	8	9.608	26.08	0	2	18	3.516	1.214	NA	0.627	NA	175.914	-139.086
503	30	9	9.698	26.303	0	2	0	3.757	0.983	NA	0.24	NA	68.199	-107.716
504	30	10	9.519	26.303	0	2	9	3.935	1.105	NA	0.179	NA	180	111.801
505	30	11	9.564	26.303	0	2	0	3.98	1.073	NA	0.045	NA	0	-180
506	30	12	9.207	26.303	0	2	18	4.337	1.35	NA	0.357	NA	180	180
507	30	13	9.742	26.437	0	2	9	4.889	0.853	NA	0.552	NA	14.036	-165.964
508	30	14	10.501	26.615	0	2	0	5.669	0.481	NA	0.78	NA	13.241	-0.796
509	30	15	10.189	26.214	0	2	9	6.178	0.859	NA	0.509	NA	-127.875	-141.116
510	30	16	9.519	26.481	0	2	9	6.899	0.991	NA	0.721	NA	158.199	-73.926
511	30	17	9.43	26.526	0	2	0	6.999	1.041	NA	0.1	NA	153.435	-4.764
512	30	18	9.251	26.526	0	2	0	7.177	1.198	NA	0.179	NA	180	26.565
513	31	1	4.654	22.196	0	2	0	0	0	NA	NA	NA	NA	NA
514	31	2	5.814	21.884	0	2	0	1.202	1.202	NA	1.202	NA	-15.068	NA
515	31	3	5.859	21.214	0	2	0	1.873	1.555	NA	0.671	NA	-86.186	-71.117
516	31	4	5.993	21.125	0	2	0	2.034	1.715	NA	0.161	NA	-33.69	52.496
517	31	5	5.903	21.036	0	2	9	2.16	1.706	NA	0.126	NA	-135	-101.31
518	31	6	6.037	20.991	0	2	18	2.301	1.835	NA	0.141	NA	-18.435	116.565
519	31	7	5.993	21.214	0	2	0	2.529	1.661	NA	0.228	NA	101.31	119.745
520	31	8	6.439	20.232	0	2	9	3.608	2.654	NA	1.079	NA	-65.556	-166.866
521	32	1	15.277	11.394	0	2	27	0	0	NA	NA	NA	NA	NA
522	32	2	15.411	11.706	0	2	102	0.34	0.34	NA	0.34	NA	66.801	NA
523	32	3	15.724	11.572	0	2	37	0.68	0.481	NA	0.34	NA	-23.199	-90
524	32	4	15.679	11.572	0	2	27	0.725	0.44	NA	0.045	NA	180	-156.801
525	32	5	15.947	11.394	0	2	46	1.046	0.67	NA	0.322	NA	-33.69	146.31
526	32	6	15.947	10.903	0	2	55	1.537	0.83	NA	0.491	NA	-90	-56.31
527	32	7	16.081	10.814	0	2	55	1.698	0.991	NA	0.161	NA	-33.69	56.31
528	32	8	16.527	10.814	0	2	27	2.145	1.378	NA	0.446	NA	0	33.69
529	32	9	16.75	10.412	0	2	0	2.604	1.77	NA	0.46	NA	-60.945	-60.945
530	32	10	16.661	10.412	0	2	65	2.694	1.697	NA	0.089	NA	180	-119.055
531	32	11	16.661	10.546	0	2	55	2.828	1.623	NA	0.134	NA	90	-90
532	32	12	16.527	10.68	0	2	27	3.017	1.44	NA	0.189	NA	135	45
533	32	13	16.616	10.769	0	2	65	3.143	1.478	NA	0.126	NA	45	-90
534	32	14	16.84	10.635	0	2	65	3.403	1.737	NA	0.26	NA	-30.964	-75.964
535	32	15	16.483	10.59	0	2	55	3.763	1.448	NA	0.36	NA	-172.875	-141.911
536	32	16	15.143	11.305	0	2	65	5.281	0.161	NA	1.518	NA	151.928	-35.198
537	32	17	15.545	10.903	0	2	18	5.849	0.559	NA	0.568	NA	-45	163.072
538	32	18	15.099	11.572	0	2	55	6.654	0.253	NA	0.805	NA	123.69	168.69
539	32	19	15.143	11.617	0	2	18	6.717	0.26	NA	0.063	NA	45	-78.69
540	32	20	15.143	11.617	0	2	46	6.717	0.26	NA	0	NA	0	-45
541	32	21	15.322	11.394	0	2	37	7.003	0.045	NA	0.286	NA	-51.34	-51.34
542	32	22	15.545	11.037	0	2	65	7.424	0.446	NA	0.421	NA	-57.995	-6.654
543	32	23	15.501	11.081	0	2	65	7.487	0.384	NA	0.063	NA	135	-167.005
544	32	24	15.679	10.992	0	2	18	7.687	0.568	NA	0.2	NA	-26.565	-161.565
545	32	25	15.634	10.814	0	2	55	7.871	0.681	NA	0.184	NA	-104.036	-77.471
546	33	1	12.197	6.662	0	2	18	0	0	NA	NA	NA	NA	NA
547	33	2	11.394	6.707	0	2	55	0.805	0.805	NA	0.805	NA	176.82	NA
548	33	3	11.081	6.885	0	2	0	1.165	1.138	NA	0.36	NA	150.255	-26.565
549	33	4	11.215	6.841	0	2	46	1.306	0.998	NA	0.141	NA	-18.435	-168.69
550	33	5	11.349	6.841	0	2	55	1.44	0.867	NA	0.134	NA	0	18.435
551	33	6	11.483	6.841	0	2	18	1.574	0.736	NA	0.134	NA	0	0
552	33	7	11.26	6.93	0	2	9	1.814	0.975	NA	0.24	NA	158.199	158.199
553	33	8	11.171	7.109	0	2	37	2.014	1.12	NA	0.2	NA	116.565	-41.634
554	33	9	11.305	7.064	0	2	37	2.155	0.979	NA	0.141	NA	-18.435	-135
555	33	10	11.349	7.064	0	2	37	2.199	0.938	NA	0.045	NA	0	18.435
556	33	11	11.215	7.064	0	2	27	2.333	1.061	NA	0.134	NA	180	180
557	33	12	11.438	7.109	0	2	65	2.561	0.88	NA	0.228	NA	11.31	-168.69
558	33	13	11.438	7.109	0	2	18	2.561	0.88	NA	0	NA	0	-11.31
559	33	14	11.706	7.019	0	2	46	2.843	0.607	NA	0.282	NA	-18.435	-18.435
560	33	15	11.706	7.019	0	2	102	2.843	0.607	NA	0	NA	0	18.435
561	33	16	11.796	6.93	0	2	18	2.969	0.483	NA	0.126	NA	-45	-45
562	33	17	11.751	6.841	0	2	0	3.069	0.481	NA	0.1	NA	-116.565	-71.565
563	33	18	11.796	6.394	0	2	18	3.518	0.483	NA	0.449	NA	-84.289	32.276
564	33	19	12.153	6.618	0	2	18	3.939	0.063	NA	0.421	NA	32.005	116.295
565	33	20	11.84	6.439	0	2	9	4.299	0.421	NA	0.36	NA	-150.255	177.739
566	33	21	11.706	6.796	0	2	18	4.68	0.509	NA	0.381	NA	110.556	-99.189
567	33	22	12.019	6.751	0	2	0	4.996	0.2	NA	0.316	NA	-8.13	-118.686
568	33	23	11.84	6.573	0	2	27	5.248	0.368	NA	0.253	NA	-135	-126.87
569	34	1	12.465	10.903	0	2	27	0	0	NA	NA	NA	NA	NA
570	34	2	12.465	10.903	0	2	27	0	0	NA	0	NA	0	NA
571	34	3	12.465	10.903	0	2	37	0	0	NA	0	NA	0	0
572	34	4	12.688	10.903	0	2	27	0.223	0.223	NA	0.223	NA	0	0
573	34	5	12.912	10.903	0	2	37	0.446	0.446	NA	0.223	NA	0	0
574	34	6	13.001	10.903	0	2	37	0.536	0.536	NA	0.089	NA	0	0
575	34	7	12.956	10.903	0	2	27	0.58	0.491	NA	0.045	NA	180	180
576	34	8	12.956	10.903	0	2	18	0.58	0.491	NA	0	NA	0	-180
577	34	9	12.733	10.903	0	2	37	0.803	0.268	NA	0.223	NA	180	180
578	34	10	12.956	10.903	0	2	27	1.027	0.491	NA	0.223	NA	0	-180
579	34	11	12.688	10.858	0	2	37	1.298	0.228	NA	0.272	NA	-170.538	-170.538
580	34	12	12.688	10.858	0	2	9	1.298	0.228	NA	0	NA	0	170.538
581	34	13	12.688	10.724	0	2	18	1.432	0.286	NA	0.134	NA	-90	-90
582	34	14	12.778	10.724	0	2	9	1.521	0.36	NA	0.089	NA	0	90
583	34	15	12.778	10.412	0	2	0	1.834	0.582	NA	0.312	NA	-90	-90
584	34	16	12.778	10.412	0	2	9	1.834	0.582	NA	0	NA	0	90
585	34	17	13.001	10.367	0	2	55	2.061	0.758	NA	0.228	NA	-11.31	-11.31
586	34	18	13.09	10.367	0	2	46	2.151	0.823	NA	0.089	NA	0	11.31
587	34	19	13.045	10.412	0	2	55	2.214	0.76	NA	0.063	NA	135	135
588	34	20	13.492	10.412	0	2	46	2.66	1.138	NA	0.446	NA	0	-135
589	34	21	13.536	10.412	0	2	0	2.705	1.178	NA	0.045	NA	0	0
590	35	1	13.135	14.831	0	2	46	0	0	NA	NA	NA	NA	NA
591	35	2	13.224	14.697	0	2	37	0.161	0.161	NA	0.161	NA	-56.31	NA
592	35	3	13.179	14.563	0	2	18	0.302	0.272	NA	0.141	NA	-108.435	-52.125
593	35	4	13.179	14.563	0	2	27	0.302	0.272	NA	0	NA	0	108.435
594	35	5	13.179	14.563	0	2	9	0.302	0.272	NA	0	NA	0	0
595	35	6	13.179	14.563	0	2	27	0.302	0.272	NA	0	NA	0	0
596	35	7	13.179	14.385	0	2	18	0.481	0.449	NA	0.179	NA	-90	-90
597	35	8	13.224	14.295	0	2	27	0.58	0.543	NA	0.1	NA	-63.435	26.565
598	35	9	13.313	13.983	0	2	37	0.905	0.867	NA	0.325	NA	-74.055	-10.62
599	35	10	13.492	13.894	0	2	27	1.105	1.003	NA	0.2	NA	-26.565	47.49
600	35	11	13.492	13.894	0	2	9	1.105	1.003	NA	0	NA	0	26.565
601	36	1	21.616	20.589	0	2	37	0	0	NA	NA	NA	NA	NA
602	36	2	21.616	20.723	0	2	102	0.134	0.134	NA	0.134	NA	90	NA
603	36	3	21.884	20.723	0	2	18	0.402	0.299	NA	0.268	NA	0	-90
604	36	4	21.75	20.768	0	2	0	0.543	0.223	NA	0.141	NA	161.565	161.565
605	36	5	21.794	20.679	0	2	55	0.643	0.2	NA	0.1	NA	-63.435	135
606	36	6	21.75	21.036	0	2	74	1.003	0.466	NA	0.36	NA	97.125	160.56
607	36	7	21.839	20.589	0	2	65	1.458	0.223	NA	0.455	NA	-78.69	-175.815
608	36	8	21.705	20.589	0	2	55	1.592	0.089	NA	0.134	NA	180	-101.31
609	36	9	21.259	20.812	0	2	74	2.091	0.421	NA	0.499	NA	153.435	-26.565
610	36	10	21.393	20.902	0	2	55	2.252	0.384	NA	0.161	NA	33.69	-119.745
611	36	11	21.393	21.08	0	2	46	2.43	0.539	NA	0.179	NA	90	56.31
612	36	12	21.08	21.08	0	2	55	2.743	0.727	NA	0.312	NA	180	90
613	37	1	23.178	23	0	2	121	0	0	NA	NA	NA	NA	NA
614	37	2	22.419	23.535	0	2	149	0.929	0.929	NA	0.929	NA	144.782	NA
615	37	3	22.062	23.982	0	2	74	1.5	1.487	NA	0.572	NA	128.66	-16.123
616	37	4	21.884	24.026	0	2	74	1.685	1.652	NA	0.184	NA	165.964	37.304
617	37	5	21.884	24.026	0	2	37	1.685	1.652	NA	0	NA	0	-165.964
618	37	6	21.884	24.116	0	2	46	1.774	1.709	NA	0.089	NA	90	90
619	37	7	21.928	23.759	0	2	130	2.134	1.462	NA	0.36	NA	-82.875	-172.875
620	37	8	22.241	23.759	0	2	65	2.446	1.206	NA	0.312	NA	0	82.875
621	37	9	22.777	22.777	0	2	65	3.565	0.46	NA	1.119	NA	-61.39	-61.39
622	37	10	22.464	22.955	0	2	139	3.925	0.716	NA	0.36	NA	150.255	-148.355
623	37	11	22.598	23	0	2	102	4.066	0.58	NA	0.141	NA	18.435	-131.82
624	37	12	22.598	23	0	2	102	4.066	0.58	NA	0	NA	0	-18.435
625	37	13	22.732	22.866	0	2	102	4.255	0.466	NA	0.189	NA	-45	-45
626	37	14	22.821	22.866	0	2	93	4.344	0.381	NA	0.089	NA	0	45
627	37	15	22.866	22.643	0	2	130	4.572	0.475	NA	0.228	NA	-78.69	-78.69
628	37	16	22.509	23.357	0	2	102	5.371	0.759	NA	0.799	NA	116.565	-164.745
629	37	17	22.464	23	0	2	102	5.73	0.714	NA	0.36	NA	-97.125	146.31
630	37	18	22.464	23	0	2	158	5.73	0.714	NA	0	NA	0	97.125
631	37	19	22.464	23	0	2	130	5.73	0.714	NA	0	NA	0	0
632	37	20	22.643	23.401	0	2	55	6.17	0.67	NA	0.44	NA	66.038	66.038
633	37	21	22.687	23.357	0	2	74	6.233	0.607	NA	0.063	NA	-45	-111.038
634	37	22	23	23.178	0	2	111	6.593	0.253	NA	0.36	NA	-29.745	15.255
635	37	23	23.089	23.044	0	2	65	6.754	0.1	NA	0.161	NA	-56.31	-26.565
636	37	24	23.535	22.821	0	2	65	7.253	0.399	NA	0.499	NA	-26.565	29.745
637	37	25	23.223	22.777	0	2	83	7.569	0.228	NA	0.316	NA	-171.87	-145.305
638	37	26	23.714	22.553	0	2	83	8.108	0.697	NA	0.539	NA	-24.444	147.426
639	37	27	23.58	22.866	0	2	149	8.448	0.423	NA	0.34	NA	113.199	137.643
640	37	28	23.714	22.643	0	2	55	8.708	0.644	NA	0.26	NA	-59.036	-172.235
641	37	29	23.892	22.643	0	2	102	8.887	0.799	NA	0.179	NA	0	59.036
642	37	30	24.16	22.687	0	2	46	9.158	1.031	NA	0.272	NA	9.462	9.462
643	37	31	24.339	22.598	0	2	65	9.358	1.228	NA	0.2	NA	-26.565	-36.027
644	37	32	24.562	22.509	0	2	27	9.598	1.468	NA	0.24	NA	-21.801	4.764
645	37	33	24.339	22.107	0	2	74	10.058	1.464	NA	0.46	NA	-119.055	-97.253
646	37	34	24.517	22.107	0	2	93	10.237	1.609	NA	0.179	NA	0	119.055
647	37	35	24.651	22.152	0	2	102	10.378	1.7	NA	0.141	NA	18.435	18.435
648	38	1	23.268	19.295	0	2	55	0	0	NA	NA	NA	NA	NA
649	38	2	22.91	20.098	0	2	18	0.879	0.879	NA	0.879	NA	113.962	NA
650	38	3	23.134	19.875	0	2	27	1.195	0.596	NA	0.316	NA	-45	-158.962
651	38	4	23.312	19.875	0	2	37	1.373	0.582	NA	0.179	NA	0	45
652	38	5	23.357	20.054	0	2	0	1.558	0.764	NA	0.184	NA	75.964	75.964
653	38	6	23.312	19.92	0	2	27	1.699	0.627	NA	0.141	NA	-108.435	175.601
654	38	7	23.223	19.92	0	2	27	1.788	0.627	NA	0.089	NA	180	-71.565
655	38	8	23	19.384	0	2	18	2.368	0.282	NA	0.58	NA	-112.62	67.38
656	38	9	22.464	18.982	0	2	37	3.038	0.862	NA	0.67	NA	-143.13	-30.51
657	38	10	21.973	18.09	0	2	46	4.057	1.769	NA	1.019	NA	-118.811	24.319
658	39	1	10.501	21.036	0	2	0	0	0	NA	NA	NA	NA	NA
659	39	2	11.171	20.991	0	2	0	0.671	0.671	NA	0.671	NA	-3.814	NA
660	39	3	11.26	21.036	0	2	18	0.771	0.759	NA	0.1	NA	26.565	30.379
661	39	4	11.215	21.259	0	2	0	0.998	0.748	NA	0.228	NA	101.31	74.745
662	39	5	11.974	20.723	0	2	9	1.927	1.506	NA	0.929	NA	-35.218	-136.528
663	39	6	11.394	20.857	0	2	18	2.523	0.91	NA	0.596	NA	167.005	-157.777
664	39	7	9.787	21.303	0	2	9	4.191	0.763	NA	1.668	NA	164.476	-2.529
665	39	8	10.501	21.393	0	2	18	4.91	0.357	NA	0.72	NA	7.125	-157.351
666	39	9	11.081	20.991	0	2	9	5.616	0.582	NA	0.706	NA	-34.695	-41.82
667	39	10	12.197	21.259	0	2	18	6.764	1.711	NA	1.148	NA	13.496	48.191
