Nr	TID	PID	x [micron]	y [micron]	t [sec]	c [idx]	I [val]	Len [micron]	D2S [micron]	D2R [micron]	D2P [micron]	v [micron/sec]	? [deg]	?? [deg]
1	1	1	13.17	28.319	0	2	4	0	0	NA	NA	NA	NA	NA
2	1	2	13.045	27.696	0	2	0	0.636	0.636	NA	0.636	NA	-101.31	NA
3	1	3	13.045	27.758	0	2	0	0.698	0.575	NA	0.062	NA	90	-168.69
4	1	4	13.232	27.758	0	2	4	0.885	0.565	NA	0.187	NA	0	-90
5	1	5	13.295	27.758	0	2	0	0.947	0.575	NA	0.062	NA	0	0
6	1	6	13.17	28.194	0	2	4	1.401	0.125	NA	0.454	NA	105.945	105.945
7	1	7	13.544	28.07	0	2	4	1.796	0.45	NA	0.394	NA	-18.435	-124.38
8	1	8	13.544	28.007	0	2	0	1.858	0.487	NA	0.062	NA	-90	-71.565
9	1	9	13.482	28.007	0	2	0	1.92	0.441	NA	0.062	NA	180	-90
10	1	10	13.731	28.132	0	2	0	2.199	0.591	NA	0.279	NA	26.565	-153.435
11	1	11	14.043	28.194	0	2	0	2.517	0.882	NA	0.318	NA	11.31	-15.255
12	1	12	14.043	28.194	0	2	0	2.517	0.882	NA	0	NA	0	-11.31
13	1	13	14.105	28.257	0	2	9	2.605	0.937	NA	0.088	NA	45	45
14	1	14	14.666	28.194	0	2	0	3.17	1.501	NA	0.565	NA	-6.34	-51.34
15	1	15	14.541	28.194	0	2	4	3.294	1.377	NA	0.125	NA	180	-173.66
16	1	16	14.417	28.693	0	2	0	3.808	1.302	NA	0.514	NA	104.036	-75.964
17	1	17	14.728	28.506	0	2	4	4.172	1.57	NA	0.364	NA	-30.964	-135
18	1	18	14.666	28.444	0	2	4	4.26	1.501	NA	0.088	NA	-135	-104.036
19	1	19	15.04	28.444	0	2	4	4.634	1.874	NA	0.374	NA	0	135
20	1	20	14.978	28.381	0	2	0	4.722	1.809	NA	0.088	NA	-135	-135
21	1	21	15.102	28.381	0	2	4	4.847	1.934	NA	0.125	NA	0	135
22	1	22	15.29	28.194	0	2	4	5.112	2.123	NA	0.264	NA	-45	-45
23	1	23	15.227	28.194	0	2	0	5.174	2.061	NA	0.062	NA	180	-135
24	1	24	15.227	28.194	0	2	0	5.174	2.061	NA	0	NA	0	-180
25	2	1	22.771	28.444	0	2	0	0	0	NA	NA	NA	NA	NA
26	2	2	21.648	29.192	0	2	0	1.349	1.349	NA	1.349	NA	146.31	NA
27	2	3	20.028	29.13	0	2	0	2.971	2.827	NA	1.622	NA	-177.797	35.893
28	2	4	17.908	30.065	0	2	0	5.288	5.126	NA	2.317	NA	156.194	-26.009
29	2	5	17.97	29.878	0	2	0	5.485	5.01	NA	0.197	NA	-71.565	132.241
30	2	6	17.783	29.753	0	2	0	5.709	5.156	NA	0.225	NA	-146.31	-74.745
31	2	7	17.596	29.441	0	2	0	6.073	5.27	NA	0.364	NA	-120.964	25.346
32	2	8	17.16	29.254	0	2	4	6.548	5.669	NA	0.475	NA	-156.801	-35.838
33	2	9	15.227	29.254	0	2	0	8.48	7.587	NA	1.933	NA	180	-23.199
34	2	10	15.664	28.88	0	2	0	9.055	7.12	NA	0.575	NA	-40.601	139.399
35	2	11	15.664	28.88	0	2	0	9.055	7.12	NA	0	NA	0	40.601
36	2	12	15.664	28.88	0	2	0	9.055	7.12	NA	0	NA	0	0
37	2	13	15.664	28.943	0	2	0	9.118	7.125	NA	0.062	NA	90	90
38	2	14	15.664	28.943	0	2	9	9.118	7.125	NA	0	NA	0	-90
39	2	15	15.664	28.943	0	2	0	9.118	7.125	NA	0	NA	0	0
40	2	16	15.664	29.13	0	2	0	9.305	7.14	NA	0.187	NA	90	90
41	2	17	15.539	29.192	0	2	0	9.444	7.27	NA	0.139	NA	153.435	63.435
42	2	18	15.414	29.441	0	2	0	9.723	7.424	NA	0.279	NA	116.565	-36.87
43	2	19	15.539	29.441	0	2	0	9.847	7.3	NA	0.125	NA	0	-116.565
44	2	20	15.539	29.504	0	2	0	9.91	7.309	NA	0.062	NA	90	90
45	2	21	15.539	29.504	0	2	0	9.91	7.309	NA	0	NA	0	-90
46	2	22	15.539	29.504	0	2	0	9.91	7.309	NA	0	NA	0	0
47	2	23	14.791	29.192	0	2	0	10.72	8.015	NA	0.81	NA	-157.38	-157.38
48	2	24	15.102	29.13	0	2	0	11.038	7.699	NA	0.318	NA	-11.31	146.07
49	2	25	15.165	29.13	0	2	0	11.1	7.637	NA	0.062	NA	0	11.31
50	2	26	15.477	28.88	0	2	0	11.5	7.307	NA	0.399	NA	-38.66	-38.66
51	2	27	15.29	29.13	0	2	4	11.811	7.512	NA	0.312	NA	126.87	165.53
52	2	28	14.978	29.13	0	2	0	12.123	7.823	NA	0.312	NA	180	53.13
53	2	29	14.853	28.943	0	2	4	12.348	7.933	NA	0.225	NA	-123.69	56.31
54	2	30	14.853	28.943	0	2	0	12.348	7.933	NA	0	NA	0	123.69
55	3	1	21.212	28.444	0	2	0	0	0	NA	NA	NA	NA	NA
56	3	2	21.212	28.444	0	2	0	0	0	NA	0	NA	0	NA
57	3	3	20.9	28.693	0	2	0	0.399	0.399	NA	0.399	NA	141.34	141.34
58	3	4	21.586	28.444	0	2	0	1.129	0.374	NA	0.73	NA	-19.983	-161.323
59	3	5	21.399	28.506	0	2	0	1.326	0.197	NA	0.197	NA	161.565	-178.452
60	3	6	21.274	28.506	0	2	0	1.451	0.088	NA	0.125	NA	180	18.435
61	3	7	21.15	28.444	0	2	0	1.59	0.062	NA	0.139	NA	-153.435	26.565
62	3	8	21.212	28.381	0	2	0	1.678	0.062	NA	0.088	NA	-45	108.435
63	3	9	21.524	28.319	0	2	0	1.996	0.336	NA	0.318	NA	-11.31	33.69
64	3	10	21.337	28.132	0	2	0	2.261	0.336	NA	0.264	NA	-135	-123.69
65	3	11	21.15	28.07	0	2	4	2.458	0.379	NA	0.197	NA	-161.565	-26.565
66	3	12	21.399	28.07	0	2	4	2.707	0.418	NA	0.249	NA	0	161.565
67	3	13	21.274	28.506	0	2	0	3.161	0.088	NA	0.454	NA	105.945	105.945
68	3	14	21.586	28.506	0	2	0	3.473	0.379	NA	0.312	NA	0	-105.945
69	3	15	21.461	28.319	0	2	0	3.698	0.279	NA	0.225	NA	-123.69	-123.69
70	3	16	21.524	28.444	0	2	0	3.837	0.312	NA	0.139	NA	63.435	-172.875
71	3	17	21.898	28.444	0	2	0	4.211	0.686	NA	0.374	NA	0	-63.435
72	3	18	21.898	28.444	0	2	0	4.211	0.686	NA	0	NA	0	0
73	3	19	21.898	28.319	0	2	0	4.336	0.697	NA	0.125	NA	-90	-90
74	3	20	21.835	28.444	0	2	0	4.475	0.623	NA	0.139	NA	116.565	-153.435
75	3	21	22.21	28.381	0	2	0	4.854	0.999	NA	0.379	NA	-9.462	-126.027
76	3	22	22.21	28.506	0	2	0	4.979	0.999	NA	0.125	NA	90	99.462
77	3	23	22.147	28.444	0	2	0	5.067	0.935	NA	0.088	NA	-135	135
78	3	24	21.898	28.194	0	2	0	5.42	0.73	NA	0.353	NA	-135	0
79	3	25	21.96	28.631	0	2	0	5.861	0.771	NA	0.441	NA	81.87	-143.13
80	3	26	22.023	28.631	0	2	0	5.923	0.832	NA	0.062	NA	0	-81.87
81	3	27	21.898	28.444	0	2	0	6.148	0.686	NA	0.225	NA	-123.69	-123.69
82	3	28	21.835	28.444	0	2	0	6.21	0.623	NA	0.062	NA	180	-56.31
83	3	29	21.773	28.506	0	2	0	6.298	0.565	NA	0.088	NA	135	-45
84	3	30	21.96	28.631	0	2	0	6.523	0.771	NA	0.225	NA	33.69	-101.31
85	3	31	21.96	28.631	0	2	0	6.523	0.771	NA	0	NA	0	-33.69
86	3	32	21.773	28.756	0	2	4	6.748	0.642	NA	0.225	NA	146.31	146.31
87	3	33	21.648	28.818	0	2	4	6.887	0.575	NA	0.139	NA	153.435	7.125
88	3	34	21.524	28.818	0	2	0	7.012	0.487	NA	0.125	NA	180	26.565
89	3	35	21.648	28.693	0	2	0	7.188	0.503	NA	0.176	NA	-45	135
90	3	36	21.648	28.756	0	2	4	7.251	0.536	NA	0.062	NA	90	135
91	3	37	21.648	28.818	0	2	0	7.313	0.575	NA	0.062	NA	90	0
92	3	38	21.773	28.756	0	2	0	7.452	0.642	NA	0.139	NA	-26.565	-116.565
93	3	39	21.835	28.756	0	2	0	7.515	0.697	NA	0.062	NA	0	26.565
94	3	40	21.773	29.192	0	2	0	7.956	0.935	NA	0.441	NA	98.13	98.13
95	3	41	20.963	29.192	0	2	0	8.766	0.789	NA	0.81	NA	180	81.87
96	3	42	19.404	29.94	0	2	0	10.495	2.347	NA	1.729	NA	154.359	-25.641
97	3	43	19.591	29.753	0	2	0	10.759	2.084	NA	0.264	NA	-45	160.641
98	4	1	19.342	30.002	0	2	0	0	0	NA	NA	NA	NA	NA
99	4	2	19.716	30.002	0	2	0	0.374	0.374	NA	0.374	NA	0	NA
100	4	3	19.716	30.002	0	2	0	0.374	0.374	NA	0	NA	0	0
101	4	4	19.841	30.065	0	2	0	0.513	0.503	NA	0.139	NA	26.565	26.565
102	4	5	19.965	30.127	0	2	0	0.653	0.636	NA	0.139	NA	26.565	0
103	4	6	20.028	30.127	0	2	4	0.715	0.697	NA	0.062	NA	0	-26.565
104	5	1	16.91	29.753	0	2	0	0	0	NA	NA	NA	NA	NA
105	5	2	16.91	29.94	0	2	0	0.187	0.187	NA	0.187	NA	90	NA
106	5	3	17.16	30.002	0	2	0	0.444	0.353	NA	0.257	NA	14.036	-75.964
107	5	4	17.16	30.002	0	2	0	0.444	0.353	NA	0	NA	0	-14.036
108	5	5	17.16	29.878	0	2	0	0.569	0.279	NA	0.125	NA	-90	-90
109	5	6	17.347	30.002	0	2	0	0.794	0.503	NA	0.225	NA	33.69	123.69
110	5	7	17.409	30.002	0	2	0	0.856	0.558	NA	0.062	NA	0	-33.69
111	5	8	17.721	30.002	0	2	0	1.168	0.848	NA	0.312	NA	0	0
112	6	1	17.097	25.576	0	2	13	0	0	NA	NA	NA	NA	NA
113	6	2	17.097	25.825	0	2	18	0.249	0.249	NA	0.249	NA	90	NA
114	6	3	17.222	25.701	0	2	13	0.426	0.176	NA	0.176	NA	-45	-135
115	6	4	17.222	25.638	0	2	27	0.488	0.139	NA	0.062	NA	-90	-45
116	6	5	17.347	25.638	0	2	0	0.613	0.257	NA	0.125	NA	0	90
117	6	6	17.659	25.576	0	2	9	0.931	0.561	NA	0.318	NA	-11.31	-11.31
118	6	7	18.905	25.95	0	2	0	2.232	1.846	NA	1.302	NA	16.699	28.009
119	6	8	19.404	26.137	0	2	0	2.765	2.374	NA	0.533	NA	20.556	3.857
120	6	9	19.591	26.137	0	2	0	2.952	2.556	NA	0.187	NA	0	-20.556
121	6	10	18.905	25.95	0	2	0	3.663	1.846	NA	0.711	NA	-164.745	-164.745
122	6	11	18.344	25.14	0	2	0	4.649	1.321	NA	0.986	NA	-124.695	40.05
123	6	12	18.905	25.077	0	2	0	5.213	1.875	NA	0.565	NA	-6.34	118.355
124	6	13	19.155	25.327	0	2	9	5.566	2.072	NA	0.353	NA	45	51.34
125	6	14	18.718	25.701	0	2	0	6.141	1.626	NA	0.575	NA	139.399	94.399
126	6	15	18.033	25.763	0	2	0	6.829	0.954	NA	0.689	NA	174.806	35.407
127	6	16	17.846	25.638	0	2	4	7.054	0.751	NA	0.225	NA	-146.31	38.884
128	6	17	18.157	25.638	0	2	0	7.366	1.062	NA	0.312	NA	0	146.31
129	6	18	18.157	25.638	0	2	13	7.366	1.062	NA	0	NA	0	0
130	6	19	17.846	25.888	0	2	23	7.765	0.81	NA	0.399	NA	141.34	141.34
131	7	1	27.82	23.893	0	2	0	0	0	NA	NA	NA	NA	NA
132	7	2	26.137	24.267	0	2	0	1.724	1.724	NA	1.724	NA	167.471	NA
133	7	3	23.83	24.579	0	2	0	4.052	4.048	NA	2.328	NA	172.304	4.833
134	7	4	20.9	24.953	0	2	0	7.006	7.001	NA	2.954	NA	172.725	0.421
135	7	5	18.968	25.825	0	2	18	9.126	9.061	NA	2.121	NA	155.695	-17.03
136	7	6	17.97	26.075	0	2	0	10.155	10.089	NA	1.028	NA	165.964	10.268
137	7	7	17.534	25.825	0	2	0	10.657	10.467	NA	0.503	NA	-150.255	43.781
138	7	8	18.282	26.075	0	2	0	11.446	9.785	NA	0.789	NA	18.435	168.69
139	7	9	18.781	26.075	0	2	4	11.945	9.299	NA	0.499	NA	0	-18.435
140	7	10	18.843	26.012	0	2	4	12.033	9.224	NA	0.088	NA	-45	-45
141	7	11	18.905	25.95	0	2	9	12.121	9.149	NA	0.088	NA	-45	0
142	7	12	19.03	25.825	0	2	9	12.297	9	NA	0.176	NA	-45	0
143	7	13	17.97	25.95	0	2	9	13.364	10.063	NA	1.067	NA	173.29	-141.71
144	7	14	17.846	25.451	0	2	13	13.878	10.096	NA	0.514	NA	-104.036	82.674
145	7	15	17.908	25.701	0	2	9	14.135	10.076	NA	0.257	NA	75.964	180
146	7	16	18.095	25.701	0	2	4	14.322	9.892	NA	0.187	NA	0	-75.964
147	8	1	15.102	27.571	0	2	4	0	0	NA	NA	NA	NA	NA
148	8	2	14.853	27.758	0	2	0	0.312	0.312	NA	0.312	NA	143.13	NA
149	8	3	15.539	27.883	0	2	0	1.009	0.536	NA	0.697	NA	10.305	-132.825
150	8	4	15.102	28.506	0	2	4	1.77	0.935	NA	0.761	NA	124.992	114.687
151	8	5	15.165	29.254	0	2	0	2.52	1.684	NA	0.751	NA	85.236	-39.756
152	8	6	15.165	29.441	0	2	9	2.707	1.871	NA	0.187	NA	90	4.764
153	8	7	14.978	29.691	0	2	0	3.019	2.123	NA	0.312	NA	126.87	36.87
154	8	8	14.853	29.317	0	2	9	3.413	1.763	NA	0.394	NA	-108.435	124.695
155	8	9	14.978	28.693	0	2	27	4.049	1.129	NA	0.636	NA	-78.69	29.745
156	8	10	15.539	29.067	0	2	4	4.724	1.559	NA	0.674	NA	33.69	112.38
157	8	11	14.791	28.88	0	2	0	5.495	1.346	NA	0.771	NA	-165.964	160.346
158	9	1	19.03	26.075	0	2	0	0	0	NA	NA	NA	NA	NA
159	9	2	19.03	26.199	0	2	0	0.125	0.125	NA	0.125	NA	90	NA
160	9	3	19.404	26.262	0	2	9	0.504	0.418	NA	0.379	NA	9.462	-80.538
161	9	4	19.654	26.636	0	2	0	0.953	0.839	NA	0.45	NA	56.31	46.848
162	9	5	19.841	26.574	0	2	0	1.151	0.952	NA	0.197	NA	-18.435	-74.745
163	9	6	20.152	26.511	0	2	0	1.468	1.204	NA	0.318	NA	-11.31	7.125
164	9	7	19.965	26.698	0	2	9	1.733	1.124	NA	0.264	NA	135	146.31
165	9	8	20.339	26.885	0	2	0	2.151	1.54	NA	0.418	NA	26.565	-108.435
166	10	1	17.347	25.514	0	2	0	0	0	NA	NA	NA	NA	NA
167	10	2	17.347	25.514	0	2	0	0	0	NA	0	NA	0	NA
168	10	3	17.721	25.514	0	2	4	0.374	0.374	NA	0.374	NA	0	0
169	10	4	17.721	25.514	0	2	0	0.374	0.374	NA	0	NA	0	0
170	10	5	18.282	25.638	0	2	0	0.949	0.943	NA	0.575	NA	12.529	12.529
171	10	6	18.095	25.576	0	2	0	1.146	0.751	NA	0.197	NA	-161.565	-174.094
172	10	7	18.22	25.576	0	2	4	1.271	0.875	NA	0.125	NA	0	161.565
173	10	8	18.282	25.576	0	2	0	1.333	0.937	NA	0.062	NA	0	0
174	10	9	18.157	26.075	0	2	9	1.847	0.986	NA	0.514	NA	104.036	104.036
175	10	10	19.03	25.825	0	2	9	2.755	1.712	NA	0.908	NA	-15.945	-119.982
176	11	1	22.833	27.135	0	2	0	0	0	NA	NA	NA	NA	NA
177	11	2	22.646	27.135	0	2	0	0.187	0.187	NA	0.187	NA	180	NA
178	11	3	22.584	27.072	0	2	0	0.275	0.257	NA	0.088	NA	-135	45
179	11	4	22.584	26.823	0	2	0	0.525	0.399	NA	0.249	NA	-90	45
180	11	5	21.773	26.636	0	2	0	1.356	1.171	NA	0.832	NA	-167.005	-77.005
181	11	6	22.21	27.072	0	2	9	1.973	0.627	NA	0.617	NA	45	-147.995
182	11	7	21.96	26.948	0	2	0	2.252	0.893	NA	0.279	NA	-153.435	161.565
183	11	8	22.272	27.197	0	2	0	2.651	0.565	NA	0.399	NA	38.66	-167.905
184	11	9	22.21	27.01	0	2	0	2.849	0.636	NA	0.197	NA	-108.435	-147.095
185	12	1	20.9	24.89	0	2	0	0	0	NA	NA	NA	NA	NA
186	12	2	21.087	25.077	0	2	4	0.264	0.264	NA	0.264	NA	45	NA
187	12	3	21.087	25.14	0	2	0	0.327	0.312	NA	0.062	NA	90	45
188	12	4	21.461	25.389	0	2	4	0.776	0.751	NA	0.45	NA	33.69	-56.31
189	12	5	21.087	25.576	0	2	4	1.195	0.711	NA	0.418	NA	153.435	119.745
190	12	6	21.461	25.514	0	2	4	1.574	0.839	NA	0.379	NA	-9.462	-162.897
191	12	7	21.337	25.638	0	2	0	1.75	0.866	NA	0.176	NA	135	144.462
192	12	8	21.15	26.075	0	2	0	2.225	1.21	NA	0.475	NA	113.199	-21.801
193	13	1	18.469	25.576	0	2	0	0	0	NA	NA	NA	NA	NA
194	13	2	18.656	25.638	0	2	9	0.197	0.197	NA	0.197	NA	18.435	NA
195	13	3	19.342	25.825	0	2	0	0.908	0.908	NA	0.711	NA	15.255	-3.18
196	13	4	18.781	25.576	0	2	0	1.522	0.312	NA	0.614	NA	-156.038	-171.293
197	13	5	18.469	25.327	0	2	4	1.921	0.249	NA	0.399	NA	-141.34	14.697
198	13	6	18.905	25.451	0	2	13	2.375	0.454	NA	0.454	NA	15.945	157.286
199	13	7	19.778	25.451	0	2	0	3.248	1.315	NA	0.873	NA	0	-15.945
200	13	8	19.654	25.514	0	2	0	3.387	1.186	NA	0.139	NA	153.435	153.435
201	13	9	20.028	25.638	0	2	0	3.781	1.56	NA	0.394	NA	18.435	-135
202	14	1	25.825	26.449	0	2	0	0	0	NA	NA	NA	NA	NA
203	14	2	25.638	26.698	0	2	0	0.312	0.312	NA	0.312	NA	126.87	NA
204	14	3	26.885	25.825	0	2	0	1.834	1.23	NA	1.522	NA	-34.992	-161.862
205	14	4	27.259	25.825	0	2	0	2.208	1.564	NA	0.374	NA	0	34.992
206	14	5	26.761	25.763	0	2	0	2.71	1.16	NA	0.503	NA	-172.875	-172.875
207	14	6	25.638	26.449	0	2	0	4.025	0.187	NA	1.315	NA	148.57	-38.555
208	14	7	24.579	26.636	0	2	0	5.102	1.261	NA	1.076	NA	169.992	21.422
209	14	8	22.272	26.511	0	2	0	7.412	3.554	NA	2.31	NA	-176.906	13.102
210	14	9	23.519	26.698	0	2	4	8.673	2.32	NA	1.261	NA	8.531	-174.563
211	14	10	23.332	26.574	0	2	4	8.897	2.497	NA	0.225	NA	-146.31	-154.841
212	15	1	19.778	25.763	0	2	0	0	0	NA	NA	NA	NA	NA
213	15	2	19.778	25.763	0	2	0	0	0	NA	0	NA	0	NA
214	15	3	20.09	25.701	0	2	0	0.318	0.318	NA	0.318	NA	-11.31	-11.31
215	15	4	20.402	25.327	0	2	4	0.805	0.761	NA	0.487	NA	-50.194	-38.884
216	15	5	20.963	24.89	0	2	0	1.516	1.471	NA	0.711	NA	-37.875	12.319
217	15	6	21.773	25.015	0	2	0	2.336	2.131	NA	0.82	NA	8.746	46.621
