Nr	TID	PID	x [micron]	y [micron]	t [sec]	c [idx]	I [val]	Len [micron]	D2S [micron]	D2R [micron]	D2P [micron]	v [micron/sec]	? [deg]	?? [deg]
1	1	1	27.211	24.332	0	2	151	0	0	NA	NA	NA	NA	NA
2	1	2	27.211	24.332	0	2	255	0	0	NA	0	NA	0	NA
3	1	3	27.211	24.332	0	2	244	0	0	NA	0	NA	0	0
4	1	4	27.211	24.332	0	2	139	0	0	NA	0	NA	0	0
5	1	5	27.211	24.332	0	2	198	0	0	NA	0	NA	0	0
6	1	6	27.211	24.495	0	2	255	0.163	0.163	NA	0.163	NA	90	90
7	1	7	27.211	24.658	0	2	163	0.326	0.326	NA	0.163	NA	90	0
8	1	8	27.211	24.713	0	2	255	0.38	0.38	NA	0.054	NA	90	0
9	1	9	27.211	24.713	0	2	255	0.38	0.38	NA	0	NA	0	-90
10	1	10	27.211	24.713	0	2	174	0.38	0.38	NA	0	NA	0	0
11	1	11	27.211	24.713	0	2	104	0.38	0.38	NA	0	NA	0	0
12	1	12	27.211	24.713	0	2	198	0.38	0.38	NA	0	NA	0	0
13	1	13	27.211	24.713	0	2	198	0.38	0.38	NA	0	NA	0	0
14	1	14	27.211	24.658	0	2	233	0.435	0.326	NA	0.054	NA	-90	-90
15	1	15	27.211	24.658	0	2	255	0.435	0.326	NA	0	NA	0	90
16	1	16	27.211	24.658	0	2	255	0.435	0.326	NA	0	NA	0	0
17	1	17	27.211	24.658	0	2	221	0.435	0.326	NA	0	NA	0	0
18	1	18	27.211	24.658	0	2	255	0.435	0.326	NA	0	NA	0	0
19	1	19	27.211	24.658	0	2	255	0.435	0.326	NA	0	NA	0	0
20	1	20	27.211	24.984	0	2	255	0.76	0.652	NA	0.326	NA	90	90
21	1	21	27.265	25.038	0	2	151	0.837	0.708	NA	0.077	NA	45	-45
22	1	22	27.157	25.038	0	2	255	0.946	0.708	NA	0.109	NA	180	135
23	1	23	27.157	25.038	0	2	209	0.946	0.708	NA	0	NA	0	-180
24	1	24	27.102	25.201	0	2	255	1.118	0.876	NA	0.172	NA	108.435	108.435
25	1	25	27.102	25.201	0	2	186	1.118	0.876	NA	0	NA	0	-108.435
26	1	26	27.102	25.201	0	2	255	1.118	0.876	NA	0	NA	0	0
27	1	27	27.157	25.147	0	2	221	1.194	0.817	NA	0.077	NA	-45	-45
28	1	28	27.157	25.147	0	2	139	1.194	0.817	NA	0	NA	0	45
29	1	29	26.994	25.201	0	2	198	1.366	0.896	NA	0.172	NA	161.565	161.565
30	1	30	26.994	25.201	0	2	163	1.366	0.896	NA	0	NA	0	-161.565
31	1	31	27.157	25.201	0	2	174	1.529	0.871	NA	0.163	NA	0	0
32	1	32	27.157	25.201	0	2	163	1.529	0.871	NA	0	NA	0	0
33	1	33	27.157	25.201	0	2	151	1.529	0.871	NA	0	NA	0	0
34	1	34	27.265	25.419	0	2	128	1.772	1.088	NA	0.243	NA	63.435	63.435
35	1	35	27.211	25.527	0	2	151	1.893	1.195	NA	0.121	NA	116.565	53.13
36	1	36	27.157	25.527	0	2	139	1.948	1.196	NA	0.054	NA	180	63.435
37	1	37	27.211	25.473	0	2	81	2.025	1.141	NA	0.077	NA	-45	135
38	1	38	27.211	25.473	0	2	81	2.025	1.141	NA	0	NA	0	45
39	1	39	27.211	25.473	0	2	81	2.025	1.141	NA	0	NA	0	0
40	1	40	27.211	25.473	0	2	81	2.025	1.141	NA	0	NA	0	0
41	1	41	27.157	25.473	0	2	139	2.079	1.142	NA	0.054	NA	180	180
42	1	42	27.157	25.473	0	2	128	2.079	1.142	NA	0	NA	0	-180
43	1	43	27.157	25.473	0	2	128	2.079	1.142	NA	0	NA	0	0
44	1	44	27.157	25.473	0	2	81	2.079	1.142	NA	0	NA	0	0
45	1	45	27.265	25.527	0	2	128	2.2	1.196	NA	0.121	NA	26.565	26.565
46	1	46	27.265	25.69	0	2	46	2.363	1.359	NA	0.163	NA	90	63.435
47	1	47	27.265	25.69	0	2	198	2.363	1.359	NA	0	NA	0	-90
48	2	1	23.572	41.006	0	2	255	0	0	NA	NA	NA	NA	NA
49	2	2	23.463	41.006	0	2	255	0.109	0.109	NA	0.109	NA	180	NA
50	2	3	23.463	40.952	0	2	255	0.163	0.121	NA	0.054	NA	-90	90
51	2	4	23.3	40.898	0	2	255	0.335	0.292	NA	0.172	NA	-161.565	-71.565
52	2	5	23.3	40.898	0	2	255	0.335	0.292	NA	0	NA	0	161.565
53	2	6	23.192	41.061	0	2	255	0.531	0.384	NA	0.196	NA	123.69	123.69
54	2	7	23.246	41.169	0	2	255	0.652	0.364	NA	0.121	NA	63.435	-60.255
55	2	8	23.3	40.898	0	2	255	0.929	0.292	NA	0.277	NA	-78.69	-142.125
56	2	9	23.3	40.898	0	2	255	0.929	0.292	NA	0	NA	0	78.69
57	2	10	23.3	40.898	0	2	255	0.929	0.292	NA	0	NA	0	0
58	2	11	23.3	40.898	0	2	255	0.929	0.292	NA	0	NA	0	0
59	2	12	23.3	40.898	0	2	174	0.929	0.292	NA	0	NA	0	0
60	2	13	23.246	41.006	0	2	255	1.05	0.326	NA	0.121	NA	116.565	116.565
61	2	14	23.246	41.387	0	2	255	1.431	0.501	NA	0.38	NA	90	-26.565
62	2	15	23.246	41.658	0	2	255	1.702	0.729	NA	0.272	NA	90	0
63	2	16	23.3	41.495	0	2	255	1.874	0.559	NA	0.172	NA	-71.565	-161.565
64	2	17	23.3	41.495	0	2	255	1.874	0.559	NA	0	NA	0	71.565
65	2	18	23.3	41.495	0	2	255	1.874	0.559	NA	0	NA	0	0
66	2	19	23.3	41.495	0	2	255	1.874	0.559	NA	0	NA	0	0
67	2	20	23.3	41.278	0	2	255	2.091	0.384	NA	0.217	NA	-90	-90
68	2	21	23.246	41.441	0	2	255	2.263	0.543	NA	0.172	NA	108.435	-161.565
69	2	22	23.192	41.55	0	2	255	2.384	0.663	NA	0.121	NA	116.565	8.13
70	2	23	23.192	41.604	0	2	255	2.439	0.708	NA	0.054	NA	90	-26.565
71	2	24	23.192	41.604	0	2	151	2.439	0.708	NA	0	NA	0	-90
72	2	25	23.246	41.875	0	2	255	2.716	0.928	NA	0.277	NA	78.69	78.69
73	2	26	23.246	42.038	0	2	255	2.879	1.082	NA	0.163	NA	90	11.31
74	2	27	23.3	42.201	0	2	255	3.05	1.225	NA	0.172	NA	71.565	-18.435
75	2	28	23.3	42.256	0	2	255	3.105	1.278	NA	0.054	NA	90	18.435
76	2	29	23.083	42.636	0	2	174	3.542	1.701	NA	0.438	NA	119.745	29.745
77	2	30	23.083	42.636	0	2	198	3.542	1.701	NA	0	NA	0	-119.745
78	2	31	23.246	42.364	0	2	174	3.859	1.396	NA	0.317	NA	-59.036	-59.036
79	2	32	23.246	42.256	0	2	151	3.968	1.291	NA	0.109	NA	-90	-30.964
80	2	33	23.246	42.256	0	2	139	3.968	1.291	NA	0	NA	0	90
81	2	34	23.246	42.256	0	2	81	3.968	1.291	NA	0	NA	0	0
82	2	35	23.192	42.256	0	2	139	4.022	1.306	NA	0.054	NA	180	180
83	2	36	23.137	42.256	0	2	93	4.076	1.323	NA	0.054	NA	180	0
84	2	37	23.083	42.31	0	2	163	4.153	1.392	NA	0.077	NA	135	-45
85	2	38	23.083	42.31	0	2	221	4.153	1.392	NA	0	NA	0	-135
86	2	39	23.137	42.31	0	2	209	4.208	1.374	NA	0.054	NA	0	0
87	2	40	23.137	42.31	0	2	198	4.208	1.374	NA	0	NA	0	0
88	2	41	23.137	42.31	0	2	186	4.208	1.374	NA	0	NA	0	0
89	2	42	23.137	42.31	0	2	186	4.208	1.374	NA	0	NA	0	0
90	2	43	23.137	42.31	0	2	255	4.208	1.374	NA	0	NA	0	0
91	2	44	22.703	42.364	0	2	151	4.645	1.612	NA	0.438	NA	172.875	172.875
92	2	45	22.92	42.527	0	2	255	4.917	1.655	NA	0.272	NA	36.87	-136.005
93	2	46	22.974	42.582	0	2	163	4.994	1.685	NA	0.077	NA	45	8.13
94	2	47	23.192	42.907	0	2	221	5.385	1.939	NA	0.392	NA	56.31	11.31
95	3	1	25.31	31.773	0	2	255	0	0	NA	NA	NA	NA	NA
96	3	2	25.201	31.828	0	2	255	0.121	0.121	NA	0.121	NA	153.435	NA
97	3	3	25.201	31.828	0	2	255	0.121	0.121	NA	0	NA	0	-153.435
98	3	4	25.201	31.828	0	2	255	0.121	0.121	NA	0	NA	0	0
99	3	5	25.147	31.882	0	2	209	0.198	0.196	NA	0.077	NA	135	135
100	3	6	25.147	31.936	0	2	221	0.253	0.23	NA	0.054	NA	90	-45
101	3	7	25.147	31.936	0	2	255	0.253	0.23	NA	0	NA	0	-90
102	3	8	25.038	32.045	0	2	244	0.406	0.384	NA	0.154	NA	135	135
103	3	9	25.093	31.936	0	2	255	0.528	0.272	NA	0.121	NA	-63.435	161.565
104	3	10	25.093	31.936	0	2	255	0.528	0.272	NA	0	NA	0	63.435
105	3	11	24.984	32.208	0	2	255	0.82	0.543	NA	0.292	NA	111.801	111.801
106	3	12	24.984	32.208	0	2	255	0.82	0.543	NA	0	NA	0	-111.801
107	3	13	25.038	32.153	0	2	255	0.897	0.467	NA	0.077	NA	-45	-45
108	3	14	25.038	32.153	0	2	255	0.897	0.467	NA	0	NA	0	45
109	3	15	25.093	32.153	0	2	255	0.951	0.438	NA	0.054	NA	0	0
110	3	16	25.093	32.153	0	2	255	0.951	0.438	NA	0	NA	0	0
111	3	17	25.147	32.153	0	2	255	1.006	0.414	NA	0.054	NA	0	0
112	3	18	25.147	32.153	0	2	255	1.006	0.414	NA	0	NA	0	0
113	3	19	25.147	32.153	0	2	255	1.006	0.414	NA	0	NA	0	0
114	3	20	25.038	32.153	0	2	255	1.114	0.467	NA	0.109	NA	180	180
115	3	21	24.984	32.153	0	2	255	1.169	0.501	NA	0.054	NA	180	0
116	3	22	24.984	32.153	0	2	255	1.169	0.501	NA	0	NA	0	-180
117	3	23	25.038	32.208	0	2	255	1.245	0.512	NA	0.077	NA	45	45
118	3	24	25.038	32.262	0	2	174	1.3	0.559	NA	0.054	NA	90	45
119	3	25	25.038	32.262	0	2	255	1.3	0.559	NA	0	NA	0	-90
120	3	26	25.038	32.262	0	2	255	1.3	0.559	NA	0	NA	0	0
121	3	27	25.038	32.262	0	2	255	1.3	0.559	NA	0	NA	0	0
122	3	28	25.038	32.425	0	2	255	1.463	0.706	NA	0.163	NA	90	90
123	3	29	25.093	32.479	0	2	198	1.539	0.739	NA	0.077	NA	45	-45
124	3	30	25.147	32.425	0	2	209	1.616	0.672	NA	0.077	NA	-45	-90
125	3	31	25.147	32.425	0	2	221	1.616	0.672	NA	0	NA	0	45
126	3	32	25.147	32.425	0	2	255	1.616	0.672	NA	0	NA	0	0
127	3	33	25.147	32.425	0	2	244	1.616	0.672	NA	0	NA	0	0
128	3	34	25.419	32.479	0	2	151	1.893	0.714	NA	0.277	NA	11.31	11.31
129	3	35	25.364	32.479	0	2	209	1.947	0.708	NA	0.054	NA	180	168.69
130	3	36	25.147	32.534	0	2	255	2.171	0.778	NA	0.224	NA	165.964	-14.036
131	3	37	25.147	32.534	0	2	255	2.171	0.778	NA	0	NA	0	-165.964
132	3	38	25.147	32.751	0	2	221	2.389	0.991	NA	0.217	NA	90	90
133	3	39	25.038	32.751	0	2	209	2.497	1.015	NA	0.109	NA	180	90
134	3	40	25.038	32.751	0	2	221	2.497	1.015	NA	0	NA	0	-180
135	3	41	25.038	32.751	0	2	198	2.497	1.015	NA	0	NA	0	0
136	3	42	24.93	32.751	0	2	255	2.606	1.049	NA	0.109	NA	180	180
137	3	43	24.875	32.805	0	2	128	2.683	1.12	NA	0.077	NA	135	-45
138	3	44	24.984	32.914	0	2	198	2.836	1.186	NA	0.154	NA	45	-90
139	3	45	24.984	32.914	0	2	198	2.836	1.186	NA	0	NA	0	-45
140	3	46	25.147	32.642	0	2	186	3.153	0.884	NA	0.317	NA	-59.036	-59.036
141	3	47	25.093	32.642	0	2	163	3.207	0.896	NA	0.054	NA	180	-120.964
142	4	1	22.16	36.227	0	2	104	0	0	NA	NA	NA	NA	NA
143	4	2	22.16	35.847	0	2	163	0.38	0.38	NA	0.38	NA	-90	NA
144	4	3	22.268	35.847	0	2	104	0.489	0.395	NA	0.109	NA	0	90
145	4	4	22.16	36.39	0	2	186	1.043	0.163	NA	0.554	NA	101.31	101.31
146	4	5	22.268	34.543	0	2	255	2.893	1.687	NA	1.85	NA	-86.634	172.057
147	4	6	22.594	33.837	0	2	69	3.67	2.429	NA	0.778	NA	-65.225	21.409
148	4	7	22.649	33.348	0	2	255	4.162	2.92	NA	0.492	NA	-83.66	-18.435
149	4	8	22.594	33.566	0	2	244	4.386	2.697	NA	0.224	NA	104.036	-172.304
150	4	9	22.431	33.24	0	2	244	4.75	3	NA	0.364	NA	-116.565	139.399
151	4	10	22.323	33.783	0	2	104	5.304	2.45	NA	0.554	NA	101.31	-142.125
152	4	11	22.54	33.783	0	2	104	5.521	2.473	NA	0.217	NA	0	-101.31
153	4	12	22.54	33.783	0	2	255	5.521	2.473	NA	0	NA	0	0
154	4	13	22.486	33.728	0	2	186	5.598	2.52	NA	0.077	NA	-135	-135
155	4	14	22.431	33.946	0	2	116	5.822	2.297	NA	0.224	NA	104.036	-120.964
156	4	15	22.431	33.946	0	2	198	5.822	2.297	NA	0	NA	0	-104.036
157	4	16	22.431	33.946	0	2	233	5.822	2.297	NA	0	NA	0	0
158	4	17	22.594	34.109	0	2	255	6.053	2.162	NA	0.23	NA	45	45
159	4	18	22.486	34.598	0	2	139	6.553	1.662	NA	0.501	NA	102.529	57.529
160	4	19	22.486	34.543	0	2	244	6.608	1.715	NA	0.054	NA	-90	167.471
161	4	20	22.594	34.706	0	2	233	6.804	1.582	NA	0.196	NA	56.31	146.31
162	4	21	22.486	34.76	0	2	186	6.925	1.502	NA	0.121	NA	153.435	97.125
163	4	22	22.703	34.76	0	2	198	7.142	1.564	NA	0.217	NA	0	-153.435
164	4	23	22.703	34.706	0	2	255	7.197	1.615	NA	0.054	NA	-90	-90
165	4	24	22.54	34.652	0	2	198	7.368	1.62	NA	0.172	NA	-161.565	-71.565
166	4	25	22.54	34.652	0	2	93	7.368	1.62	NA	0	NA	0	161.565
167	4	26	22.377	34.706	0	2	198	7.54	1.536	NA	0.172	NA	161.565	161.565
168	4	27	22.268	34.815	0	2	128	7.694	1.416	NA	0.154	NA	135	-26.565
169	4	28	22.486	34.923	0	2	255	7.937	1.344	NA	0.243	NA	26.565	-108.435
170	4	29	22.486	35.141	0	2	186	8.154	1.134	NA	0.217	NA	90	63.435
171	4	30	22.486	35.195	0	2	198	8.208	1.082	NA	0.054	NA	90	0
172	4	31	22.757	35.304	0	2	104	8.501	1.1	NA	0.292	NA	21.801	-68.199
173	5	1	22.105	38.508	0	2	255	0	0	NA	NA	NA	NA	NA
174	5	2	22.105	38.508	0	2	255	0	0	NA	0	NA	0	NA
175	5	3	22.105	38.508	0	2	233	0	0	NA	0	NA	0	0
176	5	4	21.943	38.508	0	2	255	0.163	0.163	NA	0.163	NA	180	180
177	5	5	21.943	38.834	0	2	255	0.489	0.364	NA	0.326	NA	90	-90
178	5	6	21.997	38.943	0	2	255	0.61	0.448	NA	0.121	NA	63.435	-26.565
179	5	7	21.997	38.834	0	2	244	0.719	0.344	NA	0.109	NA	-90	-153.435
180	5	8	22.16	39.54	0	2	255	1.444	1.033	NA	0.725	NA	77.005	167.005
181	5	9	22.214	41.767	0	2	116	3.671	3.261	NA	2.228	NA	88.603	11.597
182	5	10	22.051	42.744	0	2	255	4.662	4.237	NA	0.991	NA	99.462	10.86
183	5	11	22.16	42.527	0	2	163	4.905	4.02	NA	0.243	NA	-63.435	-162.897
184	5	12	22.268	42.527	0	2	104	5.014	4.022	NA	0.109	NA	0	63.435
185	5	13	22.268	41.224	0	2	151	6.317	2.721	NA	1.304	NA	-90	-90
186	5	14	22.214	40.789	0	2	163	6.755	2.284	NA	0.438	NA	-97.125	-7.125
187	5	15	22.16	41.658	0	2	255	7.626	3.151	NA	0.871	NA	93.576	-169.299
188	5	16	22.105	41.604	0	2	198	7.703	3.096	NA	0.077	NA	-135	131.424
189	5	17	22.16	41.495	0	2	104	7.824	2.988	NA	0.121	NA	-63.435	71.565
190	5	18	22.16	41.604	0	2	221	7.933	3.096	NA	0.109	NA	90	153.435
191	5	19	22.16	41.604	0	2	255	7.933	3.096	NA	0	NA	0	-90
192	5	20	22.214	41.767	0	2	81	8.104	3.261	NA	0.172	NA	71.565	71.565
193	5	21	21.997	41.713	0	2	116	8.328	3.206	NA	0.224	NA	-165.964	122.471
194	5	22	22.16	42.093	0	2	128	8.742	3.585	NA	0.414	NA	66.801	-127.235
195	5	23	22.214	41.713	0	2	255	9.126	3.206	NA	0.384	NA	-81.87	-148.671
196	5	24	22.214	42.038	0	2	255	9.452	3.532	NA	0.326	NA	90	171.87
197	5	25	22.214	42.093	0	2	81	9.506	3.586	NA	0.054	NA	90	0
198	5	26	22.268	42.038	0	2	255	9.583	3.534	NA	0.077	NA	-45	-135
199	5	27	22.268	42.201	0	2	93	9.746	3.697	NA	0.163	NA	90	135
200	5	28	22.323	41.658	0	2	151	10.292	3.158	NA	0.546	NA	-84.289	-174.289
201	5	29	22.323	41.604	0	2	151	10.346	3.103	NA	0.054	NA	-90	-5.711
202	5	30	22.323	41.604	0	2	174	10.346	3.103	NA	0	NA	0	90
203	5	31	22.323	41.604	0	2	244	10.346	3.103	NA	0	NA	0	0
204	5	32	22.051	42.256	0	2	139	11.052	3.748	NA	0.706	NA	112.62	112.62
205	5	33	22.268	41.984	0	2	233	11.4	3.48	NA	0.348	NA	-51.34	-163.96
206	5	34	22.214	41.984	0	2	163	11.454	3.478	NA	0.054	NA	180	-128.66
207	5	35	22.051	41.984	0	2	46	11.617	3.476	NA	0.163	NA	180	0
208	5	36	22.105	41.984	0	2	174	11.672	3.476	NA	0.054	NA	0	-180
209	5	37	21.997	42.364	0	2	128	12.067	3.858	NA	0.395	NA	105.945	105.945
210	5	38	22.105	42.256	0	2	255	12.221	3.748	NA	0.154	NA	-45	-150.945
211	5	39	22.16	42.527	0	2	46	12.498	4.02	NA	0.277	NA	78.69	123.69
212	5	40	21.943	42.69	0	2	81	12.769	4.185	NA	0.272	NA	143.13	64.44
213	5	41	21.943	42.31	0	2	139	13.149	3.805	NA	0.38	NA	-90	126.87
214	5	42	21.78	42.201	0	2	174	13.345	3.708	NA	0.196	NA	-146.31	-56.31
215	6	1	19.77	42.364	0	2	93	0	0	NA	NA	NA	NA	NA
216	6	2	20.15	41.224	0	2	93	1.202	1.202	NA	1.202	NA	-71.565	NA
217	6	3	20.15	40.572	0	2	58	1.854	1.832	NA	0.652	NA	-90	-18.435
218	6	4	20.205	38.725	0	2	116	3.701	3.665	NA	1.847	NA	-88.315	1.685
219	6	5	21.345	35.249	0	2	139	7.36	7.287	NA	3.658	NA	-71.834	16.481
220	6	6	22.486	33.511	0	2	58	9.439	9.26	NA	2.079	NA	-56.725	15.109
221	6	7	23.083	31.556	0	2	58	11.483	11.305	NA	2.045	NA	-73.009	-16.284
222	6	8	23.192	30.578	0	2	81	12.467	12.273	NA	0.984	NA	-83.66	-10.651
223	7	1	19.498	39.486	0	2	46	0	0	NA	NA	NA	NA	NA
224	7	2	19.498	39.268	0	2	34	0.217	0.217	NA	0.217	NA	-90	NA
225	7	3	19.498	39.214	0	2	93	0.272	0.272	NA	0.054	NA	-90	0
226	7	4	19.498	39.214	0	2	69	0.272	0.272	NA	0	NA	0	90
227	7	5	19.661	38.943	0	2	58	0.588	0.567	NA	0.317	NA	-59.036	-59.036
228	7	6	19.607	38.943	0	2	23	0.643	0.554	NA	0.054	NA	180	-120.964
229	7	7	19.607	39.051	0	2	58	0.751	0.448	NA	0.109	NA	90	-90
230	7	8	19.716	39.106	0	2	23	0.873	0.438	NA	0.121	NA	26.565	-63.435
231	7	9	19.661	39.106	0	2	46	0.927	0.414	NA	0.054	NA	180	153.435
232	7	10	19.661	39.106	0	2	11	0.927	0.414	NA	0	NA	0	-180
233	7	11	19.661	39.106	0	2	0	0.927	0.414	NA	0	NA	0	0
234	7	12	19.661	39.106	0	2	23	0.927	0.414	NA	0	NA	0	0
235	7	13	19.553	39.051	0	2	81	1.048	0.438	NA	0.121	NA	-153.435	-153.435
236	7	14	19.661	39.051	0	2	46	1.157	0.464	NA	0.109	NA	0	153.435
237	7	15	19.444	38.997	0	2	69	1.381	0.492	NA	0.224	NA	-165.964	-165.964
238	7	16	19.607	39.214	0	2	11	1.653	0.292	NA	0.272	NA	53.13	-140.906
239	7	17	19.336	38.997	0	2	93	2	0.515	NA	0.348	NA	-141.34	165.53
240	7	18	19.336	38.725	0	2	23	2.272	0.778	NA	0.272	NA	-90	51.34
241	7	19	19.227	38.943	0	2	93	2.515	0.607	NA	0.243	NA	116.565	-153.435
242	7	20	19.39	38.943	0	2	46	2.678	0.554	NA	0.163	NA	0	-116.565
243	7	21	19.607	39.16	0	2	34	2.985	0.344	NA	0.307	NA	45	45
244	7	22	19.661	39.051	0	2	34	3.106	0.464	NA	0.121	NA	-63.435	-108.435
245	7	23	19.39	39.16	0	2	23	3.399	0.344	NA	0.292	NA	158.199	-138.366
246	7	24	19.336	39.051	0	2	116	3.52	0.464	NA	0.121	NA	-116.565	85.236
247	7	25	19.824	39.214	0	2	58	4.036	0.424	NA	0.515	NA	18.435	135
248	7	26	19.498	39.106	0	2	23	4.379	0.38	NA	0.344	NA	-161.565	-180
249	8	1	20.042	40.355	0	2	23	0	0	NA	NA	NA	NA	NA
250	8	2	20.042	40.355	0	2	34	0	0	NA	0	NA	0	NA
251	8	3	20.042	40.355	0	2	81	0	0	NA	0	NA	0	0
252	8	4	20.042	40.355	0	2	34	0	0	NA	0	NA	0	0
253	8	5	20.042	39.812	0	2	23	0.543	0.543	NA	0.543	NA	-90	-90
254	8	6	20.15	39.703	0	2	34	0.697	0.661	NA	0.154	NA	-45	45
255	8	7	20.15	39.703	0	2	58	0.697	0.661	NA	0	NA	0	45
256	8	8	20.205	39.812	0	2	34	0.818	0.567	NA	0.121	NA	63.435	63.435
257	8	9	20.096	39.812	0	2	104	0.927	0.546	NA	0.109	NA	180	116.565
258	8	10	20.042	39.757	0	2	46	1.004	0.597	NA	0.077	NA	-135	45
259	8	11	20.15	39.866	0	2	58	1.157	0.501	NA	0.154	NA	45	180
260	8	12	20.15	39.866	0	2	46	1.157	0.501	NA	0	NA	0	-45
261	8	13	20.15	39.866	0	2	81	1.157	0.501	NA	0	NA	0	0
262	8	14	20.096	40.137	0	2	116	1.434	0.224	NA	0.277	NA	101.31	101.31
263	8	15	20.15	40.3	0	2	58	1.606	0.121	NA	0.172	NA	71.565	-29.745
264	8	16	20.042	40.409	0	2	128	1.76	0.054	NA	0.154	NA	135	63.435
265	8	17	20.042	40.409	0	2	244	1.76	0.054	NA	0	NA	0	-135
266	9	1	19.336	40.355	0	2	23	0	0	NA	NA	NA	NA	NA
267	9	2	19.336	40.3	0	2	139	0.054	0.054	NA	0.054	NA	-90	NA
268	9	3	19.173	40.409	0	2	58	0.25	0.172	NA	0.196	NA	146.31	-123.69
269	9	4	19.336	40.518	0	2	11	0.446	0.163	NA	0.196	NA	33.69	-112.62
270	9	5	19.444	40.463	0	2	69	0.567	0.154	NA	0.121	NA	-26.565	-60.255
271	9	6	19.661	40.626	0	2	23	0.839	0.424	NA	0.272	NA	36.87	63.435
272	9	7	19.227	40.3	0	2	128	1.382	0.121	NA	0.543	NA	-143.13	-180
273	9	8	19.281	40.681	0	2	69	1.766	0.33	NA	0.384	NA	81.87	-135
274	9	9	19.444	40.735	0	2	46	1.938	0.395	NA	0.172	NA	18.435	-63.435
275	9	10	19.39	40.844	0	2	69	2.059	0.492	NA	0.121	NA	116.565	98.13
276	9	11	19.39	40.844	0	2	0	2.059	0.492	NA	0	NA	0	-116.565
277	9	12	19.607	40.463	0	2	23	2.497	0.292	NA	0.438	NA	-60.255	-60.255
278	9	13	19.281	40.463	0	2	69	2.823	0.121	NA	0.326	NA	180	-119.745
279	9	14	19.227	40.355	0	2	23	2.945	0.109	NA	0.121	NA	-116.565	63.435
280	9	15	19.444	40.355	0	2	93	3.162	0.109	NA	0.217	NA	0	116.565
281	10	1	19.661	36.77	0	2	93	0	0	NA	NA	NA	NA	NA
282	10	2	19.879	36.824	0	2	23	0.224	0.224	NA	0.224	NA	14.036	NA
283	10	3	19.987	36.879	0	2	93	0.345	0.344	NA	0.121	NA	26.565	12.529
284	10	4	19.987	37.042	0	2	11	0.508	0.424	NA	0.163	NA	90	63.435
285	10	5	19.77	37.042	0	2	69	0.726	0.292	NA	0.217	NA	180	90
286	10	6	19.336	37.693	0	2	58	1.509	0.979	NA	0.783	NA	123.69	-56.31
287	10	7	18.629	39.594	0	2	34	3.537	3.007	NA	2.028	NA	110.376	-13.314
288	10	8	18.521	39.431	0	2	58	3.733	2.895	NA	0.196	NA	-123.69	125.933
289	10	9	18.684	39.431	0	2	58	3.896	2.835	NA	0.163	NA	0	123.69
290	10	10	18.521	39.703	0	2	58	4.212	3.147	NA	0.317	NA	120.964	120.964
291	10	11	18.629	39.486	0	2	11	4.455	2.905	NA	0.243	NA	-63.435	175.601
292	10	12	18.955	39.486	0	2	93	4.781	2.806	NA	0.326	NA	0	63.435
293	10	13	19.173	39.703	0	2	46	5.088	2.973	NA	0.307	NA	45	45
294	10	14	19.01	39.703	0	2	69	5.251	3.004	NA	0.163	NA	180	135
295	10	15	18.792	39.92	0	2	11	5.558	3.268	NA	0.307	NA	135	-45
296	10	16	18.847	39.866	0	2	34	5.635	3.201	NA	0.077	NA	-45	-180
297	10	17	18.847	39.703	0	2	46	5.798	3.044	NA	0.163	NA	-90	-45
298	11	1	19.607	40.681	0	2	23	0	0	NA	NA	NA	NA	NA
299	11	2	19.336	40.681	0	2	81	0.272	0.272	NA	0.272	NA	180	NA
300	11	3	19.336	40.681	0	2	11	0.272	0.272	NA	0	NA	0	-180
301	11	4	19.336	40.952	0	2	23	0.543	0.384	NA	0.272	NA	90	90
302	11	5	19.498	41.169	0	2	69	0.815	0.501	NA	0.272	NA	53.13	-36.87
303	11	6	19.716	41.169	0	2	58	1.032	0.501	NA	0.217	NA	0	-53.13
304	11	7	19.553	41.169	0	2	23	1.195	0.492	NA	0.163	NA	180	180
305	11	8	19.553	41.169	0	2	34	1.195	0.492	NA	0	NA	0	-180
306	11	9	19.498	41.387	0	2	58	1.419	0.714	NA	0.224	NA	104.036	104.036
307	11	10	19.716	41.821	0	2	34	1.905	1.146	NA	0.486	NA	63.435	-40.601
308	11	11	19.607	42.201	0	2	93	2.3	1.521	NA	0.395	NA	105.945	42.51
309	11	12	19.824	42.364	0	2	58	2.572	1.698	NA	0.272	NA	36.87	-69.075
310	11	13	19.77	42.31	0	2	11	2.648	1.638	NA	0.077	NA	-135	-171.87
311	11	14	19.661	42.31	0	2	69	2.757	1.63	NA	0.109	NA	180	-45
312	11	15	19.661	42.364	0	2	69	2.811	1.685	NA	0.054	NA	90	-90
313	11	16	19.824	42.364	0	2	0	2.974	1.698	NA	0.163	NA	0	-90
314	11	17	19.716	42.31	0	2	23	3.096	1.633	NA	0.121	NA	-153.435	-153.435
315	11	18	19.716	42.31	0	2	0	3.096	1.633	NA	0	NA	0	153.435
316	11	19	19.607	42.256	0	2	11	3.217	1.575	NA	0.121	NA	-153.435	-153.435
317	11	20	19.716	42.256	0	2	46	3.326	1.579	NA	0.109	NA	0	153.435
318	11	21	19.336	42.093	0	2	11	3.739	1.438	NA	0.414	NA	-156.801	-156.801
319	11	22	19.716	42.093	0	2	46	4.12	1.416	NA	0.38	NA	0	156.801
320	11	23	19.444	42.093	0	2	34	4.391	1.422	NA	0.272	NA	180	180
321	11	24	19.661	42.31	0	2	81	4.698	1.63	NA	0.307	NA	45	-135
322	11	25	19.661	42.364	0	2	81	4.753	1.685	NA	0.054	NA	90	45
323	11	26	19.824	42.636	0	2	0	5.069	1.967	NA	0.317	NA	59.036	-30.964
324	11	27	19.661	42.419	0	2	34	5.341	1.739	NA	0.272	NA	-126.87	174.094
325	11	28	19.444	42.527	0	2	104	5.584	1.854	NA	0.243	NA	153.435	-79.695
326	11	29	19.498	42.799	0	2	46	5.861	2.121	NA	0.277	NA	78.69	-74.745
327	11	30	19.661	42.527	0	2	46	6.178	1.847	NA	0.317	NA	-59.036	-137.726
328	11	31	19.498	42.744	0	2	81	6.449	2.067	NA	0.272	NA	126.87	-174.094
329	12	1	19.336	42.69	0	2	23	0	0	NA	NA	NA	NA	NA
330	12	2	19.77	42.256	0	2	58	0.614	0.614	NA	0.614	NA	-45	NA
331	12	3	19.716	42.256	0	2	34	0.669	0.577	NA	0.054	NA	180	-135
332	12	4	19.607	42.364	0	2	23	0.822	0.424	NA	0.154	NA	135	-45
333	12	5	19.336	42.419	0	2	34	1.099	0.272	NA	0.277	NA	168.69	33.69
334	12	6	19.281	42.636	0	2	23	1.323	0.077	NA	0.224	NA	104.036	-64.654
335	12	7	19.227	42.582	0	2	58	1.4	0.154	NA	0.077	NA	-135	120.964
336	12	8	19.227	42.582	0	2	58	1.4	0.154	NA	0	NA	0	135
337	12	9	19.118	42.527	0	2	58	1.522	0.272	NA	0.121	NA	-153.435	-153.435
338	12	10	19.064	42.527	0	2	11	1.576	0.317	NA	0.054	NA	180	-26.565
339	12	11	19.064	42.527	0	2	34	1.576	0.317	NA	0	NA	0	-180
340	12	12	19.173	42.636	0	2	46	1.729	0.172	NA	0.154	NA	45	45
341	12	13	19.336	42.69	0	2	23	1.901	0	NA	0.172	NA	18.435	-26.565
342	12	14	19.336	42.69	0	2	34	1.901	0	NA	0	NA	0	-18.435
343	12	15	19.336	42.69	0	2	23	1.901	0	NA	0	NA	0	0
344	12	16	19.281	42.364	0	2	58	2.232	0.33	NA	0.33	NA	-99.462	-99.462
345	12	17	19.607	42.364	0	2	23	2.558	0.424	NA	0.326	NA	0	99.462
346	12	18	19.336	42.636	0	2	23	2.942	0.054	NA	0.384	NA	135	135
347	12	19	19.498	42.799	0	2	58	3.172	0.196	NA	0.23	NA	45	-90
348	12	20	19.553	42.962	0	2	81	3.344	0.348	NA	0.172	NA	71.565	26.565
349	12	21	19.607	43.125	0	2	69	3.515	0.512	NA	0.172	NA	71.565	0
350	12	22	19.607	43.179	0	2	69	3.57	0.559	NA	0.054	NA	90	18.435
351	12	23	19.607	43.396	0	2	23	3.787	0.756	NA	0.217	NA	90	0
352	12	24	19.661	43.451	0	2	69	3.864	0.827	NA	0.077	NA	45	-45
353	12	25	19.661	43.722	0	2	81	4.135	1.082	NA	0.272	NA	90	45
354	12	26	19.824	43.722	0	2	69	4.298	1.142	NA	0.163	NA	0	-90
355	12	27	19.716	43.885	0	2	69	4.494	1.254	NA	0.196	NA	123.69	123.69
356	12	28	19.824	43.776	0	2	23	4.648	1.191	NA	0.154	NA	-45	-168.69
357	12	29	20.042	43.722	0	2	0	4.872	1.25	NA	0.224	NA	-14.036	30.964
358	12	30	20.259	43.668	0	2	58	5.096	1.345	NA	0.224	NA	-14.036	0
359	12	31	20.422	43.776	0	2	128	5.292	1.536	NA	0.196	NA	33.69	47.726
360	12	32	20.585	43.831	0	2	46	5.463	1.692	NA	0.172	NA	18.435	-15.255
361	12	33	20.585	43.831	0	2	46	5.463	1.692	NA	0	NA	0	-18.435
362	12	34	20.639	43.994	0	2	11	5.635	1.843	NA	0.172	NA	71.565	71.565
363	12	35	20.476	43.994	0	2	69	5.798	1.732	NA	0.163	NA	180	108.435
364	12	36	20.476	43.939	0	2	34	5.852	1.692	NA	0.054	NA	-90	90
365	12	37	20.476	43.939	0	2	0	5.852	1.692	NA	0	NA	0	90
366	12	38	20.259	43.939	0	2	46	6.07	1.553	NA	0.217	NA	180	180
367	12	39	20.476	44.157	0	2	104	6.377	1.858	NA	0.307	NA	45	-135
368	12	40	20.367	44.102	0	2	93	6.498	1.749	NA	0.121	NA	-153.435	161.565
369	12	41	20.367	44.32	0	2	58	6.715	1.929	NA	0.217	NA	90	-116.565
370	12	42	20.53	44.591	0	2	23	7.032	2.245	NA	0.317	NA	59.036	-30.964
371	12	43	21.019	45.297	0	2	46	7.891	3.103	NA	0.859	NA	55.305	-3.731
372	12	44	20.802	45.623	0	2	81	8.283	3.279	NA	0.392	NA	123.69	68.385
373	12	45	21.128	45.84	0	2	23	8.674	3.624	NA	0.392	NA	33.69	-90
374	13	1	19.824	43.288	0	2	23	0	0	NA	NA	NA	NA	NA
375	13	2	19.716	43.559	0	2	58	0.292	0.292	NA	0.292	NA	111.801	NA
376	13	3	19.716	43.614	0	2	81	0.347	0.344	NA	0.054	NA	90	-21.801
377	13	4	19.716	43.614	0	2	0	0.347	0.344	NA	0	NA	0	-90
378	13	5	19.553	43.776	0	2	139	0.577	0.559	NA	0.23	NA	135	135
379	13	6	19.553	44.102	0	2	58	0.903	0.859	NA	0.326	NA	90	-45
380	13	7	19.553	44.102	0	2	11	0.903	0.859	NA	0	NA	0	-90
381	13	8	19.77	44.048	0	2	58	1.127	0.762	NA	0.224	NA	-14.036	-14.036
382	13	9	19.77	43.722	0	2	104	1.453	0.438	NA	0.326	NA	-90	-75.964
383	13	10	19.77	43.722	0	2	69	1.453	0.438	NA	0	NA	0	90
384	13	11	20.042	46.112	0	2	11	3.858	2.833	NA	2.405	NA	83.517	83.517
385	14	1	21.834	42.527	0	2	93	0	0	NA	NA	NA	NA	NA
386	14	2	22.105	42.582	0	2	81	0.277	0.277	NA	0.277	NA	11.31	NA
387	14	3	22.214	43.722	0	2	34	1.423	1.254	NA	1.146	NA	84.56	73.25
388	14	4	22.105	44.808	0	2	69	2.514	2.297	NA	1.092	NA	95.711	11.151
389	14	5	21.888	44.917	0	2	104	2.757	2.39	NA	0.243	NA	153.435	57.724
390	14	6	21.943	45.134	0	2	151	2.981	2.609	NA	0.224	NA	75.964	-77.471
391	14	7	21.943	45.297	0	2	93	3.144	2.772	NA	0.163	NA	90	14.036
392	14	8	21.943	45.297	0	2	69	3.144	2.772	NA	0	NA	0	-90
393	14	9	21.943	45.732	0	2	93	3.579	3.206	NA	0.435	NA	90	90
394	14	10	21.943	45.732	0	2	58	3.579	3.206	NA	0	NA	0	-90
395	14	11	21.943	45.786	0	2	81	3.633	3.261	NA	0.054	NA	90	90
396	14	12	22.214	45.406	0	2	46	4.1	2.904	NA	0.467	NA	-54.462	-144.462
397	14	13	22.16	45.623	0	2	186	4.324	3.113	NA	0.224	NA	104.036	158.499
398	14	14	22.16	45.623	0	2	46	4.324	3.113	NA	0	NA	0	-104.036
399	14	15	22.268	45.623	0	2	46	4.433	3.126	NA	0.109	NA	0	0
400	14	16	22.105	45.949	0	2	93	4.797	3.432	NA	0.364	NA	116.565	116.565
401	14	17	22.105	45.949	0	2	58	4.797	3.432	NA	0	NA	0	-116.565
402	14	18	22.105	45.949	0	2	46	4.797	3.432	NA	0	NA	0	0
403	14	19	21.888	46.166	0	2	104	5.104	3.639	NA	0.307	NA	135	135
404	14	20	22.105	45.84	0	2	104	5.496	3.324	NA	0.392	NA	-56.31	168.69
405	14	21	21.943	45.84	0	2	116	5.659	3.315	NA	0.163	NA	180	-123.69
406	14	22	21.943	45.406	0	2	174	6.093	2.881	NA	0.435	NA	-90	90
407	14	23	22.051	45.623	0	2	69	6.336	3.103	NA	0.243	NA	63.435	153.435
408	14	24	22.105	45.623	0	2	104	6.391	3.108	NA	0.054	NA	0	-63.435
409	14	25	22.105	45.623	0	2	116	6.391	3.108	NA	0	NA	0	0
410	14	26	21.943	45.786	0	2	69	6.621	3.261	NA	0.23	NA	135	135
411	14	27	21.834	45.949	0	2	0	6.817	3.422	NA	0.196	NA	123.69	-11.31
412	14	28	22.051	45.352	0	2	116	7.453	2.833	NA	0.636	NA	-70.017	166.293
413	14	29	22.105	44.591	0	2	104	8.215	2.082	NA	0.762	NA	-85.914	-15.897
414	14	30	22.051	43.668	0	2	58	9.14	1.161	NA	0.925	NA	-93.366	-7.452
415	14	31	22.268	43.614	0	2	139	9.364	1.17	NA	0.224	NA	-14.036	79.33
416	14	32	22.16	43.288	0	2	104	9.707	0.827	NA	0.344	NA	-108.435	-94.399
417	14	33	22.649	43.831	0	2	104	10.438	1.537	NA	0.731	NA	48.013	156.448
418	14	34	22.54	44.374	0	2	163	10.992	1.977	NA	0.554	NA	101.31	53.297
419	15	1	23.681	43.451	0	2	58	0	0	NA	NA	NA	NA	NA
420	15	2	23.735	44.048	0	2	0	0.6	0.6	NA	0.6	NA	84.806	NA
421	15	3	24.006	43.614	0	2	69	1.112	0.364	NA	0.512	NA	-57.995	-142.8
422	15	4	24.006	43.776	0	2	23	1.275	0.461	NA	0.163	NA	90	147.995
423	15	5	23.735	43.994	0	2	104	1.623	0.546	NA	0.348	NA	141.34	51.34
424	15	6	23.626	44.211	0	2	46	1.866	0.762	NA	0.243	NA	116.565	-24.775
425	15	7	23.789	45.08	0	2	34	2.75	1.633	NA	0.884	NA	79.38	-37.185
426	15	8	23.463	45.514	0	2	58	3.293	2.075	NA	0.543	NA	126.87	47.49
427	15	9	23.518	45.514	0	2	46	3.348	2.07	NA	0.054	NA	0	-126.87
428	15	10	23.626	45.786	0	2	23	3.64	2.336	NA	0.292	NA	68.199	68.199
429	15	11	23.463	46.275	0	2	58	4.155	2.833	NA	0.515	NA	108.435	40.236
430	15	12	23.409	46.383	0	2	34	4.277	2.945	NA	0.121	NA	116.565	8.13
431	15	13	23.246	46.058	0	2	93	4.641	2.643	NA	0.364	NA	-116.565	126.87
432	15	14	23.355	46.003	0	2	93	4.762	2.573	NA	0.121	NA	-26.565	90
433	15	15	23.355	46.058	0	2	11	4.817	2.627	NA	0.054	NA	90	116.565
434	15	16	23.246	46.275	0	2	93	5.06	2.858	NA	0.243	NA	116.565	26.565
435	15	17	23.137	46.275	0	2	69	5.168	2.876	NA	0.109	NA	180	63.435
436	15	18	23.137	46.003	0	2	93	5.44	2.61	NA	0.272	NA	-90	90
437	15	19	23.355	45.84	0	2	93	5.711	2.412	NA	0.272	NA	-36.87	53.13
438	15	20	23.355	45.84	0	2	128	5.711	2.412	NA	0	NA	0	36.87
439	15	21	23.192	45.786	0	2	128	5.883	2.386	NA	0.172	NA	-161.565	-161.565
440	15	22	23.3	45.46	0	2	139	6.227	2.045	NA	0.344	NA	-71.565	90
441	15	23	23.3	45.46	0	2	104	6.227	2.045	NA	0	NA	0	71.565
442	15	24	23.246	45.732	0	2	69	6.504	2.322	NA	0.277	NA	101.31	101.31
443	15	25	23.029	45.732	0	2	69	6.721	2.372	NA	0.217	NA	180	78.69
444	15	26	23.083	45.623	0	2	46	6.842	2.253	NA	0.121	NA	-63.435	116.565
445	15	27	22.812	45.895	0	2	163	7.226	2.594	NA	0.384	NA	135	-161.565
446	15	28	22.812	45.46	0	2	0	7.661	2.189	NA	0.435	NA	-90	135
447	15	29	22.92	45.46	0	2	69	7.77	2.149	NA	0.109	NA	0	90
448	16	1	22.974	35.901	0	2	116	0	0	NA	NA	NA	NA	NA
449	16	2	22.974	35.955	0	2	93	0.054	0.054	NA	0.054	NA	90	NA
450	16	3	22.866	36.064	0	2	116	0.208	0.196	NA	0.154	NA	135	45
451	16	4	22.92	36.01	0	2	23	0.285	0.121	NA	0.077	NA	-45	-180
452	16	5	23.192	35.738	0	2	58	0.669	0.272	NA	0.384	NA	-45	0
453	16	6	23.029	35.901	0	2	58	0.899	0.054	NA	0.23	NA	135	180
454	16	7	23.029	35.955	0	2	163	0.954	0.077	NA	0.054	NA	90	-45
455	16	8	23.029	36.064	0	2	163	1.062	0.172	NA	0.109	NA	90	0
456	16	9	23.246	36.01	0	2	34	1.286	0.292	NA	0.224	NA	-14.036	-104.036
457	16	10	23.192	36.118	0	2	11	1.408	0.307	NA	0.121	NA	116.565	130.601
458	16	11	23.083	36.498	0	2	93	1.803	0.607	NA	0.395	NA	105.945	-10.62
459	16	12	22.92	36.498	0	2	58	1.966	0.6	NA	0.163	NA	180	74.055
460	16	13	23.029	36.444	0	2	81	2.087	0.546	NA	0.121	NA	-26.565	153.435
461	16	14	23.029	36.336	0	2	163	2.196	0.438	NA	0.109	NA	-90	-63.435
462	16	15	22.974	36.553	0	2	128	2.42	0.652	NA	0.224	NA	104.036	-165.964
463	16	16	22.974	36.553	0	2	58	2.42	0.652	NA	0	NA	0	-104.036
464	16	17	22.92	36.607	0	2	163	2.497	0.708	NA	0.077	NA	135	135
465	16	18	22.974	36.607	0	2	139	2.551	0.706	NA	0.054	NA	0	-135
466	16	19	23.083	36.607	0	2	93	2.66	0.714	NA	0.109	NA	0	0
467	16	20	23.029	36.879	0	2	81	2.937	0.979	NA	0.277	NA	101.31	101.31
468	16	21	23.029	36.987	0	2	34	3.045	1.088	NA	0.109	NA	90	-11.31
469	16	22	23.029	36.987	0	2	81	3.045	1.088	NA	0	NA	0	-90
470	16	23	22.974	37.042	0	2	104	3.122	1.141	NA	0.077	NA	135	135
471	16	24	22.866	37.313	0	2	23	3.415	1.416	NA	0.292	NA	111.801	-23.199
472	16	25	22.866	37.205	0	2	93	3.523	1.308	NA	0.109	NA	-90	158.199
473	16	26	22.866	37.15	0	2	186	3.577	1.254	NA	0.054	NA	-90	0
474	16	27	22.974	37.856	0	2	198	4.292	1.955	NA	0.714	NA	81.254	171.254
475	16	28	22.703	39.54	0	2	46	5.997	3.649	NA	1.705	NA	99.162	17.909
476	16	29	22.54	39.757	0	2	104	6.269	3.881	NA	0.272	NA	126.87	27.708
477	16	30	22.649	39.866	0	2	69	6.423	3.978	NA	0.154	NA	45	-81.87
478	16	31	22.594	40.137	0	2	69	6.699	4.253	NA	0.277	NA	101.31	56.31
479	16	32	22.703	40.463	0	2	58	7.043	4.57	NA	0.344	NA	71.565	-29.745
480	16	33	22.594	40.409	0	2	46	7.164	4.524	NA	0.121	NA	-153.435	135
481	16	34	22.377	40.355	0	2	46	7.388	4.494	NA	0.224	NA	-165.964	-12.529
482	16	35	22.377	40.463	0	2	93	7.497	4.601	NA	0.109	NA	90	-104.036
483	16	36	22.377	40.518	0	2	69	7.551	4.655	NA	0.054	NA	90	0
484	16	37	22.268	40.626	0	2	46	7.705	4.778	NA	0.154	NA	135	45
485	16	38	22.431	40.789	0	2	81	7.935	4.918	NA	0.23	NA	45	-90
486	16	39	22.594	40.626	0	2	46	8.166	4.741	NA	0.23	NA	-45	-90
487	16	40	22.54	40.626	0	2	23	8.22	4.745	NA	0.054	NA	180	-135
488	16	41	22.486	40.626	0	2	81	8.274	4.75	NA	0.054	NA	180	0
489	16	42	22.486	40.626	0	2	69	8.274	4.75	NA	0	NA	0	-180
490	16	43	22.377	40.518	0	2	93	8.428	4.655	NA	0.154	NA	-135	-135
491	16	44	22.377	40.409	0	2	151	8.537	4.547	NA	0.109	NA	-90	45
492	16	45	22.323	40.409	0	2	186	8.591	4.555	NA	0.054	NA	180	-90
493	16	46	22.105	39.975	0	2	151	9.077	4.165	NA	0.486	NA	-116.565	63.435
494	16	47	22.431	38.074	0	2	34	11.005	2.239	NA	1.929	NA	-80.272	36.293
495	17	1	20.965	35.141	0	2	46	0	0	NA	NA	NA	NA	NA
496	17	2	20.965	35.141	0	2	81	0	0	NA	0	NA	0	NA
497	17	3	20.965	35.141	0	2	46	0	0	NA	0	NA	0	0
498	17	4	21.074	35.141	0	2	23	0.109	0.109	NA	0.109	NA	0	0
499	17	5	21.236	35.141	0	2	81	0.272	0.272	NA	0.163	NA	0	0
500	17	6	21.834	35.249	0	2	128	0.879	0.876	NA	0.607	NA	10.305	10.305
501	17	7	21.671	35.521	0	2	81	1.196	0.802	NA	0.317	NA	120.964	110.659
502	17	8	21.671	35.521	0	2	81	1.196	0.802	NA	0	NA	0	-120.964
503	17	9	21.671	35.412	0	2	58	1.304	0.756	NA	0.109	NA	-90	-90
504	17	10	21.562	35.412	0	2	104	1.413	0.656	NA	0.109	NA	180	-90
505	17	11	21.562	35.412	0	2	11	1.413	0.656	NA	0	NA	0	-180
506	17	12	21.182	35.738	0	2	163	1.913	0.636	NA	0.501	NA	139.399	139.399
507	17	13	21.508	36.227	0	2	128	2.501	1.214	NA	0.587	NA	56.31	-83.089
508	17	14	21.128	36.227	0	2	46	2.881	1.098	NA	0.38	NA	180	123.69
509	17	15	21.345	36.064	0	2	58	3.153	0.999	NA	0.272	NA	-36.87	143.13
510	17	16	21.291	36.281	0	2	81	3.377	1.186	NA	0.224	NA	104.036	140.906
511	18	1	21.671	35.467	0	2	69	0	0	NA	NA	NA	NA	NA
512	18	2	21.725	35.629	0	2	116	0.172	0.172	NA	0.172	NA	71.565	NA
513	18	3	21.671	35.629	0	2	23	0.226	0.163	NA	0.054	NA	180	108.435
514	18	4	21.454	36.281	0	2	46	0.913	0.843	NA	0.687	NA	108.435	-71.565
515	18	5	20.911	36.824	0	2	34	1.681	1.556	NA	0.768	NA	135	26.565
516	18	6	20.693	36.824	0	2	93	1.898	1.673	NA	0.217	NA	180	45
517	18	7	20.53	37.096	0	2	69	2.215	1.989	NA	0.317	NA	120.964	-59.036
518	18	8	21.508	37.367	0	2	69	3.23	1.908	NA	1.015	NA	15.524	-105.44
519	19	1	23.246	32.534	0	2	34	0	0	NA	NA	NA	NA	NA
520	19	2	23.246	32.262	0	2	34	0.272	0.272	NA	0.272	NA	-90	NA
521	19	3	23.355	32.262	0	2	163	0.38	0.292	NA	0.109	NA	0	90
522	19	4	23.355	32.262	0	2	81	0.38	0.292	NA	0	NA	0	0
523	19	5	23.3	32.262	0	2	128	0.435	0.277	NA	0.054	NA	180	180
524	19	6	23.192	32.588	0	2	23	0.778	0.077	NA	0.344	NA	108.435	-71.565
525	19	7	23.029	34.272	0	2	93	2.47	1.752	NA	1.692	NA	95.528	-12.907
526	19	8	22.377	36.39	0	2	104	4.686	3.953	NA	2.216	NA	107.103	11.575
527	19	9	22.377	36.444	0	2	163	4.74	4.006	NA	0.054	NA	90	-17.103
528	19	10	22.268	36.118	0	2	255	5.084	3.716	NA	0.344	NA	-108.435	161.565
529	19	11	22.486	36.336	0	2	81	5.391	3.877	NA	0.307	NA	45	153.435
530	19	12	22.377	35.955	0	2	209	5.786	3.53	NA	0.395	NA	-105.945	-150.945
531	19	13	22.431	36.01	0	2	151	5.863	3.57	NA	0.077	NA	45	150.945
532	19	14	22.431	36.227	0	2	139	6.08	3.782	NA	0.217	NA	90	45
533	19	15	22.323	36.281	0	2	23	6.202	3.86	NA	0.121	NA	153.435	63.435
534	19	16	22.16	36.336	0	2	93	6.374	3.954	NA	0.172	NA	161.565	8.13
535	19	17	22.16	36.227	0	2	93	6.482	3.85	NA	0.109	NA	-90	108.435
536	19	18	22.323	36.498	0	2	69	6.799	4.071	NA	0.317	NA	59.036	149.036
537	19	19	22.323	36.498	0	2	104	6.799	4.071	NA	0	NA	0	-59.036
538	19	20	22.323	36.553	0	2	58	6.853	4.124	NA	0.054	NA	90	90
539	19	21	22.486	37.096	0	2	34	7.42	4.625	NA	0.567	NA	73.301	-16.699
540	19	22	22.54	36.607	0	2	209	7.912	4.134	NA	0.492	NA	-83.66	-156.961
541	19	23	22.54	36.661	0	2	93	7.966	4.188	NA	0.054	NA	90	173.66
542	20	1	23.3	31.556	0	2	46	0	0	NA	NA	NA	NA	NA
543	20	2	23.3	32.371	0	2	23	0.815	0.815	NA	0.815	NA	90	NA
544	20	3	23.029	33.131	0	2	0	1.622	1.598	NA	0.807	NA	109.654	19.654
545	20	4	22.866	33.891	0	2	58	2.4	2.376	NA	0.778	NA	102.095	-7.559
546	20	5	22.214	34.978	0	2	93	3.667	3.59	NA	1.267	NA	120.964	18.869
547	20	6	22.051	36.173	0	2	34	4.873	4.783	NA	1.206	NA	97.765	-23.199
548	20	7	21.943	35.955	0	2	34	5.115	4.604	NA	0.243	NA	-116.565	145.67
549	20	8	22.214	35.684	0	2	174	5.499	4.268	NA	0.384	NA	-45	71.565
550	21	1	22.377	37.911	0	2	116	0	0	NA	NA	NA	NA	NA
551	21	2	22.431	38.019	0	2	128	0.121	0.121	NA	0.121	NA	63.435	NA
552	21	3	22.323	38.019	0	2	58	0.23	0.121	NA	0.109	NA	180	116.565
553	21	4	22.268	38.019	0	2	46	0.284	0.154	NA	0.054	NA	180	0
554	21	5	22.214	38.291	0	2	69	0.561	0.414	NA	0.277	NA	101.31	-78.69
555	21	6	22.323	38.019	0	2	93	0.854	0.121	NA	0.292	NA	-68.199	-169.509
556	21	7	22.051	38.345	0	2	93	1.278	0.543	NA	0.424	NA	129.806	-161.996
557	21	8	21.78	38.617	0	2	93	1.662	0.925	NA	0.384	NA	135	5.194
558	21	9	21.78	38.617	0	2	104	1.662	0.925	NA	0	NA	0	-135
559	21	10	21.943	38.671	0	2	46	1.834	0.876	NA	0.172	NA	18.435	18.435
560	21	11	22.051	38.671	0	2	69	1.942	0.827	NA	0.109	NA	0	-18.435
561	21	12	22.051	38.671	0	2	34	1.942	0.827	NA	0	NA	0	0
562	21	13	22.105	38.671	0	2	116	1.997	0.807	NA	0.054	NA	0	0
563	21	14	22.105	38.671	0	2	93	1.997	0.807	NA	0	NA	0	0
564	21	15	22.105	38.671	0	2	93	1.997	0.807	NA	0	NA	0	0
565	21	16	21.834	38.725	0	2	151	2.274	0.979	NA	0.277	NA	168.69	168.69
566	21	17	21.671	38.888	0	2	58	2.504	1.206	NA	0.23	NA	135	-33.69
567	21	18	21.671	38.834	0	2	69	2.558	1.162	NA	0.054	NA	-90	135
568	21	19	21.671	38.834	0	2	93	2.558	1.162	NA	0	NA	0	90
569	21	20	21.671	38.834	0	2	93	2.558	1.162	NA	0	NA	0	0
570	21	21	21.943	39.106	0	2	46	2.943	1.271	NA	0.384	NA	45	45
571	21	22	21.888	39.16	0	2	128	3.019	1.341	NA	0.077	NA	135	90
572	21	23	21.997	39.323	0	2	34	3.215	1.462	NA	0.196	NA	56.31	-78.69
573	21	24	21.888	39.377	0	2	69	3.337	1.546	NA	0.121	NA	153.435	97.125
574	21	25	21.725	39.106	0	2	23	3.653	1.361	NA	0.317	NA	-120.964	85.601
575	21	26	21.943	39.377	0	2	104	4.001	1.529	NA	0.348	NA	51.34	172.304
576	21	27	22.16	39.703	0	2	128	4.393	1.805	NA	0.392	NA	56.31	4.97
577	21	28	22.16	39.92	0	2	81	4.61	2.021	NA	0.217	NA	90	33.69
578	21	29	21.725	40.192	0	2	46	5.122	2.372	NA	0.512	NA	147.995	57.995
579	21	30	21.943	40.083	0	2	69	5.365	2.216	NA	0.243	NA	-26.565	-174.56
580	21	31	22.105	39.757	0	2	104	5.73	1.867	NA	0.364	NA	-63.435	-36.87
