Nr	TID	PID	x [micron]	y [micron]	t [sec]	c [idx]	I [val]	Len [micron]	D2S [micron]	D2R [micron]	D2P [micron]	v [micron/sec]	? [deg]	?? [deg]
1	1	1	21.316	29.619	0	2	214	0	0	NA	NA	NA	NA	NA
2	1	2	21.373	29.79	0	2	233	0.181	0.181	NA	0.181	NA	71.565	NA
3	1	3	21.43	29.79	0	2	149	0.238	0.206	NA	0.057	NA	0	-71.565
4	1	4	21.316	29.79	0	2	214	0.353	0.172	NA	0.115	NA	180	180
5	1	5	21.316	29.848	0	2	139	0.41	0.229	NA	0.057	NA	90	-90
6	1	6	21.029	29.905	0	2	167	0.702	0.405	NA	0.292	NA	168.69	78.69
7	1	7	21.373	29.905	0	2	121	1.046	0.292	NA	0.344	NA	0	-168.69
8	1	8	20.915	30.077	0	2	37	1.535	0.609	NA	0.489	NA	159.444	159.444
9	1	9	20.972	30.191	0	2	83	1.663	0.668	NA	0.128	NA	63.435	-96.009
10	1	10	20.743	30.306	0	2	74	1.919	0.894	NA	0.256	NA	153.435	90
11	1	11	20.8	30.42	0	2	121	2.047	0.953	NA	0.128	NA	63.435	-90
12	1	12	20.8	30.478	0	2	55	2.104	1.002	NA	0.057	NA	90	26.565
13	1	13	20.915	30.535	0	2	46	2.232	1	NA	0.128	NA	26.565	-63.435
14	1	14	20.915	30.535	0	2	9	2.232	1	NA	0	NA	0	-26.565
15	1	15	21.144	30.249	0	2	55	2.599	0.653	NA	0.367	NA	-51.34	-51.34
16	1	16	21.201	30.363	0	2	27	2.727	0.753	NA	0.128	NA	63.435	114.775
17	1	17	20.514	30.019	0	2	46	3.495	0.896	NA	0.768	NA	-153.435	143.13
18	1	18	21.029	30.019	0	2	74	4.011	0.493	NA	0.515	NA	0	153.435
19	1	19	21.029	30.019	0	2	37	4.011	0.493	NA	0	NA	0	0
20	1	20	20.686	30.134	0	2	46	4.373	0.814	NA	0.362	NA	161.565	161.565
21	1	21	21.144	29.79	0	2	65	4.945	0.243	NA	0.573	NA	-36.87	161.565
22	1	22	21.316	29.79	0	2	55	5.117	0.172	NA	0.172	NA	0	36.87
23	1	23	21.201	29.733	0	2	102	5.245	0.162	NA	0.128	NA	-153.435	-153.435
24	1	24	21.316	29.733	0	2	55	5.36	0.115	NA	0.115	NA	0	153.435
25	1	25	20.972	29.733	0	2	83	5.703	0.362	NA	0.344	NA	180	180
26	1	26	21.144	29.733	0	2	18	5.875	0.206	NA	0.172	NA	0	-180
27	1	27	21.144	29.733	0	2	55	5.875	0.206	NA	0	NA	0	0
28	1	28	21.144	29.733	0	2	65	5.875	0.206	NA	0	NA	0	0
29	1	29	21.144	29.733	0	2	27	5.875	0.206	NA	0	NA	0	0
30	1	30	21.144	29.561	0	2	46	6.047	0.181	NA	0.172	NA	-90	-90
31	1	31	21.373	29.447	0	2	9	6.303	0.181	NA	0.256	NA	-26.565	63.435
32	1	32	21.258	29.39	0	2	37	6.431	0.236	NA	0.128	NA	-153.435	-126.87
33	1	33	21.258	29.39	0	2	37	6.431	0.236	NA	0	NA	0	153.435
34	1	34	21.43	29.161	0	2	18	6.717	0.472	NA	0.286	NA	-53.13	-53.13
35	1	35	21.487	28.989	0	2	74	6.898	0.653	NA	0.181	NA	-71.565	-18.435
36	1	36	21.545	29.161	0	2	65	7.08	0.512	NA	0.181	NA	71.565	143.13
37	1	37	21.602	29.103	0	2	74	7.161	0.59	NA	0.081	NA	-45	-116.565
38	1	38	21.602	29.103	0	2	83	7.161	0.59	NA	0	NA	0	45
39	1	39	21.717	28.989	0	2	27	7.322	0.747	NA	0.162	NA	-45	-45
40	1	40	21.602	28.932	0	2	102	7.451	0.744	NA	0.128	NA	-153.435	-108.435
41	1	41	21.717	28.932	0	2	83	7.565	0.796	NA	0.115	NA	0	153.435
42	1	42	21.831	28.932	0	2	46	7.68	0.859	NA	0.115	NA	0	0
43	1	43	21.659	29.103	0	2	111	7.923	0.619	NA	0.243	NA	135	135
44	1	44	21.659	29.103	0	2	55	7.923	0.619	NA	0	NA	0	-135
45	1	45	21.545	28.817	0	2	83	8.231	0.834	NA	0.308	NA	-111.801	-111.801
46	1	46	21.659	28.817	0	2	65	8.345	0.872	NA	0.115	NA	0	111.801
47	1	47	21.659	28.817	0	2	46	8.345	0.872	NA	0	NA	0	0
48	1	48	21.659	28.874	0	2	37	8.403	0.82	NA	0.057	NA	90	90
49	1	49	21.487	28.874	0	2	27	8.574	0.764	NA	0.172	NA	180	90
50	1	50	21.487	28.874	0	2	27	8.574	0.764	NA	0	NA	0	-180
51	2	1	20.686	29.161	0	2	167	0	0	NA	NA	NA	NA	NA
52	2	2	20.858	29.046	0	2	214	0.206	0.206	NA	0.206	NA	-33.69	NA
53	2	3	21.029	28.874	0	2	111	0.449	0.447	NA	0.243	NA	-45	-11.31
54	2	4	20.514	28.702	0	2	102	0.993	0.489	NA	0.543	NA	-161.565	-116.565
55	2	5	20.285	29.046	0	2	158	1.406	0.417	NA	0.413	NA	123.69	-74.745
56	2	6	20.4	29.218	0	2	149	1.612	0.292	NA	0.206	NA	56.31	-67.38
57	2	7	20.457	29.218	0	2	158	1.669	0.236	NA	0.057	NA	0	-56.31
58	2	8	20.285	29.218	0	2	65	1.841	0.405	NA	0.172	NA	180	180
59	2	9	20.514	29.218	0	2	111	2.07	0.181	NA	0.229	NA	0	-180
60	2	10	20.686	28.817	0	2	158	2.506	0.344	NA	0.436	NA	-66.801	-66.801
61	2	11	20.686	29.161	0	2	177	2.85	0	NA	0.344	NA	90	156.801
62	2	12	20.8	29.218	0	2	130	2.978	0.128	NA	0.128	NA	26.565	-63.435
63	2	13	20.686	29.39	0	2	121	3.184	0.229	NA	0.206	NA	123.69	97.125
64	2	14	20.629	29.619	0	2	139	3.42	0.462	NA	0.236	NA	104.036	-19.654
65	2	15	20.858	29.332	0	2	83	3.787	0.243	NA	0.367	NA	-51.34	-155.376
66	2	16	21.087	28.817	0	2	65	4.351	0.528	NA	0.564	NA	-66.038	-14.697
67	2	17	21.43	28.817	0	2	46	4.695	0.82	NA	0.344	NA	0	66.038
68	2	18	21.373	28.817	0	2	74	4.752	0.768	NA	0.057	NA	180	180
69	2	19	21.316	28.874	0	2	111	4.833	0.692	NA	0.081	NA	135	-45
70	2	20	21.316	28.874	0	2	55	4.833	0.692	NA	0	NA	0	-135
71	2	21	21.087	28.932	0	2	93	5.069	0.462	NA	0.236	NA	165.964	165.964
72	2	22	21.087	28.932	0	2	130	5.069	0.462	NA	0	NA	0	-165.964
73	2	23	21.087	28.817	0	2	83	5.183	0.528	NA	0.115	NA	-90	-90
74	2	24	21.087	28.645	0	2	102	5.355	0.653	NA	0.172	NA	-90	0
75	2	25	21.029	28.874	0	2	139	5.591	0.447	NA	0.236	NA	104.036	-165.964
76	2	26	21.029	28.645	0	2	111	5.82	0.619	NA	0.229	NA	-90	165.964
77	2	27	21.087	28.645	0	2	55	5.878	0.653	NA	0.057	NA	0	90
78	2	28	21.087	28.645	0	2	121	5.878	0.653	NA	0	NA	0	0
79	2	29	21.087	28.588	0	2	93	5.935	0.699	NA	0.057	NA	-90	-90
80	2	30	20.972	28.359	0	2	37	6.191	0.851	NA	0.256	NA	-116.565	-26.565
81	2	31	21.029	28.244	0	2	65	6.319	0.978	NA	0.128	NA	-63.435	53.13
82	2	32	20.972	28.187	0	2	121	6.4	1.015	NA	0.081	NA	-135	-71.565
83	2	33	20.972	28.187	0	2	102	6.4	1.015	NA	0	NA	0	135
84	2	34	20.858	28.073	0	2	93	6.562	1.101	NA	0.162	NA	-135	-135
85	2	35	20.915	27.958	0	2	74	6.69	1.224	NA	0.128	NA	-63.435	71.565
86	2	36	21.029	27.901	0	2	102	6.818	1.306	NA	0.128	NA	-26.565	36.87
87	2	37	21.029	28.187	0	2	27	7.104	1.032	NA	0.286	NA	90	116.565
88	2	38	21.029	28.13	0	2	46	7.162	1.086	NA	0.057	NA	-90	-180
89	2	39	21.201	28.13	0	2	65	7.333	1.152	NA	0.172	NA	0	90
90	2	40	21.144	28.13	0	2	102	7.391	1.128	NA	0.057	NA	180	180
91	2	41	21.201	28.187	0	2	74	7.472	1.101	NA	0.081	NA	45	-135
92	2	42	21.602	27.729	0	2	37	8.08	1.7	NA	0.609	NA	-48.814	-93.814
93	2	43	21.774	27.672	0	2	83	8.261	1.844	NA	0.181	NA	-18.435	30.379
94	2	44	21.258	27.729	0	2	46	8.78	1.542	NA	0.519	NA	173.66	-167.905
95	2	45	21.774	27.5	0	2	46	9.344	1.985	NA	0.564	NA	-23.962	162.378
96	2	46	21.602	27.214	0	2	9	9.678	2.152	NA	0.334	NA	-120.964	-97.001
97	2	47	21.545	27.385	0	2	83	9.859	1.972	NA	0.181	NA	108.435	-130.601
98	2	48	21.316	27.385	0	2	46	10.088	1.884	NA	0.229	NA	180	71.565
99	2	49	21.659	27.385	0	2	18	10.431	2.025	NA	0.344	NA	0	-180
100	2	50	21.831	27.099	0	2	102	10.765	2.358	NA	0.334	NA	-59.036	-59.036
101	3	1	18.739	29.504	0	2	65	0	0	NA	NA	NA	NA	NA
102	3	2	18.739	29.504	0	2	46	0	0	NA	0	NA	0	NA
103	3	3	18.395	29.39	0	2	18	0.362	0.362	NA	0.362	NA	-161.565	-161.565
104	3	4	18.853	29.619	0	2	0	0.874	0.162	NA	0.512	NA	26.565	-171.87
105	3	5	18.624	29.39	0	2	46	1.198	0.162	NA	0.324	NA	-135	-161.565
106	3	6	18.853	29.676	0	2	83	1.565	0.206	NA	0.367	NA	51.34	-173.66
107	3	7	18.853	29.676	0	2	46	1.565	0.206	NA	0	NA	0	-51.34
108	3	8	19.827	28.645	0	2	121	2.983	1.386	NA	1.418	NA	-46.637	-46.637
109	3	9	20.915	28.015	0	2	37	4.24	2.637	NA	1.257	NA	-30.069	16.568
110	3	10	21.087	28.13	0	2	46	4.446	2.72	NA	0.206	NA	33.69	63.759
111	3	11	20.629	28.359	0	2	111	4.958	2.21	NA	0.512	NA	153.435	119.745
112	3	12	20.686	28.359	0	2	121	5.016	2.259	NA	0.057	NA	0	-153.435
113	3	13	20.743	28.187	0	2	55	5.197	2.398	NA	0.181	NA	-71.565	-71.565
114	3	14	20.915	28.359	0	2	65	5.44	2.459	NA	0.243	NA	45	116.565
115	3	15	20.858	28.187	0	2	65	5.621	2.495	NA	0.181	NA	-108.435	-153.435
116	3	16	20.743	28.531	0	2	102	5.983	2.228	NA	0.362	NA	108.435	-143.13
117	3	17	21.029	28.473	0	2	83	6.275	2.512	NA	0.292	NA	-11.31	-119.745
118	4	1	17.823	36.089	0	2	83	0	0	NA	NA	NA	NA	NA
119	4	2	17.823	36.089	0	2	27	0	0	NA	0	NA	0	NA
120	4	3	17.765	36.318	0	2	46	0.236	0.236	NA	0.236	NA	104.036	104.036
121	4	4	17.765	36.318	0	2	65	0.236	0.236	NA	0	NA	0	-104.036
122	4	5	17.765	36.433	0	2	46	0.351	0.348	NA	0.115	NA	90	90
123	4	6	17.765	36.376	0	2	74	0.408	0.292	NA	0.057	NA	-90	-180
124	4	7	17.765	35.574	0	2	65	1.21	0.519	NA	0.802	NA	-90	0
125	4	8	17.937	35.402	0	2	65	1.452	0.697	NA	0.243	NA	-45	45
126	4	9	18.052	35.631	0	2	37	1.709	0.512	NA	0.256	NA	63.435	108.435
127	4	10	18.052	35.803	0	2	121	1.88	0.367	NA	0.172	NA	90	26.565
128	4	11	18.166	35.803	0	2	46	1.995	0.447	NA	0.115	NA	0	-90
129	4	12	18.109	35.975	0	2	46	2.176	0.308	NA	0.181	NA	108.435	108.435
130	4	13	17.995	35.975	0	2	74	2.29	0.206	NA	0.115	NA	180	71.565
131	4	14	17.995	35.917	0	2	18	2.348	0.243	NA	0.057	NA	-90	90
132	4	15	18.224	35.917	0	2	55	2.577	0.436	NA	0.229	NA	0	90
133	4	16	18.281	36.147	0	2	55	2.813	0.462	NA	0.236	NA	75.964	75.964
134	4	17	18.224	36.147	0	2	46	2.87	0.405	NA	0.057	NA	180	104.036
135	4	18	18.281	36.376	0	2	37	3.106	0.54	NA	0.236	NA	75.964	-104.036
136	4	19	18.224	36.433	0	2	27	3.187	0.528	NA	0.081	NA	135	59.036
137	4	20	18.224	36.433	0	2	27	3.187	0.528	NA	0	NA	0	-135
138	4	21	18.224	36.261	0	2	83	3.359	0.436	NA	0.172	NA	-90	-90
139	4	22	18.338	36.261	0	2	46	3.474	0.543	NA	0.115	NA	0	90
140	4	23	18.51	36.318	0	2	18	3.655	0.724	NA	0.181	NA	18.435	18.435
141	4	24	18.739	36.147	0	2	46	3.941	0.918	NA	0.286	NA	-36.87	-55.305
142	4	25	18.739	36.147	0	2	18	3.941	0.918	NA	0	NA	0	36.87
143	4	26	18.739	36.147	0	2	46	3.941	0.918	NA	0	NA	0	0
144	4	27	18.682	36.147	0	2	55	3.998	0.861	NA	0.057	NA	180	180
145	4	28	18.567	35.975	0	2	65	4.205	0.753	NA	0.206	NA	-123.69	56.31
146	4	29	18.739	35.975	0	2	27	4.376	0.923	NA	0.172	NA	0	123.69
147	4	30	18.739	35.975	0	2	18	4.376	0.923	NA	0	NA	0	0
148	4	31	18.739	35.975	0	2	37	4.376	0.923	NA	0	NA	0	0
149	4	32	18.682	36.089	0	2	0	4.504	0.859	NA	0.128	NA	116.565	116.565
150	4	33	18.911	35.917	0	2	37	4.791	1.101	NA	0.286	NA	-36.87	-153.435
151	4	34	19.197	35.917	0	2	0	5.077	1.385	NA	0.286	NA	0	36.87
152	4	35	18.739	35.917	0	2	46	5.535	0.932	NA	0.458	NA	180	180
153	4	36	18.453	36.147	0	2	46	5.902	0.632	NA	0.367	NA	141.34	-38.66
154	4	37	18.739	36.089	0	2	9	6.194	0.916	NA	0.292	NA	-11.31	-152.65
155	7	1	17.823	36.891	0	2	18	0	0	NA	NA	NA	NA	NA
156	7	2	17.823	36.891	0	2	9	0	0	NA	0	NA	0	NA
157	7	3	17.765	37.177	0	2	46	0.292	0.292	NA	0.292	NA	101.31	101.31
158	7	4	17.823	36.605	0	2	74	0.867	0.286	NA	0.575	NA	-84.289	174.401
159	7	5	17.708	36.891	0	2	93	1.176	0.115	NA	0.308	NA	111.801	-163.909
160	7	6	18.224	36.605	0	2	37	1.765	0.493	NA	0.59	NA	-29.055	-140.856
161	7	7	17.651	36.318	0	2	55	2.406	0.598	NA	0.64	NA	-153.435	-124.38
162	7	8	17.708	36.376	0	2	55	2.487	0.528	NA	0.081	NA	45	-161.565
163	7	9	17.823	36.719	0	2	27	2.849	0.172	NA	0.362	NA	71.565	26.565
164	7	10	17.88	36.605	0	2	55	2.977	0.292	NA	0.128	NA	-63.435	-135
165	7	11	17.88	36.49	0	2	37	3.091	0.405	NA	0.115	NA	-90	-26.565
166	7	12	17.823	36.318	0	2	37	3.272	0.573	NA	0.181	NA	-108.435	-18.435
167	7	13	17.594	36.089	0	2	74	3.596	0.834	NA	0.324	NA	-135	-26.565
168	7	14	17.536	36.032	0	2	27	3.677	0.905	NA	0.081	NA	-135	0
169	7	15	17.479	36.147	0	2	65	3.805	0.82	NA	0.128	NA	116.565	-108.435
170	7	16	17.536	36.147	0	2	37	3.863	0.798	NA	0.057	NA	0	-116.565
171	7	17	17.708	35.917	0	2	18	4.149	0.98	NA	0.286	NA	-53.13	-53.13
172	7	18	17.594	36.433	0	2	37	4.677	0.512	NA	0.528	NA	102.529	155.659
173	7	19	17.365	36.433	0	2	18	4.906	0.648	NA	0.229	NA	180	77.471
174	7	20	17.479	35.803	0	2	46	5.546	1.141	NA	0.64	NA	-79.695	100.305
175	7	21	17.536	35.688	0	2	27	5.674	1.236	NA	0.128	NA	-63.435	16.26
176	7	22	17.536	35.803	0	2	65	5.789	1.125	NA	0.115	NA	90	153.435
177	7	23	17.765	35.746	0	2	46	6.025	1.147	NA	0.236	NA	-14.036	-104.036
178	7	24	18.052	35.574	0	2	18	6.359	1.337	NA	0.334	NA	-30.964	-16.928
179	7	25	18.052	35.746	0	2	9	6.53	1.168	NA	0.172	NA	90	120.964
180	7	26	18.567	35.746	0	2	65	7.046	1.366	NA	0.515	NA	0	-90
181	7	27	18.51	35.746	0	2	46	7.103	1.336	NA	0.057	NA	180	180
182	7	28	18.224	35.746	0	2	18	7.389	1.213	NA	0.286	NA	180	0
183	7	29	18.166	35.803	0	2	46	7.47	1.141	NA	0.081	NA	135	-45
184	7	30	18.052	36.089	0	2	46	7.779	0.834	NA	0.308	NA	111.801	-23.199
185	7	31	18.052	36.204	0	2	27	7.893	0.724	NA	0.115	NA	90	-21.801
186	7	32	18.224	36.032	0	2	83	8.136	0.948	NA	0.243	NA	-45	-135
187	7	33	18.224	36.032	0	2	37	8.136	0.948	NA	0	NA	0	45
188	7	34	18.281	35.746	0	2	37	8.428	1.233	NA	0.292	NA	-78.69	-78.69
189	7	35	18.281	35.746	0	2	0	8.428	1.233	NA	0	NA	0	78.69
190	7	36	18.281	35.86	0	2	55	8.543	1.128	NA	0.115	NA	90	90
191	7	37	18.224	35.631	0	2	27	8.779	1.322	NA	0.236	NA	-104.036	165.964
192	7	38	18.567	35.517	0	2	37	9.141	1.563	NA	0.362	NA	-18.435	85.601
193	7	39	18.567	35.574	0	2	9	9.198	1.513	NA	0.057	NA	90	108.435
194	7	40	18.624	35.001	0	2	0	9.774	2.053	NA	0.575	NA	-84.289	-174.289
195	7	41	18.395	35.23	0	2	46	10.098	1.757	NA	0.324	NA	135	-140.711
196	7	42	18.453	35.402	0	2	37	10.279	1.617	NA	0.181	NA	71.565	-63.435
197	7	43	18.453	35.459	0	2	18	10.336	1.564	NA	0.057	NA	90	18.435
198	7	44	18.51	36.032	0	2	18	10.911	1.1	NA	0.575	NA	84.289	-5.711
199	7	45	18.395	36.261	0	2	18	11.167	0.851	NA	0.256	NA	116.565	32.276
200	7	46	17.995	36.662	0	2	9	11.734	0.286	NA	0.567	NA	135	18.435
201	7	47	17.594	36.776	0	2	9	12.151	0.256	NA	0.417	NA	164.055	29.055
202	7	48	18.395	36.834	0	2	46	12.955	0.575	NA	0.804	NA	4.086	-159.969
203	7	49	18.338	36.834	0	2	18	13.012	0.519	NA	0.057	NA	180	175.914
204	8	1	21.487	21.946	0	2	205	0	0	NA	NA	NA	NA	NA
205	8	2	21.43	21.946	0	2	149	0.057	0.057	NA	0.057	NA	180	NA
206	8	3	21.43	21.888	0	2	158	0.115	0.081	NA	0.057	NA	-90	90
207	8	4	21.487	21.659	0	2	158	0.351	0.286	NA	0.236	NA	-75.964	14.036
208	8	5	21.201	21.659	0	2	149	0.637	0.405	NA	0.286	NA	180	-104.036
209	8	6	21.316	21.258	0	2	177	1.054	0.708	NA	0.417	NA	-74.055	105.945
210	8	7	21.144	21.258	0	2	255	1.226	0.768	NA	0.172	NA	180	-105.945
211	8	8	21.087	21.373	0	2	158	1.354	0.699	NA	0.128	NA	116.565	-63.435
212	8	9	21.087	21.487	0	2	186	1.468	0.609	NA	0.115	NA	90	-26.565
213	8	10	21.087	21.487	0	2	158	1.468	0.609	NA	0	NA	0	-90
214	8	11	21.087	21.487	0	2	158	1.468	0.609	NA	0	NA	0	0
215	8	12	21.087	21.487	0	2	158	1.468	0.609	NA	0	NA	0	0
216	8	13	21.144	21.487	0	2	121	1.525	0.573	NA	0.057	NA	0	0
217	8	14	21.316	21.144	0	2	158	1.91	0.82	NA	0.384	NA	-63.435	-63.435
218	8	15	21.316	20.858	0	2	93	2.196	1.101	NA	0.286	NA	-90	-26.565
219	8	16	21.316	20.858	0	2	130	2.196	1.101	NA	0	NA	0	90
220	8	17	21.487	20.571	0	2	186	2.53	1.374	NA	0.334	NA	-59.036	-59.036
221	8	18	21.487	20.571	0	2	130	2.53	1.374	NA	0	NA	0	59.036
222	8	19	21.487	20.571	0	2	102	2.53	1.374	NA	0	NA	0	0
223	8	20	21.487	20.571	0	2	102	2.53	1.374	NA	0	NA	0	0
224	8	21	21.487	20.514	0	2	121	2.587	1.432	NA	0.057	NA	-90	-90
225	8	22	21.43	20.514	0	2	65	2.644	1.433	NA	0.057	NA	180	-90
226	8	23	21.373	20.743	0	2	177	2.88	1.208	NA	0.236	NA	104.036	-75.964
227	8	24	21.373	20.858	0	2	121	2.995	1.094	NA	0.115	NA	90	-14.036
228	8	25	21.659	20.858	0	2	139	3.281	1.101	NA	0.286	NA	0	-90
229	8	26	21.659	20.8	0	2	167	3.338	1.158	NA	0.057	NA	-90	-90
230	8	27	21.602	20.342	0	2	139	3.8	1.607	NA	0.462	NA	-97.125	-7.125
231	8	28	21.659	20.342	0	2	65	3.857	1.613	NA	0.057	NA	0	97.125
232	8	29	21.602	20.342	0	2	74	3.915	1.607	NA	0.057	NA	180	180
233	8	30	21.43	20.285	0	2	46	4.096	1.662	NA	0.181	NA	-161.565	18.435
234	8	31	21.43	20.285	0	2	130	4.096	1.662	NA	0	NA	0	161.565
235	8	32	21.258	20.4	0	2	121	4.302	1.563	NA	0.206	NA	146.31	146.31
236	8	33	21.258	20.4	0	2	65	4.302	1.563	NA	0	NA	0	-146.31
237	8	34	21.43	20.4	0	2	93	4.474	1.547	NA	0.172	NA	0	0
238	8	35	21.43	20.4	0	2	111	4.474	1.547	NA	0	NA	0	0
239	8	36	21.487	20.056	0	2	102	4.822	1.89	NA	0.348	NA	-80.538	-80.538
240	8	37	21.774	19.884	0	2	46	5.156	2.081	NA	0.334	NA	-30.964	49.574
241	8	38	21.774	19.884	0	2	27	5.156	2.081	NA	0	NA	0	30.964
242	8	39	21.774	19.884	0	2	46	5.156	2.081	NA	0	NA	0	0
243	8	40	21.774	19.884	0	2	83	5.156	2.081	NA	0	NA	0	0
244	8	41	21.774	19.884	0	2	102	5.156	2.081	NA	0	NA	0	0
245	8	42	21.888	19.884	0	2	37	5.271	2.1	NA	0.115	NA	0	0
246	8	43	21.774	19.941	0	2	102	5.399	2.025	NA	0.128	NA	153.435	153.435
247	8	44	21.774	19.941	0	2	93	5.399	2.025	NA	0	NA	0	-153.435
248	8	45	21.774	19.941	0	2	83	5.399	2.025	NA	0	NA	0	0
249	8	46	21.659	19.999	0	2	55	5.527	1.954	NA	0.128	NA	153.435	153.435
250	8	47	21.659	19.999	0	2	37	5.527	1.954	NA	0	NA	0	-153.435
251	8	48	21.774	19.827	0	2	9	5.733	2.138	NA	0.206	NA	-56.31	-56.31
252	8	49	21.602	20.228	0	2	27	6.169	1.722	NA	0.436	NA	113.199	169.509
253	8	50	21.545	20.17	0	2	65	6.25	1.776	NA	0.081	NA	-135	111.801
254	9	1	24.866	20.8	0	2	9	0	0	NA	NA	NA	NA	NA
255	9	2	25.095	20.686	0	2	18	0.256	0.256	NA	0.256	NA	-26.565	NA
256	9	3	25.095	20.629	0	2	37	0.313	0.286	NA	0.057	NA	-90	-63.435
257	9	4	25.095	20.629	0	2	18	0.313	0.286	NA	0	NA	0	90
258	9	5	25.095	20.629	0	2	37	0.313	0.286	NA	0	NA	0	0
259	9	6	25.095	20.457	0	2	74	0.485	0.413	NA	0.172	NA	-90	-90
260	9	7	25.324	20.17	0	2	37	0.852	0.779	NA	0.367	NA	-51.34	38.66
261	9	8	25.152	20.285	0	2	46	1.058	0.59	NA	0.206	NA	146.31	-162.35
262	9	9	25.439	20.285	0	2	55	1.345	0.77	NA	0.286	NA	0	-146.31
263	9	10	25.267	20.228	0	2	55	1.526	0.699	NA	0.181	NA	-161.565	-161.565
264	9	11	25.267	20.228	0	2	37	1.526	0.699	NA	0	NA	0	161.565
265	9	12	25.21	20.17	0	2	65	1.607	0.717	NA	0.081	NA	-135	-135
266	9	13	25.21	20.17	0	2	46	1.607	0.717	NA	0	NA	0	135
267	10	1	26.813	21.946	0	2	27	0	0	NA	NA	NA	NA	NA
268	10	2	26.698	22.117	0	2	18	0.206	0.206	NA	0.206	NA	123.69	NA
269	10	3	26.355	22.175	0	2	46	0.555	0.512	NA	0.348	NA	170.538	46.848
270	10	4	26.584	22.117	0	2	27	0.791	0.286	NA	0.236	NA	-14.036	175.426
271	10	5	26.469	21.946	0	2	27	0.997	0.344	NA	0.206	NA	-123.69	-109.654
272	10	6	26.698	22.117	0	2	0	1.284	0.206	NA	0.286	NA	36.87	160.56
273	10	7	26.183	22.06	0	2	55	1.802	0.64	NA	0.519	NA	-173.66	149.47
274	10	8	26.469	22.06	0	2	18	2.088	0.362	NA	0.286	NA	0	173.66
275	10	9	26.641	22.003	0	2	27	2.27	0.181	NA	0.181	NA	-18.435	-18.435
276	10	10	26.641	21.946	0	2	27	2.327	0.172	NA	0.057	NA	-90	-71.565
277	10	11	26.641	21.774	0	2	18	2.499	0.243	NA	0.172	NA	-90	0
278	10	12	26.756	21.946	0	2	55	2.705	0.057	NA	0.206	NA	56.31	146.31
279	10	13	26.412	21.946	0	2	0	3.049	0.401	NA	0.344	NA	180	123.69
280	10	14	26.584	21.946	0	2	9	3.22	0.229	NA	0.172	NA	0	-180
281	10	15	26.698	22.06	0	2	27	3.382	0.162	NA	0.162	NA	45	45
282	10	16	26.698	21.946	0	2	9	3.497	0.115	NA	0.115	NA	-90	-135
283	10	17	26.756	21.774	0	2	27	3.678	0.181	NA	0.181	NA	-71.565	18.435
284	10	18	26.756	22.06	0	2	27	3.964	0.128	NA	0.286	NA	90	161.565
285	10	19	26.756	21.888	0	2	18	4.136	0.081	NA	0.172	NA	-90	-180
286	10	20	26.756	21.888	0	2	9	4.136	0.081	NA	0	NA	0	90
287	10	21	26.641	21.717	0	2	46	4.343	0.286	NA	0.206	NA	-123.69	-123.69
288	10	22	26.756	21.831	0	2	18	4.504	0.128	NA	0.162	NA	45	168.69
289	10	23	26.927	21.659	0	2	27	4.747	0.308	NA	0.243	NA	-45	-90
290	10	24	26.756	21.545	0	2	37	4.954	0.405	NA	0.206	NA	-146.31	-101.31
291	10	25	26.756	22.003	0	2	9	5.412	0.081	NA	0.458	NA	90	-123.69
292	10	26	27.099	21.487	0	2	0	6.031	0.54	NA	0.619	NA	-56.31	-146.31
293	10	27	26.927	21.717	0	2	9	6.318	0.256	NA	0.286	NA	126.87	-176.82
294	10	28	26.927	21.602	0	2	9	6.432	0.362	NA	0.115	NA	-90	143.13
295	10	29	27.214	21.602	0	2	46	6.719	0.528	NA	0.286	NA	0	90
296	10	30	26.985	21.774	0	2	0	7.005	0.243	NA	0.286	NA	143.13	143.13
297	10	31	26.927	21.602	0	2	9	7.186	0.362	NA	0.181	NA	-108.435	108.435
298	11	1	26.641	18.567	0	2	65	0	0	NA	NA	NA	NA	NA
299	11	2	26.641	18.567	0	2	37	0	0	NA	0	NA	0	NA
300	11	3	26.641	18.51	0	2	9	0.057	0.057	NA	0.057	NA	-90	-90
301	11	4	26.584	18.395	0	2	65	0.185	0.181	NA	0.128	NA	-116.565	-26.565
302	11	5	26.527	18.395	0	2	27	0.243	0.206	NA	0.057	NA	180	-63.435
303	11	6	26.355	18.453	0	2	55	0.424	0.308	NA	0.181	NA	161.565	-18.435
304	11	7	26.297	18.166	0	2	27	0.716	0.528	NA	0.292	NA	-101.31	97.125
305	11	8	26.698	18.395	0	2	18	1.177	0.181	NA	0.462	NA	29.745	131.055
306	11	9	26.698	18.395	0	2	46	1.177	0.181	NA	0	NA	0	-29.745
307	11	10	26.584	18.281	0	2	27	1.339	0.292	NA	0.162	NA	-135	-135
308	11	11	26.756	18.281	0	2	0	1.511	0.308	NA	0.172	NA	0	135
309	11	12	26.24	18.796	0	2	18	2.24	0.462	NA	0.729	NA	135	135
310	11	13	26.527	18.624	0	2	37	2.574	0.128	NA	0.334	NA	-30.964	-165.964
311	11	14	26.527	18.624	0	2	27	2.574	0.128	NA	0	NA	0	30.964
312	11	15	26.756	18.624	0	2	9	2.803	0.128	NA	0.229	NA	0	0
313	11	16	26.469	18.624	0	2	0	3.089	0.181	NA	0.286	NA	180	180
314	11	17	26.87	18.395	0	2	27	3.551	0.286	NA	0.462	NA	-29.745	150.255
315	11	18	26.87	18.395	0	2	55	3.551	0.286	NA	0	NA	0	29.745
316	11	19	26.813	18.224	0	2	9	3.732	0.384	NA	0.181	NA	-108.435	-108.435
317	11	20	26.813	18.052	0	2	27	3.904	0.543	NA	0.172	NA	-90	18.435
318	11	21	26.87	17.708	0	2	18	4.252	0.889	NA	0.348	NA	-80.538	9.462
319	11	22	27.214	17.88	0	2	46	4.636	0.894	NA	0.384	NA	26.565	107.103
320	11	23	27.156	17.937	0	2	9	4.717	0.814	NA	0.081	NA	135	108.435
321	11	24	27.156	17.823	0	2	18	4.832	0.905	NA	0.115	NA	-90	135
322	11	25	27.614	18.109	0	2	9	5.372	1.076	NA	0.54	NA	32.005	122.005
323	11	26	26.87	17.823	0	2	18	6.169	0.779	NA	0.798	NA	-158.962	169.032
324	11	27	27.385	17.823	0	2	18	6.685	1.053	NA	0.515	NA	0	158.962
325	11	28	27.672	17.823	0	2	27	6.971	1.271	NA	0.286	NA	0	0
326	11	29	27.5	17.88	0	2	9	7.152	1.1	NA	0.181	NA	161.565	161.565
327	11	30	28.015	17.823	0	2	9	7.671	1.563	NA	0.519	NA	-6.34	-167.905
328	11	31	28.13	17.823	0	2	9	7.785	1.665	NA	0.115	NA	0	6.34
329	11	32	28.073	17.651	0	2	37	7.966	1.7	NA	0.181	NA	-108.435	-108.435
330	11	33	27.901	17.765	0	2	18	8.173	1.493	NA	0.206	NA	146.31	-105.255
331	11	34	28.015	17.708	0	2	27	8.301	1.621	NA	0.128	NA	-26.565	-172.875
332	11	35	28.015	17.823	0	2	9	8.415	1.563	NA	0.115	NA	90	116.565
333	11	36	28.244	17.708	0	2	0	8.671	1.819	NA	0.256	NA	-26.565	-116.565
334	11	37	27.443	17.995	0	2	18	9.523	0.985	NA	0.851	NA	160.346	-173.089
335	11	38	27.557	18.281	0	2	9	9.831	0.96	NA	0.308	NA	68.199	-92.148
336	11	39	27.786	17.937	0	2	0	10.244	1.307	NA	0.413	NA	-56.31	-124.509
337	11	40	27.614	17.765	0	2	9	10.487	1.261	NA	0.243	NA	-135	-78.69
338	11	41	27.729	17.995	0	2	0	10.743	1.229	NA	0.256	NA	63.435	-161.565
339	11	42	27.729	17.823	0	2	46	10.915	1.318	NA	0.172	NA	-90	-153.435
340	11	43	27.385	18.052	0	2	27	11.328	0.905	NA	0.413	NA	146.31	-123.69
341	11	44	27.729	18.052	0	2	27	11.671	1.204	NA	0.344	NA	0	-146.31
342	12	1	27.443	20.113	0	2	27	0	0	NA	NA	NA	NA	NA
343	12	2	27.443	20.113	0	2	18	0	0	NA	0	NA	0	NA
344	12	3	27.672	19.827	0	2	9	0.367	0.367	NA	0.367	NA	-51.34	-51.34
345	12	4	27.5	19.827	0	2	27	0.538	0.292	NA	0.172	NA	180	-128.66
346	12	5	27.729	19.884	0	2	9	0.775	0.367	NA	0.236	NA	14.036	-165.964
347	12	6	27.614	19.884	0	2	0	0.889	0.286	NA	0.115	NA	180	165.964
348	12	7	28.13	19.426	0	2	27	1.579	0.972	NA	0.69	NA	-41.634	138.366
349	12	8	27.672	19.712	0	2	0	2.119	0.462	NA	0.54	NA	147.995	-170.372
350	12	9	27.443	19.369	0	2	27	2.532	0.744	NA	0.413	NA	-123.69	88.315
351	12	10	27.844	19.254	0	2	18	2.949	0.948	NA	0.417	NA	-15.945	107.745
352	12	11	27.729	19.483	0	2	0	3.205	0.692	NA	0.256	NA	116.565	132.51
353	12	12	27.729	19.483	0	2	9	3.205	0.692	NA	0	NA	0	-116.565
354	12	13	27.729	19.312	0	2	9	3.376	0.851	NA	0.172	NA	-90	-90
355	12	14	27.786	19.254	0	2	9	3.457	0.925	NA	0.081	NA	-45	45
356	12	15	27.786	19.598	0	2	37	3.801	0.619	NA	0.344	NA	90	135
357	12	16	27.901	19.655	0	2	18	3.929	0.648	NA	0.128	NA	26.565	-63.435
358	12	17	28.015	19.426	0	2	27	4.185	0.894	NA	0.256	NA	-63.435	-90
359	12	18	27.844	19.14	0	2	9	4.519	1.053	NA	0.334	NA	-120.964	-57.529
360	12	19	27.958	19.197	0	2	27	4.647	1.051	NA	0.128	NA	26.565	147.529
361	12	20	27.844	19.312	0	2	27	4.809	0.896	NA	0.162	NA	135	108.435
362	12	21	27.901	19.082	0	2	18	5.045	1.128	NA	0.236	NA	-75.964	149.036
363	12	22	27.557	19.369	0	2	0	5.492	0.753	NA	0.447	NA	140.194	-143.842
364	12	23	28.015	19.254	0	2	18	5.965	1.032	NA	0.472	NA	-14.036	-154.231
365	12	24	27.958	19.426	0	2	27	6.146	0.859	NA	0.181	NA	108.435	122.471
366	12	25	27.901	19.254	0	2	9	6.327	0.973	NA	0.181	NA	-108.435	143.13
367	12	26	28.015	19.312	0	2	27	6.455	0.985	NA	0.128	NA	26.565	135
368	12	27	28.13	19.827	0	2	37	6.983	0.744	NA	0.528	NA	77.471	50.906
369	12	28	28.13	20.056	0	2	18	7.212	0.69	NA	0.229	NA	90	12.529
370	12	29	28.244	19.941	0	2	27	7.374	0.82	NA	0.162	NA	-45	-135
371	12	30	28.13	19.941	0	2	18	7.488	0.708	NA	0.115	NA	180	-135
372	12	31	28.302	19.999	0	2	18	7.669	0.867	NA	0.181	NA	18.435	-161.565
373	12	32	28.416	19.999	0	2	0	7.784	0.98	NA	0.115	NA	0	-18.435
374	12	33	28.073	20.056	0	2	46	8.132	0.632	NA	0.348	NA	170.538	170.538
375	12	34	28.244	19.999	0	2	46	8.313	0.81	NA	0.181	NA	-18.435	171.027
376	12	35	28.244	19.999	0	2	27	8.313	0.81	NA	0	NA	0	18.435
377	12	36	28.187	19.999	0	2	18	8.37	0.753	NA	0.057	NA	180	180
378	12	37	28.416	20.457	0	2	37	8.883	1.032	NA	0.512	NA	63.435	-116.565
379	12	38	28.244	20.4	0	2	37	9.064	0.851	NA	0.181	NA	-161.565	135
380	12	39	28.187	20.4	0	2	37	9.121	0.798	NA	0.057	NA	180	-18.435
381	13	1	24.465	19.312	0	2	83	0	0	NA	NA	NA	NA	NA
382	13	2	24.465	19.312	0	2	37	0	0	NA	0	NA	0	NA
383	13	3	24.751	19.312	0	2	65	0.286	0.286	NA	0.286	NA	0	0
384	13	4	24.866	19.254	0	2	46	0.414	0.405	NA	0.128	NA	-26.565	-26.565
385	13	5	24.866	19.254	0	2	83	0.414	0.405	NA	0	NA	0	26.565
386	13	6	24.866	19.254	0	2	0	0.414	0.405	NA	0	NA	0	0
387	13	7	24.923	19.426	0	2	46	0.595	0.472	NA	0.181	NA	71.565	71.565
388	13	8	24.866	19.426	0	2	27	0.653	0.417	NA	0.057	NA	180	108.435
389	13	9	24.866	19.426	0	2	27	0.653	0.417	NA	0	NA	0	-180
390	13	10	24.98	19.426	0	2	55	0.767	0.528	NA	0.115	NA	0	0
391	13	11	24.923	19.426	0	2	37	0.824	0.472	NA	0.057	NA	180	180
392	13	12	24.98	19.426	0	2	65	0.882	0.528	NA	0.057	NA	0	-180
393	13	13	24.98	19.426	0	2	83	0.882	0.528	NA	0	NA	0	0
394	13	14	24.98	19.426	0	2	55	0.882	0.528	NA	0	NA	0	0
395	13	15	24.98	19.483	0	2	74	0.939	0.543	NA	0.057	NA	90	90
396	13	16	24.98	19.483	0	2	55	0.939	0.543	NA	0	NA	0	-90
397	13	17	25.152	19.312	0	2	83	1.182	0.687	NA	0.243	NA	-45	-45
398	13	18	25.267	19.369	0	2	65	1.31	0.804	NA	0.128	NA	26.565	71.565
399	13	19	25.267	19.369	0	2	65	1.31	0.804	NA	0	NA	0	-26.565
400	13	20	25.267	19.369	0	2	55	1.31	0.804	NA	0	NA	0	0
401	13	21	25.267	19.369	0	2	46	1.31	0.804	NA	0	NA	0	0
402	13	22	25.267	19.369	0	2	18	1.31	0.804	NA	0	NA	0	0
403	13	23	25.038	19.369	0	2	37	1.539	0.575	NA	0.229	NA	180	180
404	13	24	24.98	19.312	0	2	65	1.62	0.515	NA	0.081	NA	-135	45
405	13	25	24.98	19.312	0	2	0	1.62	0.515	NA	0	NA	0	135
406	13	26	24.866	19.312	0	2	0	1.735	0.401	NA	0.115	NA	180	180
407	13	27	24.809	19.254	0	2	37	1.816	0.348	NA	0.081	NA	-135	45
408	13	28	24.866	19.197	0	2	37	1.896	0.417	NA	0.081	NA	-45	90
409	13	29	24.866	19.082	0	2	0	2.011	0.462	NA	0.115	NA	-90	-45
410	13	30	24.866	19.025	0	2	0	2.068	0.493	NA	0.057	NA	-90	0
411	13	31	24.923	19.025	0	2	18	2.126	0.54	NA	0.057	NA	0	90
412	13	32	24.98	19.254	0	2	74	2.362	0.519	NA	0.236	NA	75.964	75.964
413	13	33	24.694	19.254	0	2	37	2.648	0.236	NA	0.286	NA	180	104.036
414	13	34	24.923	19.197	0	2	9	2.884	0.472	NA	0.236	NA	-14.036	165.964
415	13	35	24.98	19.197	0	2	0	2.941	0.528	NA	0.057	NA	0	14.036
416	13	36	25.267	18.968	0	2	37	3.308	0.872	NA	0.367	NA	-38.66	-38.66
417	13	37	25.267	18.968	0	2	0	3.308	0.872	NA	0	NA	0	38.66
418	13	38	25.152	18.624	0	2	9	3.67	0.972	NA	0.362	NA	-108.435	-108.435
419	13	39	25.381	18.338	0	2	9	4.037	1.337	NA	0.367	NA	-51.34	57.095
420	13	40	25.381	18.51	0	2	0	4.209	1.217	NA	0.172	NA	90	141.34
421	13	41	25.61	18.682	0	2	0	4.495	1.307	NA	0.286	NA	36.87	-53.13
422	13	42	25.553	18.281	0	2	46	4.9	1.499	NA	0.405	NA	-98.13	-135
423	13	43	25.61	18.109	0	2	37	5.081	1.661	NA	0.181	NA	-71.565	26.565
424	13	44	25.324	18.567	0	2	18	5.621	1.137	NA	0.54	NA	122.005	-166.43
425	13	45	25.267	18.453	0	2	18	5.749	1.175	NA	0.128	NA	-116.565	121.43
426	13	46	25.267	18.395	0	2	0	5.806	1.217	NA	0.057	NA	-90	26.565
427	13	47	25.152	18.281	0	2	0	5.968	1.239	NA	0.162	NA	-135	-45
428	13	48	24.809	18.395	0	2	27	6.33	0.978	NA	0.362	NA	161.565	-63.435
429	14	1	21.087	16.219	0	2	9	0	0	NA	NA	NA	NA	NA
430	14	2	21.087	16.334	0	2	18	0.115	0.115	NA	0.115	NA	90	NA
431	14	3	21.087	16.334	0	2	18	0.115	0.115	NA	0	NA	0	-90
432	14	4	20.686	16.62	0	2	9	0.607	0.567	NA	0.493	NA	144.462	144.462
433	14	5	20.858	16.907	0	2	0	0.941	0.724	NA	0.334	NA	59.036	-85.426
434	14	6	20.457	17.136	0	2	18	1.403	1.112	NA	0.462	NA	150.255	91.219
435	14	7	20.629	17.823	0	2	18	2.111	1.667	NA	0.708	NA	75.964	-74.291
436	14	8	20.4	18.109	0	2	9	2.478	2.011	NA	0.367	NA	128.66	52.696
437	14	9	20.056	18.109	0	2	9	2.821	2.152	NA	0.344	NA	180	51.34
438	14	10	20.056	17.937	0	2	18	2.993	2.003	NA	0.172	NA	-90	90
439	14	11	19.941	17.937	0	2	27	3.107	2.065	NA	0.115	NA	180	-90
440	14	12	19.941	17.937	0	2	18	3.107	2.065	NA	0	NA	0	-180
441	14	13	19.77	17.823	0	2	74	3.314	2.075	NA	0.206	NA	-146.31	-146.31
442	14	14	19.999	17.823	0	2	27	3.543	1.938	NA	0.229	NA	0	146.31
443	14	15	20.056	17.651	0	2	9	3.724	1.764	NA	0.181	NA	-71.565	-71.565
444	14	16	20.342	17.937	0	2	37	4.129	1.872	NA	0.405	NA	45	116.565
445	14	17	20.17	18.166	0	2	37	4.415	2.152	NA	0.286	NA	126.87	81.87
446	14	18	20.514	18.109	0	2	9	4.764	1.974	NA	0.348	NA	-9.462	-136.332
447	14	19	20.514	18.109	0	2	9	4.764	1.974	NA	0	NA	0	9.462
448	14	20	20.342	18.224	0	2	55	4.97	2.138	NA	0.206	NA	146.31	146.31
449	14	21	20.342	17.479	0	2	9	5.714	1.463	NA	0.744	NA	-90	123.69
450	14	22	20.514	16.964	0	2	27	6.258	0.939	NA	0.543	NA	-71.565	18.435
451	14	23	20.571	16.792	0	2	37	6.439	0.77	NA	0.181	NA	-71.565	0
452	14	24	20.858	16.792	0	2	27	6.725	0.617	NA	0.286	NA	0	71.565
453	14	25	20.915	17.078	0	2	18	7.017	0.876	NA	0.292	NA	78.69	78.69
454	14	26	21.258	16.219	0	2	18	7.942	0.172	NA	0.925	NA	-68.199	-146.889
455	14	27	21.316	16.735	0	2	27	8.461	0.564	NA	0.519	NA	83.66	151.858
456	14	28	20.972	16.506	0	2	46	8.874	0.308	NA	0.413	NA	-146.31	130.03
457	14	29	20.8	15.59	0	2	0	9.806	0.692	NA	0.932	NA	-100.62	45.69
458	15	1	20.514	17.365	0	2	0	0	0	NA	NA	NA	NA	NA
459	15	2	20.571	17.479	0	2	18	0.128	0.128	NA	0.128	NA	63.435	NA
460	15	3	20.514	17.25	0	2	27	0.364	0.115	NA	0.236	NA	-104.036	-167.471
461	15	4	20.858	17.078	0	2	9	0.748	0.447	NA	0.384	NA	-26.565	77.471
462	15	5	20.858	17.021	0	2	27	0.806	0.486	NA	0.057	NA	-90	-63.435
463	15	6	20.571	17.021	0	2	9	1.092	0.348	NA	0.286	NA	180	-90
464	15	7	21.087	17.021	0	2	27	1.607	0.668	NA	0.515	NA	0	-180
465	15	8	21.087	17.136	0	2	9	1.722	0.617	NA	0.115	NA	90	90
466	15	9	20.972	17.136	0	2	18	1.836	0.512	NA	0.115	NA	180	90
467	15	10	20.972	17.136	0	2	9	1.836	0.512	NA	0	NA	0	-180
468	15	11	20.858	16.219	0	2	9	2.76	1.196	NA	0.923	NA	-97.125	-97.125
469	15	12	20.629	15.418	0	2	9	3.593	1.95	NA	0.834	NA	-105.945	-8.82
470	15	13	20.514	14.902	0	2	37	4.121	2.462	NA	0.528	NA	-102.529	3.417
471	15	14	20.686	14.731	0	2	18	4.364	2.64	NA	0.243	NA	-45	57.529
472	15	15	20.342	14.731	0	2	18	4.708	2.64	NA	0.344	NA	180	-135
473	15	16	20.629	14.731	0	2	18	4.994	2.637	NA	0.286	NA	0	-180
474	15	17	20.8	14.731	0	2	18	5.166	2.65	NA	0.172	NA	0	0
475	15	18	20.8	14.731	0	2	9	5.166	2.65	NA	0	NA	0	0
476	15	19	20.8	14.731	0	2	9	5.166	2.65	NA	0	NA	0	0
477	15	20	20.285	14.902	0	2	18	5.709	2.473	NA	0.543	NA	161.565	161.565
478	16	1	20.972	14.616	0	2	46	0	0	NA	NA	NA	NA	NA
479	16	2	20.972	14.788	0	2	9	0.172	0.172	NA	0.172	NA	90	NA
480	16	3	20.629	15.017	0	2	9	0.585	0.528	NA	0.413	NA	146.31	56.31
481	16	4	20.629	15.418	0	2	27	0.986	0.872	NA	0.401	NA	90	-56.31
482	16	5	20.8	15.418	0	2	27	1.157	0.82	NA	0.172	NA	0	-90
483	16	6	20.858	15.59	0	2	9	1.338	0.98	NA	0.181	NA	71.565	71.565
484	16	7	21.144	15.418	0	2	46	1.672	0.82	NA	0.334	NA	-30.964	-102.529
485	16	8	21.144	15.59	0	2	9	1.844	0.988	NA	0.172	NA	90	120.964
486	16	9	21.43	15.475	0	2	9	2.152	0.973	NA	0.308	NA	-21.801	-111.801
487	16	10	21.545	15.074	0	2	9	2.569	0.733	NA	0.417	NA	-74.055	-52.253
488	16	11	21.373	15.246	0	2	18	2.812	0.747	NA	0.243	NA	135	-150.945
489	16	12	21.545	15.131	0	2	18	3.019	0.77	NA	0.206	NA	-33.69	-168.69
490	16	13	21.43	14.96	0	2	27	3.225	0.573	NA	0.206	NA	-123.69	-90
491	16	14	21.659	14.731	0	2	37	3.549	0.697	NA	0.324	NA	-45	78.69
492	16	15	21.487	15.017	0	2	27	3.883	0.653	NA	0.334	NA	120.964	165.964
493	16	16	21.602	15.189	0	2	18	4.089	0.851	NA	0.206	NA	56.31	-64.654
494	16	17	21.545	15.189	0	2	27	4.147	0.81	NA	0.057	NA	180	123.69
495	16	18	21.545	15.246	0	2	9	4.204	0.851	NA	0.057	NA	90	-90
496	16	19	21.43	15.074	0	2	18	4.41	0.648	NA	0.206	NA	-123.69	146.31
497	16	20	21.43	14.559	0	2	0	4.926	0.462	NA	0.515	NA	-90	33.69
498	16	21	21.659	14.158	0	2	46	5.387	0.826	NA	0.462	NA	-60.255	29.745
499	17	1	21.029	14.673	0	2	9	0	0	NA	NA	NA	NA	NA
500	17	2	21.029	14.673	0	2	18	0	0	NA	0	NA	0	NA
501	17	3	21.029	14.673	0	2	18	0	0	NA	0	NA	0	0
502	17	4	21.144	14.673	0	2	9	0.115	0.115	NA	0.115	NA	0	0
503	17	5	21.316	14.673	0	2	9	0.286	0.286	NA	0.172	NA	0	0
504	17	6	21.258	14.673	0	2	37	0.344	0.229	NA	0.057	NA	180	180
505	17	7	21.029	14.845	0	2	37	0.63	0.172	NA	0.286	NA	143.13	-36.87
506	17	8	20.743	15.074	0	2	37	0.997	0.493	NA	0.367	NA	141.34	-1.79
507	17	9	20.743	15.074	0	2	27	0.997	0.493	NA	0	NA	0	-141.34
508	17	10	20.972	15.074	0	2	18	1.226	0.405	NA	0.229	NA	0	0
509	17	11	20.858	15.074	0	2	9	1.34	0.436	NA	0.115	NA	180	180
510	17	12	20.915	15.131	0	2	55	1.421	0.472	NA	0.081	NA	45	-135
511	17	13	20.858	14.845	0	2	18	1.713	0.243	NA	0.292	NA	-101.31	-146.31
512	17	14	20.915	14.845	0	2	37	1.77	0.206	NA	0.057	NA	0	101.31
513	17	15	20.743	14.616	0	2	46	2.057	0.292	NA	0.286	NA	-126.87	-126.87
514	17	16	20.743	14.731	0	2	46	2.171	0.292	NA	0.115	NA	90	-143.13
515	17	17	20.285	15.303	0	2	37	2.904	0.975	NA	0.733	NA	128.66	38.66
516	18	1	25.839	15.303	0	2	46	0	0	NA	NA	NA	NA	NA
517	18	2	25.839	15.303	0	2	74	0	0	NA	0	NA	0	NA
518	18	3	25.839	15.303	0	2	27	0	0	NA	0	NA	0	0
519	18	4	25.839	15.36	0	2	55	0.057	0.057	NA	0.057	NA	90	90
520	18	5	25.61	15.36	0	2	27	0.286	0.236	NA	0.229	NA	180	90
521	18	6	25.381	15.246	0	2	9	0.542	0.462	NA	0.256	NA	-153.435	26.565
522	18	7	25.324	14.788	0	2	9	1.004	0.729	NA	0.462	NA	-97.125	56.31
523	18	8	25.324	14.788	0	2	18	1.004	0.729	NA	0	NA	0	97.125
524	18	9	25.324	14.788	0	2	18	1.004	0.729	NA	0	NA	0	0
525	18	10	25.095	14.788	0	2	46	1.233	0.905	NA	0.229	NA	180	180
526	18	11	25.095	14.788	0	2	74	1.233	0.905	NA	0	NA	0	-180
527	18	12	25.095	14.788	0	2	74	1.233	0.905	NA	0	NA	0	0
528	18	13	25.095	14.788	0	2	46	1.233	0.905	NA	0	NA	0	0
529	18	14	25.21	14.731	0	2	55	1.361	0.851	NA	0.128	NA	-26.565	-26.565
530	18	15	25.21	14.502	0	2	55	1.59	1.02	NA	0.229	NA	-90	-63.435
531	18	16	24.98	14.387	0	2	27	1.846	1.256	NA	0.256	NA	-153.435	-63.435
532	18	17	24.98	14.387	0	2	27	1.846	1.256	NA	0	NA	0	153.435
533	18	18	25.21	14.33	0	2	27	2.082	1.159	NA	0.236	NA	-14.036	-14.036
534	18	19	25.21	14.272	0	2	37	2.14	1.208	NA	0.057	NA	-90	-75.964
535	18	20	25.21	14.444	0	2	37	2.311	1.065	NA	0.172	NA	90	180
536	18	21	25.095	14.444	0	2	37	2.426	1.137	NA	0.115	NA	180	90
537	18	22	25.324	14.731	0	2	65	2.793	0.77	NA	0.367	NA	51.34	-128.66
538	18	23	25.324	14.902	0	2	74	2.964	0.653	NA	0.172	NA	90	38.66
539	18	24	25.152	14.673	0	2	37	3.251	0.932	NA	0.286	NA	-126.87	143.13
540	18	25	24.98	14.616	0	2	74	3.432	1.1	NA	0.181	NA	-161.565	-34.695
541	18	26	25.038	14.616	0	2	27	3.489	1.056	NA	0.057	NA	0	161.565
542	18	27	25.21	14.673	0	2	46	3.67	0.891	NA	0.181	NA	18.435	18.435
543	18	28	25.496	14.673	0	2	46	3.956	0.717	NA	0.286	NA	0	-18.435
544	18	29	25.439	14.616	0	2	46	4.037	0.796	NA	0.081	NA	-135	-135
545	18	30	25.381	14.272	0	2	9	4.386	1.128	NA	0.348	NA	-99.462	35.538
546	18	31	26.068	14.502	0	2	0	5.11	0.834	NA	0.724	NA	18.435	117.897
547	18	32	25.839	14.502	0	2	37	5.339	0.802	NA	0.229	NA	180	161.565
548	18	33	25.839	14.502	0	2	0	5.339	0.802	NA	0	NA	0	-180
549	18	34	25.897	14.444	0	2	46	5.42	0.861	NA	0.081	NA	-45	-45
550	18	35	25.897	14.444	0	2	83	5.42	0.861	NA	0	NA	0	45
551	18	36	26.068	14.502	0	2	46	5.601	0.834	NA	0.181	NA	18.435	18.435
552	18	37	25.954	14.272	0	2	9	5.857	1.037	NA	0.256	NA	-116.565	-135
553	18	38	26.297	14.387	0	2	37	6.219	1.024	NA	0.362	NA	18.435	135
554	18	39	25.897	14.502	0	2	9	6.636	0.804	NA	0.417	NA	164.055	145.62
555	18	40	25.954	14.502	0	2	55	6.693	0.81	NA	0.057	NA	0	-164.055
556	18	41	25.725	14.559	0	2	9	6.93	0.753	NA	0.236	NA	165.964	165.964
557	18	42	26.068	14.444	0	2	9	7.292	0.889	NA	0.362	NA	-18.435	175.601
558	18	43	25.839	14.502	0	2	46	7.528	0.802	NA	0.236	NA	165.964	-175.601
559	18	44	26.355	14.33	0	2	27	8.071	1.101	NA	0.543	NA	-18.435	175.601
560	18	45	26.183	14.33	0	2	9	8.243	1.032	NA	0.172	NA	180	-161.565
561	18	46	26.126	14.502	0	2	0	8.424	0.851	NA	0.181	NA	108.435	-71.565
562	18	47	26.068	14.33	0	2	18	8.605	1	NA	0.181	NA	-108.435	143.13
563	18	48	26.412	14.502	0	2	9	8.989	0.985	NA	0.384	NA	26.565	135
564	18	49	26.469	14.444	0	2	18	9.07	1.065	NA	0.081	NA	-45	-71.565
565	18	50	26.297	14.444	0	2	18	9.242	0.973	NA	0.172	NA	180	-135
