Nr	CID	TID	PID	x [micron]	y [micron]	t [sec]	c [idx]	I [val]	Len [micron]	D2S [micron]	D2R [micron]	D2P [micron]	v [micron/sec]	? [deg]	?? [deg]
1	1	1	1	7.366	11.508	0	2	83	0	0	NA	NA	NA	NA	NA
2	1	1	2	7.366	11.508	0	2	65	0	0	NA	0	NA	0	NA
3	1	1	3	6.774	11.635	0	2	83	0.605	0.605	NA	0.605	NA	167.905	167.905
4	1	1	4	6.985	11.55	0	2	55	0.833	0.383	NA	0.228	NA	-21.801	170.293
5	1	1	5	7.366	11.804	0	2	55	1.29	0.296	NA	0.457	NA	33.69	55.491
6	1	1	6	7.112	11.931	0	2	65	1.574	0.493	NA	0.284	NA	153.435	119.745
7	1	1	7	7.112	11.804	0	2	74	1.7	0.39	NA	0.127	NA	-90	116.565
8	1	1	8	7.112	11.804	0	2	93	1.7	0.39	NA	0	NA	0	90
9	1	1	9	6.816	11.888	0	2	83	2.008	0.668	NA	0.308	NA	164.055	164.055
10	1	1	10	7.07	11.846	0	2	55	2.265	0.449	NA	0.257	NA	-9.462	-173.517
11	1	1	11	7.196	11.931	0	2	55	2.418	0.455	NA	0.152	NA	33.69	43.152
12	1	1	12	7.281	11.931	0	2	18	2.502	0.431	NA	0.085	NA	0	-33.69
13	1	1	13	7.366	11.804	0	2	18	2.655	0.296	NA	0.152	NA	-56.31	-56.31
14	1	1	14	7.577	11.888	0	2	37	2.882	0.435	NA	0.228	NA	21.801	78.111
15	1	1	15	7.535	11.846	0	2	46	2.942	0.378	NA	0.06	NA	-135	-156.801
16	1	1	16	7.788	11.888	0	2	37	3.199	0.569	NA	0.257	NA	9.462	144.462
17	1	1	17	7.746	12.058	0	2	65	3.373	0.668	NA	0.174	NA	104.036	94.574
18	1	1	18	7.873	12.396	0	2	27	3.735	1.022	NA	0.361	NA	69.444	-34.592
19	1	1	19	7.873	12.058	0	2	37	4.073	0.748	NA	0.338	NA	-90	-159.444
20	1	1	20	7.915	12.058	0	2	65	4.115	0.777	NA	0.042	NA	0	90
21	1	1	21	7.915	12.058	0	2	46	4.115	0.777	NA	0	NA	0	0
22	1	1	22	7.873	12.015	0	2	46	4.175	0.717	NA	0.06	NA	-135	-135
23	1	1	23	7.873	12.015	0	2	9	4.175	0.717	NA	0	NA	0	135
24	1	1	24	7.873	11.973	0	2	65	4.217	0.688	NA	0.042	NA	-90	-90
25	1	1	25	7.915	11.973	0	2	18	4.259	0.72	NA	0.042	NA	0	90
26	1	1	26	7.873	11.973	0	2	74	4.302	0.688	NA	0.042	NA	180	180
27	1	1	27	7.873	11.973	0	2	55	4.302	0.688	NA	0	NA	0	-180
28	1	1	28	8.169	12.058	0	2	46	4.609	0.973	NA	0.308	NA	15.945	15.945
29	1	1	29	8.211	12.1	0	2	37	4.669	1.032	NA	0.06	NA	45	29.055
30	1	1	30	8.211	12.1	0	2	55	4.669	1.032	NA	0	NA	0	-45
31	1	1	31	8.211	12.311	0	2	55	4.88	1.166	NA	0.211	NA	90	90
32	1	1	32	8.084	12.48	0	2	74	5.092	1.209	NA	0.211	NA	126.87	36.87
33	1	1	33	8.211	12.48	0	2	65	5.219	1.288	NA	0.127	NA	0	-126.87
34	1	1	34	8.253	12.734	0	2	27	5.476	1.513	NA	0.257	NA	80.538	80.538
35	1	1	35	8.253	12.734	0	2	0	5.476	1.513	NA	0	NA	0	-80.538
36	1	1	36	8.507	12.565	0	2	65	5.781	1.555	NA	0.305	NA	-33.69	-33.69
37	1	1	37	8.507	12.565	0	2	55	5.781	1.555	NA	0	NA	0	33.69
38	1	1	38	8.507	12.565	0	2	37	5.781	1.555	NA	0	NA	0	0
39	1	1	39	8.549	12.734	0	2	27	5.955	1.704	NA	0.174	NA	75.964	75.964
40	1	1	40	8.549	12.734	0	2	55	5.955	1.704	NA	0	NA	0	-75.964
41	1	1	41	8.76	12.692	0	2	37	6.17	1.829	NA	0.216	NA	-11.31	-11.31
42	1	1	42	8.718	12.692	0	2	46	6.213	1.797	NA	0.042	NA	180	-168.69
43	1	1	43	8.845	12.734	0	2	37	6.346	1.921	NA	0.134	NA	18.435	-161.565
44	1	1	44	9.268	12.522	0	2	27	6.819	2.156	NA	0.473	NA	-26.565	-45
45	1	1	45	9.225	12.396	0	2	74	6.953	2.061	NA	0.134	NA	-108.435	-81.87
46	1	1	46	8.845	12.396	0	2	37	7.333	1.725	NA	0.38	NA	180	-71.565
47	1	1	47	8.803	12.396	0	2	65	7.375	1.689	NA	0.042	NA	180	0
48	1	1	48	9.268	12.227	0	2	83	7.87	2.033	NA	0.495	NA	-19.983	160.017
49	1	1	49	9.268	12.227	0	2	65	7.87	2.033	NA	0	NA	0	19.983
50	1	1	50	9.183	12.269	0	2	46	7.965	1.97	NA	0.095	NA	153.435	153.435
51	1	2	1	13.495	12.184	0	2	167	0	0	NA	NA	NA	NA	NA
52	1	2	2	13.495	12.184	0	2	130	0	0	NA	0	NA	0	NA
53	1	2	3	13.495	12.184	0	2	158	0	0	NA	0	NA	0	0
54	1	2	4	13.495	12.184	0	2	121	0	0	NA	0	NA	0	0
55	1	2	5	13.664	12.184	0	2	83	0.169	0.169	NA	0.169	NA	0	0
56	1	2	6	13.579	12.142	0	2	74	0.264	0.095	NA	0.095	NA	-153.435	-153.435
57	1	2	7	13.579	12.142	0	2	27	0.264	0.095	NA	0	NA	0	153.435
58	1	2	8	13.41	12.058	0	2	74	0.453	0.152	NA	0.189	NA	-153.435	-153.435
59	1	2	9	13.495	12.058	0	2	130	0.537	0.127	NA	0.085	NA	0	153.435
60	1	2	10	13.283	12.058	0	2	111	0.749	0.246	NA	0.211	NA	180	180
61	1	2	11	13.283	12.058	0	2	102	0.749	0.246	NA	0	NA	0	-180
62	1	2	12	13.833	12.142	0	2	102	1.305	0.341	NA	0.556	NA	8.746	8.746
63	1	2	13	14.086	12.015	0	2	55	1.588	0.615	NA	0.284	NA	-26.565	-35.311
64	1	2	14	14.086	12.015	0	2	158	1.588	0.615	NA	0	NA	0	26.565
65	1	2	15	14.086	11.973	0	2	74	1.63	0.628	NA	0.042	NA	-90	-90
66	1	2	16	14.086	11.973	0	2	111	1.63	0.628	NA	0	NA	0	90
67	1	2	17	14.086	11.973	0	2	111	1.63	0.628	NA	0	NA	0	0
68	1	2	18	13.791	11.973	0	2	149	1.926	0.364	NA	0.296	NA	180	180
69	1	2	19	13.748	11.973	0	2	93	1.968	0.33	NA	0.042	NA	180	0
70	1	2	20	13.96	11.973	0	2	167	2.18	0.511	NA	0.211	NA	0	-180
71	1	2	21	13.96	11.973	0	2	121	2.18	0.511	NA	0	NA	0	0
72	1	2	22	13.917	11.973	0	2	139	2.222	0.473	NA	0.042	NA	180	180
73	1	2	23	14.129	11.973	0	2	102	2.433	0.668	NA	0.211	NA	0	-180
74	1	2	24	14.171	11.846	0	2	121	2.567	0.756	NA	0.134	NA	-71.565	-71.565
75	1	2	25	14.213	11.804	0	2	102	2.627	0.813	NA	0.06	NA	-45	26.565
76	1	2	26	14.213	11.804	0	2	139	2.627	0.813	NA	0	NA	0	45
77	1	2	27	14.213	11.804	0	2	111	2.627	0.813	NA	0	NA	0	0
78	1	2	28	14.171	11.888	0	2	102	2.721	0.738	NA	0.095	NA	116.565	116.565
79	1	2	29	14.298	11.888	0	2	111	2.848	0.856	NA	0.127	NA	0	-116.565
80	1	2	30	14.213	11.931	0	2	74	2.943	0.762	NA	0.095	NA	153.435	153.435
81	1	2	31	14.213	11.931	0	2	65	2.943	0.762	NA	0	NA	0	-153.435
82	1	2	32	14.298	11.973	0	2	102	3.037	0.83	NA	0.095	NA	26.565	26.565
83	1	2	33	14.34	12.015	0	2	46	3.097	0.862	NA	0.06	NA	45	18.435
84	1	2	34	14.594	12.1	0	2	74	3.364	1.102	NA	0.267	NA	18.435	-26.565
85	1	2	35	14.678	12.142	0	2	55	3.459	1.184	NA	0.095	NA	26.565	8.13
86	1	2	36	14.594	12.1	0	2	83	3.553	1.102	NA	0.095	NA	-153.435	-180
87	1	2	37	14.721	12.058	0	2	102	3.687	1.232	NA	0.134	NA	-18.435	135
88	1	2	38	14.721	11.931	0	2	65	3.814	1.252	NA	0.127	NA	-90	-71.565
89	1	2	39	14.847	11.888	0	2	83	3.948	1.385	NA	0.134	NA	-18.435	71.565
90	1	2	40	15.059	11.888	0	2	37	4.159	1.592	NA	0.211	NA	0	18.435
91	1	2	41	14.636	11.846	0	2	46	4.584	1.19	NA	0.425	NA	-174.289	-174.289
92	1	2	42	14.805	11.762	0	2	55	4.773	1.377	NA	0.189	NA	-26.565	147.724
93	1	2	43	14.805	11.762	0	2	74	4.773	1.377	NA	0	NA	0	26.565
94	1	2	44	14.763	11.804	0	2	65	4.833	1.324	NA	0.06	NA	135	135
95	1	2	45	14.763	11.804	0	2	139	4.833	1.324	NA	0	NA	0	-135
96	1	2	46	14.89	11.804	0	2	65	4.959	1.446	NA	0.127	NA	0	0
97	1	2	47	14.721	11.888	0	2	111	5.148	1.261	NA	0.189	NA	153.435	153.435
98	1	2	48	14.763	11.846	0	2	46	5.208	1.312	NA	0.06	NA	-45	161.565
99	1	2	49	14.847	11.846	0	2	18	5.293	1.394	NA	0.085	NA	0	45
100	1	2	50	14.847	11.593	0	2	65	5.546	1.476	NA	0.254	NA	-90	-90
101	1	3	1	20.3	12.142	0	2	93	0	0	NA	NA	NA	NA	NA
102	1	3	2	19.962	11.888	0	2	223	0.423	0.423	NA	0.423	NA	-143.13	NA
103	1	3	3	20.342	11.677	0	2	93	0.858	0.467	NA	0.435	NA	-29.055	114.075
104	1	3	4	20.3	11.804	0	2	130	0.992	0.338	NA	0.134	NA	108.435	137.49
105	1	3	5	20.3	11.762	0	2	93	1.034	0.38	NA	0.042	NA	-90	161.565
106	1	3	6	20.173	11.593	0	2	121	1.245	0.564	NA	0.211	NA	-126.87	-36.87
107	1	3	7	20.131	11.677	0	2	37	1.34	0.495	NA	0.095	NA	116.565	-116.565
108	1	3	8	20.258	11.846	0	2	130	1.551	0.299	NA	0.211	NA	53.13	-63.435
109	1	3	9	20.427	11.762	0	2	93	1.74	0.401	NA	0.189	NA	-26.565	-79.695
110	1	3	10	20.342	11.719	0	2	37	1.835	0.425	NA	0.095	NA	-153.435	-126.87
111	1	3	11	22.54	12.734	0	2	37	4.255	2.317	NA	2.421	NA	24.775	178.21
112	1	3	12	22.287	12.649	0	2	102	4.523	2.05	NA	0.267	NA	-161.565	173.66
113	1	4	1	12.184	13.241	0	2	65	0	0	NA	NA	NA	NA	NA
114	1	4	2	12.565	13.41	0	2	46	0.416	0.416	NA	0.416	NA	23.962	NA
115	1	4	3	12.565	13.41	0	2	121	0.416	0.416	NA	0	NA	0	-23.962
116	1	4	4	12.818	13.368	0	2	93	0.673	0.647	NA	0.257	NA	-9.462	-9.462
117	1	4	5	12.565	13.326	0	2	55	0.931	0.39	NA	0.257	NA	-170.538	-161.075
118	1	4	6	13.241	13.157	0	2	102	1.628	1.06	NA	0.697	NA	-14.036	156.501
119	1	4	7	13.452	13.241	0	2	83	1.855	1.268	NA	0.228	NA	21.801	35.838
120	1	4	8	13.283	13.241	0	2	55	2.024	1.099	NA	0.169	NA	180	158.199
121	1	4	9	13.664	13.326	0	2	37	2.414	1.482	NA	0.39	NA	12.529	-167.471
122	1	5	1	20.765	12.734	0	2	74	0	0	NA	NA	NA	NA	NA
123	1	5	2	21.103	12.607	0	2	46	0.361	0.361	NA	0.361	NA	-20.556	NA
124	1	5	3	20.934	12.522	0	2	18	0.55	0.271	NA	0.189	NA	-153.435	-132.879
125	1	5	4	21.146	12.142	0	2	37	0.985	0.704	NA	0.435	NA	-60.945	92.49
126	1	5	5	21.103	12.438	0	2	37	1.284	0.449	NA	0.299	NA	98.13	159.075
127	1	5	6	21.103	12.734	0	2	27	1.58	0.338	NA	0.296	NA	90	-8.13
128	1	5	7	20.85	12.818	0	2	18	1.848	0.12	NA	0.267	NA	161.565	71.565
129	1	5	8	20.977	12.522	0	2	65	2.169	0.299	NA	0.322	NA	-66.801	131.634
130	1	5	9	20.934	12.396	0	2	37	2.303	0.378	NA	0.134	NA	-108.435	-41.634
131	1	5	10	20.765	12.142	0	2	74	2.608	0.592	NA	0.305	NA	-123.69	-15.255
132	1	6	1	18.271	13.072	0	2	55	0	0	NA	NA	NA	NA	NA
133	1	6	2	18.356	13.03	0	2	46	0.095	0.095	NA	0.095	NA	-26.565	NA
134	1	6	3	18.821	13.283	0	2	37	0.624	0.589	NA	0.53	NA	28.61	55.176
135	1	6	4	19.497	13.41	0	2	37	1.312	1.272	NA	0.688	NA	10.62	-17.991
136	1	6	5	18.821	13.368	0	2	46	1.99	0.624	NA	0.678	NA	-176.424	172.957
137	1	6	6	19.243	13.537	0	2	18	2.445	1.078	NA	0.455	NA	21.801	-161.775
138	1	6	7	18.483	13.326	0	2	55	3.235	0.33	NA	0.79	NA	-164.476	173.723
139	1	6	8	18.736	13.368	0	2	18	3.492	0.551	NA	0.257	NA	9.462	173.938
140	1	6	9	18.736	13.326	0	2	27	3.534	0.53	NA	0.042	NA	-90	-99.462
141	1	7	1	14.932	12.607	0	2	9	0	0	NA	NA	NA	NA	NA
142	1	7	2	15.312	13.579	0	2	37	1.044	1.044	NA	1.044	NA	68.629	NA
143	1	7	3	15.101	13.622	0	2	18	1.26	1.028	NA	0.216	NA	168.69	100.061
144	1	7	4	15.101	13.537	0	2	27	1.344	0.945	NA	0.085	NA	-90	101.31
145	1	7	5	14.974	14.636	0	2	46	2.45	2.029	NA	1.106	NA	96.582	-173.418
146	1	7	6	14.805	14.763	0	2	9	2.662	2.159	NA	0.211	NA	143.13	46.548
147	1	8	1	15.228	12.142	0	2	27	0	0	NA	NA	NA	NA	NA
148	1	8	2	16.115	12.565	0	2	46	0.983	0.983	NA	0.983	NA	25.463	NA
149	1	8	3	15.989	12.522	0	2	55	1.117	0.851	NA	0.134	NA	-161.565	172.972
150	1	8	4	15.989	12.522	0	2	74	1.117	0.851	NA	0	NA	0	161.565
151	1	8	5	16.285	12.565	0	2	46	1.416	1.138	NA	0.299	NA	8.13	8.13
152	1	8	6	16.073	12.776	0	2	37	1.715	1.057	NA	0.299	NA	135	126.87
153	1	8	7	16.115	12.438	0	2	27	2.055	0.936	NA	0.341	NA	-82.875	142.125
154	1	8	8	16.242	12.692	0	2	46	2.339	1.154	NA	0.284	NA	63.435	146.31
155	1	9	1	23.259	12.565	0	2	55	0	0	NA	NA	NA	NA	NA
156	1	9	2	21.864	12.607	0	2	46	1.396	1.396	NA	1.396	NA	178.264	NA
157	1	9	3	19.455	12.227	0	2	18	3.835	3.819	NA	2.439	NA	-171.027	10.708
158	1	9	4	17.214	11.973	0	2	65	6.089	6.074	NA	2.255	NA	-173.541	-2.514
159	1	9	5	17.849	12.269	0	2	177	6.789	5.419	NA	0.7	NA	25.017	-161.442
160	1	9	6	16.707	12.227	0	2	37	7.931	6.561	NA	1.142	NA	-177.879	157.104
161	1	10	1	17.214	13.41	0	2	37	0	0	NA	NA	NA	NA	NA
162	1	10	2	17.553	13.495	0	2	37	0.349	0.349	NA	0.349	NA	14.036	NA
163	1	10	3	17.51	13.833	0	2	46	0.689	0.516	NA	0.341	NA	97.125	83.089
164	1	10	4	17.553	13.622	0	2	55	0.905	0.399	NA	0.216	NA	-78.69	-175.815
165	1	10	5	17.426	13.495	0	2	37	1.084	0.228	NA	0.179	NA	-135	-56.31
166	1	10	6	17.806	13.495	0	2	27	1.465	0.598	NA	0.38	NA	0	135
167	1	10	7	17.426	13.368	0	2	18	1.866	0.216	NA	0.401	NA	-161.565	-161.565
168	1	10	8	17.679	13.368	0	2	18	2.119	0.467	NA	0.254	NA	0	161.565
169	1	10	9	17.51	13.579	0	2	46	2.39	0.341	NA	0.271	NA	128.66	128.66
170	1	10	10	18.102	13.579	0	2	9	2.982	0.904	NA	0.592	NA	0	-128.66
171	1	10	11	17.764	13.41	0	2	18	3.36	0.55	NA	0.378	NA	-153.435	-153.435
172	1	10	12	17.13	13.283	0	2	0	4.006	0.152	NA	0.647	NA	-168.69	-15.255
173	1	11	1	17.849	12.734	0	2	102	0	0	NA	NA	NA	NA	NA
174	1	11	2	17.595	12.649	0	2	102	0.267	0.267	NA	0.267	NA	-161.565	NA
175	1	11	3	17.764	12.692	0	2	111	0.442	0.095	NA	0.174	NA	14.036	175.601
176	1	11	4	19.201	12.649	0	2	255	1.879	1.355	NA	1.438	NA	-1.685	-15.721
177	1	11	5	17.975	12.522	0	2	111	3.112	0.246	NA	1.232	NA	-174.094	-172.409
178	1	11	6	18.144	12.649	0	2	139	3.323	0.308	NA	0.211	NA	36.87	-149.036
179	1	11	7	18.102	12.692	0	2	111	3.383	0.257	NA	0.06	NA	135	98.13
180	1	11	8	17.426	12.692	0	2	18	4.059	0.425	NA	0.676	NA	180	45
181	1	11	9	18.694	12.818	0	2	111	5.334	0.85	NA	1.274	NA	5.711	-174.289
182	1	11	10	18.525	12.734	0	2	111	5.523	0.676	NA	0.189	NA	-153.435	-159.146
183	1	11	11	18.948	13.072	0	2	102	6.064	1.15	NA	0.541	NA	38.66	-167.905
184	1	11	12	18.229	12.522	0	2	37	6.969	0.435	NA	0.905	NA	-142.595	178.746
185	1	12	1	21.357	12.903	0	2	37	0	0	NA	NA	NA	NA	NA
186	1	12	2	20.047	12.353	0	2	65	1.421	1.421	NA	1.421	NA	-157.249	NA
187	1	12	3	19.582	12.565	0	2	9	1.932	1.807	NA	0.511	NA	155.556	-47.195
188	1	12	4	19.92	12.734	0	2	27	2.31	1.447	NA	0.378	NA	26.565	-128.991
189	1	12	5	20.216	12.522	0	2	27	2.673	1.203	NA	0.364	NA	-35.538	-62.103
190	1	12	6	19.497	12.649	0	2	37	3.403	1.877	NA	0.73	NA	169.992	-154.47
191	1	12	7	20.3	12.311	0	2	55	4.274	1.211	NA	0.871	NA	-22.834	167.174
192	1	12	8	23.597	12.269	0	2	46	7.572	2.328	NA	3.297	NA	-0.735	22.099
193	1	12	9	24.147	11.635	0	2	37	8.411	3.065	NA	0.839	NA	-49.086	-48.351
194	1	13	1	14.594	9.902	0	2	46	0	0	NA	NA	NA	NA	NA
195	1	13	2	14.721	9.944	0	2	177	0.134	0.134	NA	0.134	NA	18.435	NA
196	1	13	3	14.847	9.986	0	2	46	0.267	0.267	NA	0.134	NA	18.435	0
197	1	13	4	14.721	10.282	0	2	55	0.589	0.401	NA	0.322	NA	113.199	94.764
198	1	13	5	15.101	10.24	0	2	9	0.972	0.61	NA	0.383	NA	-6.34	-119.539
199	1	14	1	19.032	13.03	0	2	46	0	0	NA	NA	NA	NA	NA
200	1	14	2	20.638	13.157	0	2	55	1.611	1.611	NA	1.611	NA	4.514	NA
201	1	14	3	20.934	13.622	0	2	0	2.162	1.992	NA	0.551	NA	57.529	53.015
202	1	14	4	21.822	13.326	0	2	9	3.098	2.805	NA	0.936	NA	-18.435	-75.964
203	1	14	5	21.695	13.41	0	2	0	3.25	2.69	NA	0.152	NA	146.31	164.745
204	1	14	6	20.977	13.41	0	2	37	3.969	1.981	NA	0.719	NA	180	33.69
205	1	14	7	21.484	13.622	0	2	0	4.519	2.522	NA	0.55	NA	22.62	-157.38
206	1	14	8	20.892	13.495	0	2	18	5.124	1.917	NA	0.605	NA	-167.905	169.475
207	1	15	1	10.747	10.198	0	2	55	0	0	NA	NA	NA	NA	NA
208	1	15	2	10.494	10.155	0	2	65	0.257	0.257	NA	0.257	NA	-170.538	NA
209	1	15	3	10.155	9.902	0	2	37	0.68	0.662	NA	0.423	NA	-143.13	27.408
210	1	15	4	8.887	10.282	0	2	18	2.004	1.862	NA	1.324	NA	163.301	-53.569
211	1	15	5	8.422	10.536	0	2	18	2.533	2.349	NA	0.53	NA	151.39	-11.911
212	1	16	1	12.818	7.577	0	2	9	0	0	NA	NA	NA	NA	NA
213	1	16	2	13.622	8.253	0	2	9	1.05	1.05	NA	1.05	NA	40.101	NA
214	1	16	3	13.917	8.422	0	2	46	1.391	1.387	NA	0.341	NA	29.745	-10.356
215	1	16	4	13.917	8.634	0	2	18	1.602	1.525	NA	0.211	NA	90	60.255
216	1	16	5	14.382	8.887	0	2	9	2.132	2.04	NA	0.53	NA	28.61	-61.39
217	1	16	6	14.298	9.352	0	2	37	2.604	2.311	NA	0.473	NA	100.305	71.694
218	1	17	1	13.241	8.887	0	2	9	0	0	NA	NA	NA	NA	NA
219	1	17	2	11.635	9.141	0	2	9	1.626	1.626	NA	1.626	NA	171.027	NA
220	1	17	3	10.409	9.268	0	2	74	2.859	2.858	NA	1.232	NA	174.094	3.066
221	1	17	4	10.113	9.31	0	2	46	3.157	3.156	NA	0.299	NA	171.87	-2.224
222	1	17	5	10.578	9.395	0	2	9	3.63	2.711	NA	0.473	NA	10.305	-161.565
223	1	17	6	10.029	9.352	0	2	27	4.181	3.246	NA	0.551	NA	-175.601	174.094
224	1	17	7	9.986	9.437	0	2	27	4.276	3.301	NA	0.095	NA	116.565	-67.834
225	1	17	8	10.113	9.521	0	2	46	4.428	3.192	NA	0.152	NA	33.69	-82.875
226	1	17	9	10.155	9.352	0	2	37	4.602	3.121	NA	0.174	NA	-75.964	-109.654
227	1	17	10	10.367	9.352	0	2	27	4.814	2.912	NA	0.211	NA	0	75.964
228	1	17	11	10.62	9.395	0	2	37	5.071	2.669	NA	0.257	NA	9.462	9.462
229	1	17	12	10.494	9.479	0	2	55	5.223	2.811	NA	0.152	NA	146.31	136.848
230	1	17	13	10.536	9.564	0	2	18	5.318	2.789	NA	0.095	NA	63.435	-82.875
231	1	17	14	10.578	9.564	0	2	46	5.36	2.748	NA	0.042	NA	0	-63.435
232	1	17	15	10.62	9.521	0	2	74	5.42	2.696	NA	0.06	NA	-45	-45
233	1	17	16	10.747	9.606	0	2	65	5.572	2.595	NA	0.152	NA	33.69	78.69
234	1	17	17	10.916	9.395	0	2	55	5.843	2.38	NA	0.271	NA	-51.34	-85.03
235	1	17	18	11.17	9.141	0	2	27	6.202	2.087	NA	0.359	NA	-45	6.34
236	1	18	1	10.24	10.832	0	2	0	0	0	NA	NA	NA	NA	NA
237	1	18	2	10.282	10.832	0	2	46	0.042	0.042	NA	0.042	NA	0	NA
238	1	18	3	10.113	10.832	0	2	9	0.211	0.127	NA	0.169	NA	180	180
239	1	18	4	10.24	10.409	0	2	65	0.653	0.423	NA	0.441	NA	-73.301	106.699
240	1	18	5	10.324	10.578	0	2	18	0.842	0.267	NA	0.189	NA	63.435	136.736
241	1	18	6	10.705	10.494	0	2	18	1.231	0.575	NA	0.39	NA	-12.529	-75.964
242	1	18	7	10.324	10.451	0	2	55	1.614	0.39	NA	0.383	NA	-173.66	-161.131
243	1	18	8	10.198	10.409	0	2	9	1.748	0.425	NA	0.134	NA	-161.565	12.095
244	1	19	1	12.649	13.326	0	2	65	0	0	NA	NA	NA	NA	NA
245	1	19	2	12.734	13.283	0	2	18	0.095	0.095	NA	0.095	NA	-26.565	NA
246	1	19	3	12.142	13.41	0	2	37	0.7	0.514	NA	0.605	NA	167.905	-165.53
247	1	19	4	12.1	13.748	0	2	37	1.041	0.693	NA	0.341	NA	97.125	-70.78
248	1	19	5	11.593	13.748	0	2	9	1.548	1.138	NA	0.507	NA	180	82.875
249	1	19	6	10.578	13.917	0	2	37	2.576	2.154	NA	1.028	NA	170.538	-9.462
250	1	19	7	9.859	13.917	0	2	46	3.295	2.852	NA	0.719	NA	180	9.462
251	1	19	8	9.902	13.579	0	2	18	3.636	2.759	NA	0.341	NA	-82.875	97.125
252	2	1	1	17.299	20.977	0	2	37	0	0	NA	NA	NA	NA	NA
253	2	1	2	17.595	20.977	0	2	74	0.296	0.296	NA	0.296	NA	0	NA
254	2	1	3	17.595	20.977	0	2	55	0.296	0.296	NA	0	NA	0	0
255	2	1	4	17.553	20.977	0	2	37	0.338	0.254	NA	0.042	NA	180	180
256	2	1	5	17.299	20.85	0	2	93	0.622	0.127	NA	0.284	NA	-153.435	26.565
257	2	1	6	17.384	20.892	0	2	18	0.716	0.12	NA	0.095	NA	26.565	180
258	2	1	7	17.299	20.892	0	2	83	0.801	0.085	NA	0.085	NA	180	153.435
259	2	1	8	17.257	20.892	0	2	46	0.843	0.095	NA	0.042	NA	180	0
260	2	1	9	17.214	20.892	0	2	18	0.885	0.12	NA	0.042	NA	180	0
261	2	1	10	17.257	20.934	0	2	18	0.945	0.06	NA	0.06	NA	45	-135
262	2	1	11	17.553	21.146	0	2	83	1.309	0.305	NA	0.364	NA	35.538	-9.462
263	2	1	12	17.679	21.146	0	2	65	1.436	0.416	NA	0.127	NA	0	-35.538
264	2	1	13	18.483	20.934	0	2	37	2.266	1.184	NA	0.83	NA	-14.744	-14.744
265	2	1	14	18.398	20.934	0	2	46	2.351	1.1	NA	0.085	NA	180	-165.256
266	2	1	15	18.356	20.934	0	2	93	2.393	1.058	NA	0.042	NA	180	0
267	2	1	16	18.229	20.807	0	2	83	2.572	0.945	NA	0.179	NA	-135	45
268	2	1	17	18.736	20.681	0	2	74	3.095	1.467	NA	0.523	NA	-14.036	120.964
269	2	1	18	18.483	21.188	0	2	46	3.662	1.202	NA	0.567	NA	116.565	130.601
270	2	3	1	18.652	19.666	0	2	167	0	0	NA	NA	NA	NA	NA
271	2	3	2	17.679	20.258	0	2	83	1.138	1.138	NA	1.138	NA	148.671	NA
272	2	3	3	17.975	19.666	0	2	46	1.8	0.676	NA	0.662	NA	-63.435	147.894
273	2	3	4	18.229	19.877	0	2	121	2.13	0.473	NA	0.33	NA	39.806	103.241
274	2	3	5	18.229	19.877	0	2	121	2.13	0.473	NA	0	NA	0	-39.806
275	2	3	6	18.525	19.835	0	2	130	2.429	0.211	NA	0.299	NA	-8.13	-8.13
276	2	3	7	18.483	19.835	0	2	111	2.471	0.239	NA	0.042	NA	180	-171.87
277	2	3	8	18.567	20.342	0	2	149	2.985	0.682	NA	0.514	NA	80.538	-99.462
278	2	3	9	18.525	20.3	0	2	139	3.045	0.647	NA	0.06	NA	-135	144.462
279	2	3	10	18.313	20.342	0	2	158	3.261	0.756	NA	0.216	NA	168.69	-56.31
280	2	3	11	18.44	19.92	0	2	130	3.702	0.33	NA	0.441	NA	-73.301	118.009
281	2	3	12	18.44	19.92	0	2	121	3.702	0.33	NA	0	NA	0	73.301
282	2	3	13	18.356	19.92	0	2	149	3.786	0.39	NA	0.085	NA	180	180
283	2	3	14	18.271	19.92	0	2	121	3.871	0.457	NA	0.085	NA	180	0
284	2	3	15	18.44	19.793	0	2	130	4.082	0.246	NA	0.211	NA	-36.87	143.13
285	2	3	16	18.313	19.751	0	2	102	4.216	0.349	NA	0.134	NA	-161.565	-124.695
286	2	3	17	18.525	19.624	0	2	121	4.463	0.134	NA	0.246	NA	-30.964	130.601
287	2	3	18	18.44	20.004	0	2	130	4.852	0.399	NA	0.39	NA	102.529	133.493
288	2	3	19	18.652	19.92	0	2	111	5.08	0.254	NA	0.228	NA	-21.801	-124.33
289	2	3	20	18.525	19.92	0	2	65	5.207	0.284	NA	0.127	NA	180	-158.199
290	2	3	21	18.525	19.92	0	2	65	5.207	0.284	NA	0	NA	0	-180
291	2	3	22	18.525	19.92	0	2	102	5.207	0.284	NA	0	NA	0	0
292	2	3	23	18.736	19.751	0	2	46	5.477	0.12	NA	0.271	NA	-38.66	-38.66
293	2	3	24	18.821	19.708	0	2	65	5.572	0.174	NA	0.095	NA	-26.565	12.095
294	2	3	25	18.483	19.962	0	2	83	5.995	0.341	NA	0.423	NA	143.13	169.695
295	2	3	26	18.694	19.877	0	2	74	6.222	0.216	NA	0.228	NA	-21.801	-164.932
296	2	3	27	18.694	19.877	0	2	74	6.222	0.216	NA	0	NA	0	21.801
297	2	3	28	18.736	19.835	0	2	46	6.282	0.189	NA	0.06	NA	-45	-45
298	2	3	29	18.736	19.962	0	2	55	6.409	0.308	NA	0.127	NA	90	135
299	2	3	30	18.483	20.004	0	2	83	6.666	0.378	NA	0.257	NA	170.538	80.538
300	2	3	31	18.483	20.089	0	2	55	6.75	0.455	NA	0.085	NA	90	-80.538
301	2	3	32	18.483	20.089	0	2	46	6.75	0.455	NA	0	NA	0	-90
302	2	3	33	18.483	20.089	0	2	65	6.75	0.455	NA	0	NA	0	0
303	2	3	34	18.525	20.089	0	2	83	6.793	0.441	NA	0.042	NA	0	0
304	2	3	35	18.525	20.089	0	2	46	6.793	0.441	NA	0	NA	0	0
305	2	3	36	18.567	19.666	0	2	83	7.218	0.085	NA	0.425	NA	-84.289	-84.289
306	2	3	37	18.44	20.089	0	2	46	7.659	0.473	NA	0.441	NA	106.699	-169.011
307	2	3	38	18.525	20.004	0	2	74	7.778	0.361	NA	0.12	NA	-45	-151.699
308	2	3	39	18.483	20.047	0	2	46	7.838	0.416	NA	0.06	NA	135	180
309	2	3	40	18.483	20.047	0	2	55	7.838	0.416	NA	0	NA	0	-135
310	2	3	41	18.525	20.089	0	2	74	7.898	0.441	NA	0.06	NA	45	45
311	2	3	42	18.483	20.258	0	2	93	8.072	0.615	NA	0.174	NA	104.036	59.036
312	2	3	43	18.905	20.173	0	2	27	8.503	0.567	NA	0.431	NA	-11.31	-115.346
313	2	3	44	18.905	20.173	0	2	93	8.503	0.567	NA	0	NA	0	11.31
314	2	3	45	18.821	20.216	0	2	55	8.598	0.575	NA	0.095	NA	153.435	153.435
315	2	3	46	18.905	20.216	0	2	83	8.682	0.605	NA	0.085	NA	0	-153.435
316	2	3	47	18.905	20.258	0	2	55	8.725	0.644	NA	0.042	NA	90	90
317	2	3	48	18.905	20.131	0	2	55	8.851	0.53	NA	0.127	NA	-90	-180
318	2	3	49	19.201	20.089	0	2	74	9.15	0.693	NA	0.299	NA	-8.13	81.87
319	2	3	50	19.201	20.089	0	2	74	9.15	0.693	NA	0	NA	0	8.13
320	2	4	1	19.455	20.892	0	2	65	0	0	NA	NA	NA	NA	NA
321	2	4	2	19.286	20.342	0	2	93	0.575	0.575	NA	0.575	NA	-107.103	NA
322	2	4	3	19.497	20.469	0	2	139	0.821	0.425	NA	0.246	NA	30.964	138.066
323	2	4	4	19.455	20.596	0	2	74	0.955	0.296	NA	0.134	NA	108.435	77.471
324	2	4	5	19.455	20.385	0	2	149	1.166	0.507	NA	0.211	NA	-90	161.565
325	2	4	6	19.37	20.807	0	2	121	1.598	0.12	NA	0.431	NA	101.31	-168.69
326	2	4	7	18.948	20.85	0	2	121	2.022	0.509	NA	0.425	NA	174.289	72.979
327	2	4	8	18.652	20.85	0	2	111	2.318	0.804	NA	0.296	NA	180	5.711
328	2	4	9	18.356	20.85	0	2	83	2.614	1.1	NA	0.296	NA	180	0
329	2	4	10	18.356	20.85	0	2	46	2.614	1.1	NA	0	NA	0	-180
330	2	4	11	18.609	20.85	0	2	37	2.868	0.846	NA	0.254	NA	0	0
331	2	4	12	18.652	20.85	0	2	83	2.91	0.804	NA	0.042	NA	0	0
332	2	4	13	19.074	20.342	0	2	102	3.57	0.668	NA	0.66	NA	-50.194	-50.194
333	2	4	14	19.455	20.427	0	2	27	3.96	0.465	NA	0.39	NA	12.529	62.723
334	2	4	15	18.905	20.723	0	2	37	4.584	0.575	NA	0.624	NA	151.699	139.17
335	2	4	16	18.863	20.681	0	2	55	4.644	0.628	NA	0.06	NA	-135	73.301
336	2	5	1	16.369	19.497	0	2	65	0	0	NA	NA	NA	NA	NA
337	2	5	2	16.707	19.666	0	2	65	0.378	0.378	NA	0.378	NA	26.565	NA
338	2	5	3	16.919	19.793	0	2	18	0.625	0.624	NA	0.246	NA	30.964	4.399
339	2	5	4	16.58	19.666	0	2	55	0.986	0.271	NA	0.361	NA	-159.444	169.592
340	2	5	5	16.707	19.708	0	2	121	1.119	0.399	NA	0.134	NA	18.435	177.879
341	2	5	6	16.538	20.089	0	2	74	1.536	0.615	NA	0.416	NA	113.962	95.528
342	2	5	7	16.707	19.877	0	2	55	1.806	0.509	NA	0.271	NA	-51.34	-165.303
343	2	5	8	16.834	19.666	0	2	65	2.053	0.495	NA	0.246	NA	-59.036	-7.696
344	2	5	9	16.961	19.455	0	2	93	2.299	0.593	NA	0.246	NA	-59.036	0
345	2	5	10	16.792	19.582	0	2	93	2.511	0.431	NA	0.211	NA	143.13	-157.834
346	2	5	11	16.58	19.751	0	2	65	2.781	0.33	NA	0.271	NA	141.34	-1.79
347	2	5	12	16.792	19.539	0	2	121	3.08	0.425	NA	0.299	NA	-45	173.66
348	2	5	13	16.707	19.624	0	2	74	3.2	0.361	NA	0.12	NA	135	180
349	2	5	14	16.707	19.624	0	2	83	3.2	0.361	NA	0	NA	0	-135
350	2	5	15	16.749	19.666	0	2	74	3.26	0.416	NA	0.06	NA	45	45
351	2	5	16	16.792	19.624	0	2	83	3.319	0.441	NA	0.06	NA	-45	-90
352	2	5	17	16.961	19.413	0	2	18	3.59	0.598	NA	0.271	NA	-51.34	-6.34
353	2	5	18	17.003	19.708	0	2	46	3.889	0.668	NA	0.299	NA	81.87	133.21
354	2	5	19	16.792	19.666	0	2	93	4.104	0.455	NA	0.216	NA	-168.69	109.44
355	2	5	20	16.665	19.666	0	2	65	4.231	0.341	NA	0.127	NA	180	-11.31
356	2	5	21	16.834	19.708	0	2	102	4.405	0.511	NA	0.174	NA	14.036	-165.964
357	2	5	22	16.834	19.793	0	2	55	4.49	0.551	NA	0.085	NA	90	75.964
358	2	5	23	17.045	19.962	0	2	65	4.761	0.821	NA	0.271	NA	38.66	-51.34
359	2	5	24	16.876	20.047	0	2	46	4.95	0.748	NA	0.189	NA	153.435	114.775
360	2	5	25	17.341	20.004	0	2	27	5.417	1.097	NA	0.467	NA	-5.194	-158.629
361	2	5	26	17.214	19.962	0	2	93	5.55	0.965	NA	0.134	NA	-161.565	-156.371
362	2	6	1	14.805	25.711	0	2	27	0	0	NA	NA	NA	NA	NA
363	2	6	2	15.566	25.711	0	2	18	0.761	0.761	NA	0.761	NA	0	NA
364	2	6	3	15.312	25.711	0	2	37	1.014	0.507	NA	0.254	NA	180	180
365	2	6	4	15.143	25.711	0	2	27	1.184	0.338	NA	0.169	NA	180	0
366	2	6	5	15.186	25.795	0	2	37	1.278	0.39	NA	0.095	NA	63.435	-116.565
367	2	6	6	15.186	25.838	0	2	0	1.32	0.401	NA	0.042	NA	90	26.565
368	2	6	7	15.312	25.838	0	2	0	1.447	0.523	NA	0.127	NA	0	-90
369	2	6	8	15.439	25.542	0	2	55	1.769	0.656	NA	0.322	NA	-66.801	-66.801
370	2	6	9	15.312	25.668	0	2	37	1.948	0.509	NA	0.179	NA	135	-158.199
371	2	6	10	15.65	25.711	0	2	18	2.289	0.845	NA	0.341	NA	7.125	-127.875
372	2	6	11	15.693	25.711	0	2	9	2.331	0.888	NA	0.042	NA	0	-7.125
373	2	6	12	15.397	25.711	0	2	74	2.627	0.592	NA	0.296	NA	180	180
374	2	6	13	15.439	25.626	0	2	9	2.722	0.64	NA	0.095	NA	-63.435	116.565
375	2	6	14	15.735	25.795	0	2	37	3.063	0.934	NA	0.341	NA	29.745	93.18
376	2	6	15	14.974	25.626	0	2	9	3.842	0.189	NA	0.779	NA	-167.471	162.784
377	2	6	16	15.65	25.795	0	2	27	4.539	0.85	NA	0.697	NA	14.036	-178.493
378	2	6	17	15.82	25.964	0	2	9	4.778	1.046	NA	0.239	NA	45	30.964
379	2	6	18	15.82	25.88	0	2	18	4.863	1.028	NA	0.085	NA	-90	-135
380	2	6	19	15.946	25.922	0	2	9	4.997	1.161	NA	0.134	NA	18.435	108.435
381	2	6	20	16.285	25.288	0	2	18	5.715	1.539	NA	0.719	NA	-61.928	-80.362
382	2	6	21	16.285	25.246	0	2	9	5.757	1.551	NA	0.042	NA	-90	-28.072
383	2	6	22	16.707	25.584	0	2	65	6.299	1.906	NA	0.541	NA	38.66	128.66
384	2	6	23	16.242	25.33	0	2	18	6.828	1.487	NA	0.53	NA	-151.39	169.951
385	2	6	24	16.623	25.457	0	2	74	7.229	1.835	NA	0.401	NA	18.435	169.824
386	2	6	25	16.665	25.415	0	2	27	7.289	1.883	NA	0.06	NA	-45	-63.435
387	2	6	26	16.454	25.584	0	2	27	7.56	1.653	NA	0.271	NA	141.34	-173.66
388	2	6	27	16.58	25.499	0	2	27	7.712	1.788	NA	0.152	NA	-33.69	-175.03
389	2	6	28	16.876	25.795	0	2	27	8.131	2.073	NA	0.418	NA	45	78.69
390	2	6	29	16.665	25.415	0	2	27	8.566	1.883	NA	0.435	NA	-119.055	-164.055
391	2	6	30	16.876	25.922	0	2	27	9.115	2.082	NA	0.55	NA	67.38	-173.565
392	2	6	31	16.792	25.668	0	2	0	9.383	1.987	NA	0.267	NA	-108.435	-175.815
393	2	6	32	16.327	25.753	0	2	27	9.855	1.522	NA	0.473	NA	169.695	-81.87
394	2	7	1	15.65	19.497	0	2	121	0	0	NA	NA	NA	NA	NA
395	2	7	2	15.566	19.497	0	2	102	0.085	0.085	NA	0.085	NA	180	NA
396	2	7	3	15.566	19.497	0	2	158	0.085	0.085	NA	0	NA	0	-180
397	2	7	4	15.608	19.751	0	2	46	0.342	0.257	NA	0.257	NA	80.538	80.538
398	2	7	5	15.355	19.497	0	2	46	0.7	0.296	NA	0.359	NA	-135	144.462
399	2	7	6	15.439	19.497	0	2	65	0.785	0.211	NA	0.085	NA	0	135
400	2	7	7	15.228	19.582	0	2	27	1.013	0.431	NA	0.228	NA	158.199	158.199
401	2	7	8	15.397	19.666	0	2	65	1.202	0.305	NA	0.189	NA	26.565	-131.634
402	2	7	9	15.989	18.948	0	2	18	2.132	0.645	NA	0.931	NA	-50.528	-77.093
403	2	7	10	15.735	19.37	0	2	37	2.625	0.152	NA	0.493	NA	120.964	171.491
404	2	7	11	15.82	19.286	0	2	65	2.745	0.271	NA	0.12	NA	-45	-165.964
405	2	7	12	15.862	19.117	0	2	74	2.919	0.435	NA	0.174	NA	-75.964	-30.964
406	2	7	13	15.608	19.539	0	2	83	3.412	0.06	NA	0.493	NA	120.964	-163.072
407	2	7	14	15.608	19.539	0	2	37	3.412	0.06	NA	0	NA	0	-120.964
408	2	7	15	15.693	19.539	0	2	37	3.497	0.06	NA	0.085	NA	0	0
409	2	7	16	15.989	19.539	0	2	46	3.793	0.341	NA	0.296	NA	0	0
410	2	7	17	15.862	19.455	0	2	65	3.945	0.216	NA	0.152	NA	-146.31	-146.31
411	2	7	18	15.862	19.286	0	2	37	4.114	0.299	NA	0.169	NA	-90	56.31
412	2	7	19	15.608	19.497	0	2	27	4.444	0.042	NA	0.33	NA	140.194	-129.806
413	2	7	20	15.735	19.539	0	2	74	4.578	0.095	NA	0.134	NA	18.435	-121.759
414	2	7	21	15.735	19.539	0	2	46	4.578	0.095	NA	0	NA	0	-18.435
415	2	7	22	15.82	19.539	0	2	55	4.662	0.174	NA	0.085	NA	0	0
416	2	7	23	15.82	19.708	0	2	46	4.832	0.271	NA	0.169	NA	90	90
417	2	7	24	15.862	19.793	0	2	55	4.926	0.364	NA	0.095	NA	63.435	-26.565
418	2	7	25	15.82	19.455	0	2	55	5.267	0.174	NA	0.341	NA	-97.125	-160.56
419	2	7	26	15.946	19.708	0	2	37	5.55	0.364	NA	0.284	NA	63.435	160.56
420	2	7	27	15.946	19.582	0	2	111	5.677	0.308	NA	0.127	NA	-90	-153.435
421	2	7	28	15.989	19.582	0	2	65	5.719	0.349	NA	0.042	NA	0	90
422	2	7	29	16.115	19.582	0	2	74	5.846	0.473	NA	0.127	NA	0	0
423	2	7	30	16.073	19.666	0	2	27	5.941	0.455	NA	0.095	NA	116.565	116.565
424	2	8	1	16.749	18.905	0	2	93	0	0	NA	NA	NA	NA	NA
425	2	8	2	16.919	18.736	0	2	37	0.239	0.239	NA	0.239	NA	-45	NA
426	2	8	3	17.045	18.483	0	2	65	0.523	0.516	NA	0.284	NA	-63.435	-18.435
427	2	8	4	16.961	18.609	0	2	46	0.675	0.364	NA	0.152	NA	123.69	-172.875
428	2	8	5	16.792	18.567	0	2	37	0.849	0.341	NA	0.174	NA	-165.964	70.346
429	2	8	6	16.792	18.567	0	2	55	0.849	0.341	NA	0	NA	0	165.964
430	2	8	7	17.003	18.652	0	2	46	1.077	0.359	NA	0.228	NA	21.801	21.801
431	2	8	8	16.58	18.778	0	2	74	1.518	0.211	NA	0.441	NA	163.301	141.499
432	2	8	9	16.792	19.117	0	2	65	1.917	0.216	NA	0.399	NA	57.995	-105.306
433	2	8	10	16.665	18.948	0	2	102	2.128	0.095	NA	0.211	NA	-126.87	175.135
434	2	8	11	16.707	18.948	0	2	27	2.171	0.06	NA	0.042	NA	0	126.87
435	2	8	12	16.665	18.863	0	2	27	2.265	0.095	NA	0.095	NA	-116.565	-116.565
436	2	8	13	16.834	18.863	0	2	65	2.434	0.095	NA	0.169	NA	0	116.565
437	2	8	14	16.749	18.99	0	2	37	2.587	0.085	NA	0.152	NA	123.69	123.69
438	2	9	1	21.441	20.85	0	2	37	0	0	NA	NA	NA	NA	NA
439	2	9	2	21.23	21.611	0	2	65	0.79	0.79	NA	0.79	NA	105.524	NA
440	2	9	3	21.357	22.202	0	2	9	1.395	1.355	NA	0.605	NA	77.905	-27.619
441	2	9	4	21.484	23.386	0	2	37	2.585	2.537	NA	1.19	NA	83.884	5.979
442	2	9	5	21.864	23.935	0	2	37	3.254	3.115	NA	0.668	NA	55.305	-28.58
443	2	9	6	21.737	23.935	0	2	46	3.38	3.1	NA	0.127	NA	180	124.695
444	2	9	7	22.033	23.935	0	2	65	3.676	3.142	NA	0.296	NA	0	-180
445	2	9	8	22.456	24.316	0	2	27	4.245	3.612	NA	0.569	NA	41.987	41.987
446	2	9	9	22.329	24.358	0	2	27	4.379	3.619	NA	0.134	NA	161.565	119.578
447	2	9	10	22.879	24.569	0	2	27	4.967	3.988	NA	0.589	NA	21.038	-140.528
448	2	9	11	22.456	24.147	0	2	18	5.565	3.45	NA	0.598	NA	-135	-156.038
449	2	9	12	22.245	24.739	0	2	18	6.194	3.971	NA	0.628	NA	109.654	-115.346
450	2	9	13	22.498	24.569	0	2	9	6.498	3.867	NA	0.305	NA	-33.69	-143.344
451	2	9	14	22.245	24.781	0	2	37	6.829	4.012	NA	0.33	NA	140.194	173.884
452	2	9	15	22.414	24.908	0	2	37	7.04	4.173	NA	0.211	NA	36.87	-103.325
453	2	9	16	22.667	24.908	0	2	18	7.293	4.239	NA	0.254	NA	0	-36.87
454	2	9	17	22.033	24.992	0	2	37	7.933	4.185	NA	0.64	NA	172.405	172.405
455	2	9	18	22.16	24.95	0	2	27	8.067	4.163	NA	0.134	NA	-18.435	169.16
456	2	9	19	22.033	24.95	0	2	9	8.194	4.143	NA	0.127	NA	180	-161.565
457	2	10	1	22.287	24.908	0	2	37	0	0	NA	NA	NA	NA	NA
458	2	10	2	22.202	25.119	0	2	0	0.228	0.228	NA	0.228	NA	111.801	NA
459	2	10	3	21.949	24.992	0	2	27	0.511	0.349	NA	0.284	NA	-153.435	94.764
460	2	10	4	22.033	25.034	0	2	27	0.606	0.284	NA	0.095	NA	26.565	180
461	2	10	5	22.245	25.246	0	2	27	0.905	0.341	NA	0.299	NA	45	18.435
462	2	11	1	17.806	23.217	0	2	55	0	0	NA	NA	NA	NA	NA
463	2	11	2	17.679	23.132	0	2	18	0.152	0.152	NA	0.152	NA	-146.31	NA
464	2	11	3	17.722	23.09	0	2	55	0.212	0.152	NA	0.06	NA	-45	101.31
465	2	11	4	17.679	22.963	0	2	83	0.346	0.284	NA	0.134	NA	-108.435	-63.435
466	2	11	5	17.849	22.836	0	2	93	0.557	0.383	NA	0.211	NA	-36.87	71.565
467	2	11	6	17.722	22.794	0	2	65	0.691	0.431	NA	0.134	NA	-161.565	-124.695
468	2	11	7	17.806	22.794	0	2	46	0.775	0.423	NA	0.085	NA	0	161.565
469	2	11	8	17.849	22.498	0	2	93	1.074	0.72	NA	0.299	NA	-81.87	-81.87
470	2	11	9	17.679	22.456	0	2	46	1.249	0.771	NA	0.174	NA	-165.964	-84.094
471	2	11	10	18.144	22.245	0	2	9	1.759	1.029	NA	0.511	NA	-24.444	141.52
472	2	12	1	20.977	17.891	0	2	139	0	0	NA	NA	NA	NA	NA
473	2	12	2	20.977	18.018	0	2	214	0.127	0.127	NA	0.127	NA	90	NA
474	2	12	3	20.977	18.018	0	2	149	0.127	0.127	NA	0	NA	0	-90
475	2	12	4	21.019	18.06	0	2	149	0.187	0.174	NA	0.06	NA	45	45
476	2	12	5	20.892	18.06	0	2	167	0.313	0.189	NA	0.127	NA	180	135
477	2	12	6	20.765	17.891	0	2	177	0.525	0.211	NA	0.211	NA	-126.87	53.13
478	2	12	7	20.85	17.891	0	2	158	0.609	0.127	NA	0.085	NA	0	126.87
479	2	12	8	20.892	17.891	0	2	83	0.652	0.085	NA	0.042	NA	0	0
480	2	12	9	20.892	17.891	0	2	139	0.652	0.085	NA	0	NA	0	0
481	2	12	10	20.85	17.891	0	2	111	0.694	0.127	NA	0.042	NA	180	180
482	2	12	11	20.85	17.891	0	2	177	0.694	0.127	NA	0	NA	0	-180
483	2	12	12	20.85	17.891	0	2	158	0.694	0.127	NA	0	NA	0	0
484	2	12	13	21.103	17.891	0	2	130	0.947	0.127	NA	0.254	NA	0	0
485	2	12	14	21.188	18.018	0	2	102	1.1	0.246	NA	0.152	NA	56.31	56.31
486	2	12	15	21.357	18.271	0	2	149	1.405	0.538	NA	0.305	NA	56.31	0
487	2	12	16	21.188	18.144	0	2	139	1.616	0.33	NA	0.211	NA	-143.13	160.56
488	2	12	17	21.399	18.144	0	2	102	1.827	0.493	NA	0.211	NA	0	143.13
489	2	12	18	21.653	18.102	0	2	130	2.084	0.709	NA	0.257	NA	-9.462	-9.462
490	2	12	19	21.653	18.102	0	2	93	2.084	0.709	NA	0	NA	0	9.462
491	2	12	20	22.033	18.271	0	2	83	2.501	1.123	NA	0.416	NA	23.962	23.962
492	2	12	21	22.498	18.187	0	2	83	2.973	1.55	NA	0.473	NA	-10.305	-34.267
493	2	12	22	22.583	18.06	0	2	111	3.126	1.615	NA	0.152	NA	-56.31	-46.005
494	2	12	23	22.71	18.06	0	2	111	3.253	1.741	NA	0.127	NA	0	56.31
495	2	12	24	22.71	18.06	0	2	55	3.253	1.741	NA	0	NA	0	0
496	2	12	25	22.921	17.764	0	2	102	3.616	1.949	NA	0.364	NA	-54.462	-54.462
497	2	12	26	22.963	17.764	0	2	74	3.659	1.991	NA	0.042	NA	0	54.462
498	2	12	27	22.879	18.018	0	2	65	3.926	1.906	NA	0.267	NA	108.435	108.435
499	2	12	28	22.752	18.018	0	2	74	4.053	1.78	NA	0.127	NA	180	71.565
500	2	12	29	22.625	18.271	0	2	55	4.336	1.692	NA	0.284	NA	116.565	-63.435
501	2	12	30	22.414	18.356	0	2	55	4.564	1.511	NA	0.228	NA	158.199	41.634
502	2	12	31	22.498	18.44	0	2	149	4.683	1.618	NA	0.12	NA	45	-113.199
503	2	12	32	22.625	18.525	0	2	83	4.836	1.766	NA	0.152	NA	33.69	-11.31
504	2	12	33	22.625	18.525	0	2	74	4.836	1.766	NA	0	NA	0	-33.69
505	2	12	34	22.71	18.567	0	2	46	4.93	1.86	NA	0.095	NA	26.565	26.565
506	2	12	35	22.879	18.609	0	2	65	5.105	2.033	NA	0.174	NA	14.036	-12.529
507	2	12	36	22.794	18.398	0	2	93	5.332	1.887	NA	0.228	NA	-111.801	-125.838
508	2	12	37	22.752	18.398	0	2	83	5.375	1.846	NA	0.042	NA	180	-68.199
509	2	12	38	22.71	18.525	0	2	102	5.508	1.845	NA	0.134	NA	108.435	-71.565
510	2	12	39	22.667	18.609	0	2	55	5.603	1.837	NA	0.095	NA	116.565	8.13
511	2	12	40	22.667	18.609	0	2	55	5.603	1.837	NA	0	NA	0	-116.565
512	2	12	41	23.048	18.525	0	2	74	5.992	2.166	NA	0.39	NA	-12.529	-12.529
513	2	12	42	23.048	18.525	0	2	93	5.992	2.166	NA	0	NA	0	12.529
514	2	12	43	23.048	18.652	0	2	93	6.119	2.207	NA	0.127	NA	90	90
515	2	12	44	23.048	18.652	0	2	74	6.119	2.207	NA	0	NA	0	-90
516	2	12	45	23.259	18.525	0	2	0	6.366	2.369	NA	0.246	NA	-30.964	-30.964
517	2	12	46	23.175	18.356	0	2	37	6.555	2.247	NA	0.189	NA	-116.565	-85.601
518	2	12	47	23.386	18.398	0	2	93	6.77	2.462	NA	0.216	NA	11.31	127.875
519	2	12	48	23.935	18.398	0	2	93	7.32	3.002	NA	0.55	NA	0	-11.31
520	2	12	49	23.597	18.313	0	2	65	7.668	2.655	NA	0.349	NA	-165.964	-165.964
521	2	12	50	23.259	18.483	0	2	46	8.046	2.358	NA	0.378	NA	153.435	-40.601
522	2	13	1	21.441	17.13	0	2	255	0	0	NA	NA	NA	NA	NA
523	2	13	2	21.568	17.003	0	2	233	0.179	0.179	NA	0.179	NA	-45	NA
524	2	13	3	22.118	17.468	0	2	130	0.899	0.756	NA	0.72	NA	40.236	85.236
525	2	13	4	22.118	17.468	0	2	195	0.899	0.756	NA	0	NA	0	-40.236
526	2	13	5	22.202	17.384	0	2	158	1.019	0.802	NA	0.12	NA	-45	-45
527	2	13	6	22.414	17.468	0	2	255	1.246	1.029	NA	0.228	NA	21.801	66.801
528	2	13	7	22.414	17.468	0	2	233	1.246	1.029	NA	0	NA	0	-21.801
529	2	13	8	22.371	17.51	0	2	205	1.306	1.005	NA	0.06	NA	135	135
530	2	13	9	22.16	17.51	0	2	205	1.517	0.813	NA	0.211	NA	180	45
531	2	13	10	22.16	17.51	0	2	130	1.517	0.813	NA	0	NA	0	-180
532	2	13	11	22.456	17.468	0	2	167	1.816	1.069	NA	0.299	NA	-8.13	-8.13
533	2	13	12	22.287	17.341	0	2	223	2.028	0.871	NA	0.211	NA	-143.13	-135
534	2	13	13	22.414	17.341	0	2	177	2.155	0.995	NA	0.127	NA	0	143.13
535	2	13	14	22.414	17.426	0	2	177	2.239	1.016	NA	0.085	NA	90	90
536	2	13	15	22.498	17.468	0	2	251	2.334	1.11	NA	0.095	NA	26.565	-63.435
537	2	13	16	22.498	17.468	0	2	130	2.334	1.11	NA	0	NA	0	-26.565
538	2	13	17	22.498	17.384	0	2	149	2.418	1.087	NA	0.085	NA	-90	-90
539	2	13	18	22.498	17.341	0	2	223	2.46	1.078	NA	0.042	NA	-90	0
540	2	13	19	22.54	17.341	0	2	186	2.503	1.119	NA	0.042	NA	0	90
541	2	13	20	22.54	17.341	0	2	139	2.503	1.119	NA	0	NA	0	0
542	2	13	21	22.456	17.214	0	2	130	2.655	1.018	NA	0.152	NA	-123.69	-123.69
543	2	13	22	22.202	17.257	0	2	139	2.912	0.771	NA	0.257	NA	170.538	-65.772
544	2	13	23	22.371	17.384	0	2	102	3.124	0.964	NA	0.211	NA	36.87	-133.668
545	2	13	24	22.287	17.299	0	2	93	3.243	0.862	NA	0.12	NA	-135	-171.87
546	2	13	25	22.245	17.172	0	2	93	3.377	0.804	NA	0.134	NA	-108.435	26.565
547	2	13	26	21.822	16.919	0	2	139	3.87	0.435	NA	0.493	NA	-149.036	-40.601
548	2	13	27	21.822	16.792	0	2	102	3.997	0.509	NA	0.127	NA	-90	59.036
549	2	13	28	21.653	16.707	0	2	55	4.186	0.473	NA	0.189	NA	-153.435	-63.435
550	2	13	29	21.611	16.749	0	2	55	4.245	0.416	NA	0.06	NA	135	-71.565
551	2	13	30	21.568	16.834	0	2	102	4.34	0.322	NA	0.095	NA	116.565	-18.435
552	2	13	31	21.822	16.792	0	2	111	4.597	0.509	NA	0.257	NA	-9.462	-126.027
553	2	13	32	22.16	17.257	0	2	93	5.172	0.73	NA	0.575	NA	53.973	63.435
554	2	13	33	22.16	17.172	0	2	83	5.256	0.72	NA	0.085	NA	-90	-143.973
555	2	13	34	22.287	17.384	0	2	46	5.503	0.883	NA	0.246	NA	59.036	149.036
556	2	13	35	22.371	17.384	0	2	27	5.587	0.964	NA	0.085	NA	0	-59.036
557	2	13	36	22.625	17.384	0	2	102	5.841	1.21	NA	0.254	NA	0	0
558	2	13	37	22.625	17.384	0	2	130	5.841	1.21	NA	0	NA	0	0
559	2	13	38	22.794	17.384	0	2	65	6.01	1.376	NA	0.169	NA	0	0
560	2	13	39	23.048	17.341	0	2	83	6.267	1.62	NA	0.257	NA	-9.462	-9.462
561	2	13	40	23.005	17.341	0	2	102	6.31	1.578	NA	0.042	NA	180	-170.538
562	2	13	41	22.921	17.341	0	2	111	6.394	1.494	NA	0.085	NA	180	0
563	2	13	42	22.245	17.553	0	2	55	7.103	0.908	NA	0.709	NA	162.646	-17.354
564	2	13	43	22.287	17.595	0	2	93	7.162	0.965	NA	0.06	NA	45	-117.646
565	2	13	44	21.906	17.595	0	2	55	7.543	0.658	NA	0.38	NA	180	135
566	2	13	45	21.906	17.595	0	2	27	7.543	0.658	NA	0	NA	0	-180
567	2	13	46	22.033	17.468	0	2	37	7.722	0.682	NA	0.179	NA	-45	-45
568	2	13	47	22.329	17.468	0	2	74	8.018	0.95	NA	0.296	NA	0	45
569	2	13	48	22.625	17.51	0	2	93	8.317	1.243	NA	0.299	NA	8.13	8.13
570	2	13	49	22.879	17.341	0	2	121	8.622	1.453	NA	0.305	NA	-33.69	-41.82
571	2	13	50	23.132	17.003	0	2	46	9.045	1.696	NA	0.423	NA	-53.13	-19.44
572	2	14	1	22.752	24.231	0	2	9	0	0	NA	NA	NA	NA	NA
573	2	14	2	22.963	24.4	0	2	0	0.271	0.271	NA	0.271	NA	38.66	NA
574	2	14	3	22.625	24.443	0	2	18	0.611	0.246	NA	0.341	NA	172.875	134.215
575	2	14	4	22.245	24.612	0	2	9	1.028	0.634	NA	0.416	NA	156.038	-16.837
576	2	14	5	23.005	24.569	0	2	0	1.79	0.423	NA	0.762	NA	-3.18	-159.217
577	2	14	6	22.202	24.739	0	2	9	2.611	0.748	NA	0.821	NA	168.111	171.291
578	2	14	7	21.906	25.077	0	2	18	3.06	1.196	NA	0.449	NA	131.186	-36.925
579	2	14	8	22.118	24.992	0	2	18	3.288	0.99	NA	0.228	NA	-21.801	-152.987
580	2	14	9	22.54	25.077	0	2	0	3.719	0.871	NA	0.431	NA	11.31	33.111
581	2	14	10	23.132	24.739	0	2	9	4.4	0.634	NA	0.682	NA	-29.745	-41.055
582	2	14	11	22.836	24.908	0	2	37	4.741	0.682	NA	0.341	NA	150.255	-180
583	2	14	12	22.836	24.95	0	2	18	4.783	0.724	NA	0.042	NA	90	-60.255
