Nr	TID	PID	x [micron]	y [micron]	t [sec]	c [idx]	I [val]	Len [micron]	D2S [micron]	D2R [micron]	D2P [micron]	v [micron/sec]	? [deg]	?? [deg]
1	1	1	16.71	18.777	0	2	67	0	0	NA	NA	NA	NA	NA
2	1	2	16.793	18.777	0	2	80	0.083	0.083	NA	0.083	NA	0	NA
3	1	3	16.834	18.777	0	2	120	0.124	0.124	NA	0.041	NA	0	0
4	1	4	16.876	18.901	0	2	73	0.255	0.207	NA	0.131	NA	71.565	71.565
5	1	5	17.041	19.066	0	2	154	0.489	0.439	NA	0.234	NA	45	-26.565
6	1	6	16.834	18.86	0	2	181	0.781	0.149	NA	0.292	NA	-135	180
7	1	7	16.834	18.86	0	2	167	0.781	0.149	NA	0	NA	0	135
8	1	8	16.669	18.777	0	2	100	0.966	0.041	NA	0.185	NA	-153.435	-153.435
9	1	9	16.71	18.777	0	2	107	1.007	0	NA	0.041	NA	0	153.435
10	1	10	16.628	18.653	0	2	134	1.156	0.149	NA	0.149	NA	-123.69	-123.69
11	1	11	16.628	18.529	0	2	53	1.28	0.261	NA	0.124	NA	-90	33.69
12	1	12	16.628	18.281	0	2	46	1.528	0.503	NA	0.248	NA	-90	0
13	1	13	16.793	18.86	0	2	60	2.13	0.117	NA	0.602	NA	74.055	164.055
14	2	1	17.909	20.72	0	2	60	0	0	NA	NA	NA	NA	NA
15	2	2	18.033	20.72	0	2	73	0.124	0.124	NA	0.124	NA	0	NA
16	2	3	18.488	20.472	0	2	73	0.642	0.63	NA	0.518	NA	-28.61	-28.61
17	2	4	18.364	20.431	0	2	87	0.773	0.539	NA	0.131	NA	-161.565	-132.955
18	2	5	18.24	20.389	0	2	93	0.903	0.468	NA	0.131	NA	-161.565	0
19	2	6	18.364	20.224	0	2	147	1.11	0.673	NA	0.207	NA	-53.13	108.435
20	2	7	18.198	20.307	0	2	53	1.295	0.505	NA	0.185	NA	153.435	-153.435
21	2	8	18.198	20.348	0	2	120	1.336	0.471	NA	0.041	NA	90	-63.435
22	2	9	18.488	20.472	0	2	67	1.651	0.63	NA	0.315	NA	23.199	-66.801
23	2	10	18.24	20.389	0	2	60	1.913	0.468	NA	0.261	NA	-161.565	175.236
24	2	11	18.322	20.389	0	2	147	1.995	0.529	NA	0.083	NA	0	161.565
25	2	12	18.405	20.389	0	2	80	2.078	0.596	NA	0.083	NA	0	0
26	2	13	18.405	20.389	0	2	80	2.078	0.596	NA	0	NA	0	0
27	2	14	18.446	20.596	0	2	60	2.289	0.551	NA	0.211	NA	78.69	78.69
28	2	15	18.446	20.472	0	2	67	2.413	0.592	NA	0.124	NA	-90	-168.69
29	2	16	18.364	20.431	0	2	80	2.505	0.539	NA	0.092	NA	-153.435	-63.435
30	2	17	18.364	20.555	0	2	73	2.629	0.484	NA	0.124	NA	90	-116.565
31	2	18	18.446	20.472	0	2	60	2.746	0.592	NA	0.117	NA	-45	-135
32	2	19	18.446	20.472	0	2	67	2.746	0.592	NA	0	NA	0	45
33	2	20	18.488	20.389	0	2	60	2.838	0.667	NA	0.092	NA	-63.435	-63.435
34	2	21	18.488	20.265	0	2	107	2.962	0.736	NA	0.124	NA	-90	-26.565
35	2	22	18.488	20.265	0	2	46	2.962	0.736	NA	0	NA	0	90
36	2	23	18.488	20.1	0	2	40	3.128	0.848	NA	0.165	NA	-90	-90
37	2	24	18.901	19.935	0	2	127	3.573	1.265	NA	0.445	NA	-21.801	68.199
38	2	25	18.942	19.935	0	2	114	3.614	1.298	NA	0.041	NA	0	21.801
39	2	26	18.942	19.935	0	2	26	3.614	1.298	NA	0	NA	0	0
40	2	27	18.57	20.224	0	2	40	4.086	0.827	NA	0.471	NA	142.125	142.125
41	2	28	18.281	20.555	0	2	33	4.525	0.407	NA	0.439	NA	131.186	-10.939
42	2	29	18.446	20.224	0	2	40	4.895	0.731	NA	0.37	NA	-63.435	165.379
43	2	30	18.446	20.224	0	2	33	4.895	0.731	NA	0	NA	0	63.435
44	2	31	18.116	20.141	0	2	20	5.236	0.615	NA	0.341	NA	-165.964	-165.964
45	2	32	18.198	20.183	0	2	40	5.328	0.61	NA	0.092	NA	26.565	-167.471
46	2	33	18.24	20.017	0	2	33	5.499	0.777	NA	0.17	NA	-75.964	-102.529
47	2	34	18.901	19.893	0	2	26	6.171	1.291	NA	0.673	NA	-10.62	65.344
48	2	35	18.942	19.811	0	2	20	6.264	1.377	NA	0.092	NA	-63.435	-52.815
49	2	36	19.108	19.645	0	2	13	6.498	1.61	NA	0.234	NA	-45	18.435
50	3	1	20.141	14.147	0	2	107	0	0	NA	NA	NA	NA	NA
51	3	2	20.059	14.147	0	2	67	0.083	0.083	NA	0.083	NA	180	NA
52	3	3	20.059	14.147	0	2	107	0.083	0.083	NA	0	NA	0	-180
53	3	4	20.017	14.147	0	2	93	0.124	0.124	NA	0.041	NA	180	180
54	3	5	19.976	14.147	0	2	67	0.165	0.165	NA	0.041	NA	180	0
55	3	6	19.976	14.147	0	2	67	0.165	0.165	NA	0	NA	0	-180
56	3	7	19.976	14.147	0	2	93	0.165	0.165	NA	0	NA	0	0
57	3	8	20.017	14.271	0	2	67	0.296	0.175	NA	0.131	NA	71.565	71.565
58	3	9	20.059	14.395	0	2	73	0.427	0.261	NA	0.131	NA	71.565	0
59	3	10	20.1	14.395	0	2	87	0.468	0.251	NA	0.041	NA	0	-71.565
60	3	11	20.059	14.313	0	2	120	0.561	0.185	NA	0.092	NA	-116.565	-116.565
61	3	12	20.017	14.313	0	2	87	0.602	0.207	NA	0.041	NA	180	-63.435
62	3	13	19.769	14.437	0	2	87	0.879	0.471	NA	0.277	NA	153.435	-26.565
63	3	14	19.769	14.437	0	2	87	0.879	0.471	NA	0	NA	0	-153.435
64	3	15	19.769	14.437	0	2	80	0.879	0.471	NA	0	NA	0	0
65	3	16	19.645	14.437	0	2	127	1.003	0.574	NA	0.124	NA	180	180
66	3	17	19.604	14.519	0	2	87	1.096	0.654	NA	0.092	NA	116.565	-63.435
67	3	18	19.439	14.519	0	2	93	1.261	0.795	NA	0.165	NA	180	63.435
68	3	19	19.397	14.561	0	2	100	1.319	0.851	NA	0.058	NA	135	-45
69	3	20	19.397	14.106	0	2	73	1.774	0.745	NA	0.455	NA	-90	135
70	3	21	19.521	14.106	0	2	87	1.898	0.621	NA	0.124	NA	0	90
71	3	22	19.521	14.106	0	2	53	1.898	0.621	NA	0	NA	0	0
72	3	23	19.645	14.106	0	2	60	2.022	0.498	NA	0.124	NA	0	0
73	3	24	19.521	14.189	0	2	40	2.171	0.621	NA	0.149	NA	146.31	146.31
74	3	25	19.521	14.147	0	2	87	2.213	0.62	NA	0.041	NA	-90	123.69
75	3	26	19.521	14.106	0	2	46	2.254	0.621	NA	0.041	NA	-90	0
76	3	27	19.521	14.065	0	2	6	2.295	0.626	NA	0.041	NA	-90	0
77	3	28	19.521	14.023	0	2	87	2.337	0.632	NA	0.041	NA	-90	0
78	3	29	19.521	13.651	0	2	67	2.709	0.794	NA	0.372	NA	-90	0
79	3	30	19.521	13.651	0	2	33	2.709	0.794	NA	0	NA	0	90
80	3	31	19.563	13.651	0	2	60	2.75	0.762	NA	0.041	NA	0	0
81	3	32	19.356	13.569	0	2	40	2.973	0.976	NA	0.223	NA	-158.199	-158.199
82	3	33	19.48	13.486	0	2	40	3.122	0.935	NA	0.149	NA	-33.69	124.509
83	3	34	19.397	13.734	0	2	53	3.383	0.851	NA	0.261	NA	108.435	142.125
84	3	35	19.48	13.569	0	2	33	3.568	0.879	NA	0.185	NA	-63.435	-171.87
85	4	1	18.818	14.395	0	2	67	0	0	NA	NA	NA	NA	NA
86	4	2	18.86	14.395	0	2	20	0.041	0.041	NA	0.041	NA	0	NA
87	4	3	18.529	14.313	0	2	60	0.382	0.301	NA	0.341	NA	-165.964	-165.964
88	4	4	18.405	14.313	0	2	53	0.506	0.422	NA	0.124	NA	180	-14.036
89	4	5	18.446	14.313	0	2	26	0.548	0.381	NA	0.041	NA	0	-180
90	4	6	18.901	13.775	0	2	33	1.251	0.626	NA	0.704	NA	-49.764	-49.764
91	4	7	18.653	13.734	0	2	20	1.503	0.682	NA	0.251	NA	-170.538	-120.774
92	4	8	18.488	13.817	0	2	6	1.688	0.667	NA	0.185	NA	153.435	-36.027
93	4	9	18.86	13.61	0	2	20	2.113	0.786	NA	0.426	NA	-29.055	177.51
94	4	10	18.653	13.858	0	2	40	2.436	0.562	NA	0.323	NA	129.806	158.86
95	4	11	18.653	13.569	0	2	40	2.726	0.843	NA	0.289	NA	-90	140.194
96	4	12	18.57	13.61	0	2	26	2.818	0.824	NA	0.092	NA	153.435	-116.565
97	4	13	18.694	13.734	0	2	40	2.993	0.673	NA	0.175	NA	45	-108.435
98	4	14	18.736	13.941	0	2	33	3.204	0.462	NA	0.211	NA	78.69	33.69
99	4	15	18.86	14.023	0	2	20	3.353	0.374	NA	0.149	NA	33.69	-45
100	5	1	21.629	20.761	0	2	73	0	0	NA	NA	NA	NA	NA
101	5	2	21.464	20.761	0	2	67	0.165	0.165	NA	0.165	NA	180	NA
102	5	3	21.423	20.761	0	2	73	0.207	0.207	NA	0.041	NA	180	0
103	5	4	21.423	20.761	0	2	73	0.207	0.207	NA	0	NA	0	-180
104	5	5	21.423	20.844	0	2	60	0.289	0.223	NA	0.083	NA	90	90
105	5	6	21.34	20.844	0	2	73	0.372	0.301	NA	0.083	NA	180	90
106	5	7	21.34	20.844	0	2	80	0.372	0.301	NA	0	NA	0	-180
107	5	8	21.381	20.885	0	2	60	0.43	0.277	NA	0.058	NA	45	45
108	5	9	21.547	20.927	0	2	100	0.601	0.185	NA	0.17	NA	14.036	-30.964
109	5	10	21.547	20.927	0	2	46	0.601	0.185	NA	0	NA	0	-14.036
110	5	11	21.34	20.927	0	2	40	0.808	0.333	NA	0.207	NA	180	180
111	5	12	21.133	20.927	0	2	20	1.014	0.523	NA	0.207	NA	180	0
112	5	13	21.051	20.844	0	2	73	1.131	0.585	NA	0.117	NA	-135	45
113	5	14	20.803	20.761	0	2	67	1.393	0.827	NA	0.261	NA	-161.565	-26.565
114	5	15	20.803	20.803	0	2	100	1.434	0.828	NA	0.041	NA	90	-108.435
115	5	16	20.803	20.844	0	2	20	1.475	0.831	NA	0.041	NA	90	0
116	5	17	19.315	21.34	0	2	67	3.044	2.386	NA	1.569	NA	161.565	71.565
117	5	18	18.777	21.505	0	2	6	3.606	2.948	NA	0.562	NA	162.897	1.332
118	6	1	22.208	20.637	0	2	80	0	0	NA	NA	NA	NA	NA
119	6	2	22.125	20.596	0	2	60	0.092	0.092	NA	0.092	NA	-153.435	NA
120	6	3	22.125	20.596	0	2	114	0.092	0.092	NA	0	NA	0	153.435
121	6	4	22.084	20.72	0	2	134	0.223	0.149	NA	0.131	NA	108.435	108.435
122	6	5	22.084	20.637	0	2	73	0.306	0.124	NA	0.083	NA	-90	161.565
123	6	6	22.208	20.555	0	2	147	0.455	0.083	NA	0.149	NA	-33.69	56.31
124	6	7	22.249	20.555	0	2	73	0.496	0.092	NA	0.041	NA	0	33.69
125	6	8	22.249	20.555	0	2	93	0.496	0.092	NA	0	NA	0	0
126	6	9	22.167	20.637	0	2	107	0.613	0.041	NA	0.117	NA	135	135
127	6	10	22.167	20.637	0	2	100	0.613	0.041	NA	0	NA	0	-135
128	6	11	22.208	20.637	0	2	80	0.654	0	NA	0.041	NA	0	0
129	6	12	21.96	20.679	0	2	100	0.906	0.251	NA	0.251	NA	170.538	170.538
130	6	13	22.001	20.72	0	2	87	0.964	0.223	NA	0.058	NA	45	-125.538
131	6	14	22.001	20.72	0	2	67	0.964	0.223	NA	0	NA	0	-45
132	6	15	21.919	20.72	0	2	53	1.047	0.301	NA	0.083	NA	180	180
133	6	16	22.043	20.637	0	2	40	1.196	0.165	NA	0.149	NA	-33.69	146.31
134	6	17	22.043	20.637	0	2	53	1.196	0.165	NA	0	NA	0	33.69
135	6	18	22.043	20.637	0	2	53	1.196	0.165	NA	0	NA	0	0
136	6	19	22.043	20.637	0	2	87	1.196	0.165	NA	0	NA	0	0
137	6	20	22.043	20.637	0	2	60	1.196	0.165	NA	0	NA	0	0
138	6	21	22.043	20.72	0	2	73	1.279	0.185	NA	0.083	NA	90	90
139	6	22	22.043	20.72	0	2	20	1.279	0.185	NA	0	NA	0	-90
140	6	23	22.125	20.637	0	2	46	1.396	0.083	NA	0.117	NA	-45	-45
141	6	24	21.96	20.927	0	2	40	1.729	0.381	NA	0.333	NA	119.745	164.745
142	6	25	22.001	20.761	0	2	46	1.899	0.241	NA	0.17	NA	-75.964	164.291
143	6	26	22.249	20.679	0	2	20	2.161	0.058	NA	0.261	NA	-18.435	57.529
144	6	27	22.208	20.72	0	2	33	2.219	0.083	NA	0.058	NA	135	153.435
145	6	28	22.043	20.927	0	2	33	2.484	0.333	NA	0.265	NA	128.66	-6.34
146	6	29	21.96	20.844	0	2	26	2.601	0.323	NA	0.117	NA	-135	96.34
147	6	30	22.208	20.803	0	2	26	2.852	0.165	NA	0.251	NA	-9.462	125.538
148	6	31	21.795	21.051	0	2	46	3.334	0.585	NA	0.482	NA	149.036	158.499
149	6	32	21.836	21.877	0	2	26	4.162	1.295	NA	0.828	NA	87.138	-61.899
150	6	33	21.629	22.043	0	2	26	4.427	1.52	NA	0.265	NA	141.34	54.203
151	6	34	21.877	21.588	0	2	40	4.945	1.007	NA	0.518	NA	-61.39	157.27
152	6	35	22.084	21.423	0	2	20	5.209	0.795	NA	0.265	NA	-38.66	22.73
153	6	36	22.084	21.175	0	2	40	5.457	0.551	NA	0.248	NA	-90	-51.34
154	6	37	22.208	20.968	0	2	26	5.698	0.331	NA	0.241	NA	-59.036	30.964
155	6	38	22.084	21.133	0	2	33	5.905	0.511	NA	0.207	NA	126.87	-174.094
156	6	39	22.001	21.133	0	2	20	5.988	0.537	NA	0.083	NA	180	53.13
157	6	40	21.877	21.009	0	2	20	6.163	0.498	NA	0.175	NA	-135	45
158	6	41	22.167	20.968	0	2	20	6.456	0.333	NA	0.292	NA	-8.13	126.87
159	6	42	22.043	20.844	0	2	53	6.631	0.265	NA	0.175	NA	-135	-126.87
160	6	43	22.043	20.844	0	2	53	6.631	0.265	NA	0	NA	0	135
161	6	44	22.208	20.844	0	2	26	6.796	0.207	NA	0.165	NA	0	0
162	6	45	22.125	20.968	0	2	26	6.945	0.341	NA	0.149	NA	123.69	123.69
163	6	46	22.084	20.968	0	2	26	6.987	0.353	NA	0.041	NA	180	56.31
164	6	47	22.084	20.968	0	2	20	6.987	0.353	NA	0	NA	0	-180
165	6	48	22.125	20.968	0	2	20	7.028	0.341	NA	0.041	NA	0	0
166	6	49	21.919	20.968	0	2	40	7.235	0.439	NA	0.207	NA	180	180
167	6	50	22.125	20.885	0	2	46	7.457	0.261	NA	0.223	NA	-21.801	158.199
168	7	1	20.513	23.614	0	2	114	0	0	NA	NA	NA	NA	NA
169	7	2	20.513	23.614	0	2	80	0	0	NA	0	NA	0	NA
170	7	3	20.513	23.407	0	2	73	0.207	0.207	NA	0.207	NA	-90	-90
171	7	4	20.513	23.407	0	2	120	0.207	0.207	NA	0	NA	0	90
172	7	5	20.513	23.365	0	2	107	0.248	0.248	NA	0.041	NA	-90	-90
173	7	6	20.513	23.365	0	2	67	0.248	0.248	NA	0	NA	0	90
174	7	7	20.513	23.365	0	2	46	0.248	0.248	NA	0	NA	0	0
175	7	8	20.513	23.655	0	2	160	0.537	0.041	NA	0.289	NA	90	90
176	7	9	20.472	23.779	0	2	107	0.668	0.17	NA	0.131	NA	108.435	18.435
177	7	10	20.431	23.738	0	2	93	0.727	0.149	NA	0.058	NA	-135	116.565
178	7	11	20.431	23.614	0	2	87	0.851	0.083	NA	0.124	NA	-90	45
179	7	12	20.555	23.655	0	2	107	0.981	0.058	NA	0.131	NA	18.435	108.435
180	7	13	20.803	23.738	0	2	60	1.243	0.315	NA	0.261	NA	18.435	0
181	7	14	20.803	23.779	0	2	87	1.284	0.333	NA	0.041	NA	90	71.565
182	7	15	20.761	23.779	0	2	87	1.325	0.298	NA	0.041	NA	180	90
183	7	16	20.72	23.903	0	2	67	1.456	0.356	NA	0.131	NA	108.435	-71.565
184	7	17	20.72	23.944	0	2	80	1.497	0.39	NA	0.041	NA	90	-18.435
185	7	18	20.472	24.027	0	2	107	1.759	0.415	NA	0.261	NA	161.565	71.565
186	7	19	20.431	24.027	0	2	73	1.8	0.422	NA	0.041	NA	180	18.435
187	7	20	20.513	24.068	0	2	93	1.893	0.455	NA	0.092	NA	26.565	-153.435
188	7	21	20.596	23.779	0	2	80	2.194	0.185	NA	0.301	NA	-74.055	-100.62
189	7	22	20.637	23.738	0	2	73	2.252	0.175	NA	0.058	NA	-45	29.055
190	7	23	20.637	23.862	0	2	73	2.376	0.277	NA	0.124	NA	90	135
191	7	24	20.844	23.779	0	2	100	2.599	0.37	NA	0.223	NA	-21.801	-111.801
192	7	25	20.844	23.696	0	2	46	2.681	0.341	NA	0.083	NA	-90	-68.199
193	7	26	20.761	23.655	0	2	60	2.774	0.251	NA	0.092	NA	-153.435	-63.435
194	7	27	20.679	23.655	0	2	46	2.856	0.17	NA	0.083	NA	180	-26.565
195	7	28	20.555	23.82	0	2	53	3.063	0.211	NA	0.207	NA	126.87	-53.13
196	7	29	20.72	23.738	0	2	33	3.248	0.241	NA	0.185	NA	-26.565	-153.435
197	7	30	20.803	23.614	0	2	46	3.397	0.289	NA	0.149	NA	-56.31	-29.745
198	7	31	20.761	23.572	0	2	33	3.455	0.251	NA	0.058	NA	-135	-78.69
199	7	32	20.761	23.489	0	2	53	3.538	0.277	NA	0.083	NA	-90	45
200	7	33	20.803	23.531	0	2	40	3.597	0.301	NA	0.058	NA	45	135
201	7	34	20.885	23.448	0	2	67	3.714	0.407	NA	0.117	NA	-45	-90
202	7	35	20.885	23.448	0	2	40	3.714	0.407	NA	0	NA	0	45
203	7	36	20.885	23.448	0	2	53	3.714	0.407	NA	0	NA	0	0
204	7	37	20.885	23.448	0	2	40	3.714	0.407	NA	0	NA	0	0
205	7	38	20.844	23.531	0	2	40	3.806	0.341	NA	0.092	NA	116.565	116.565
206	7	39	20.844	23.572	0	2	93	3.847	0.333	NA	0.041	NA	90	-26.565
207	7	40	20.927	23.655	0	2	13	3.964	0.415	NA	0.117	NA	45	-45
208	7	41	20.968	23.696	0	2	20	4.023	0.462	NA	0.058	NA	45	0
209	7	42	21.009	24.027	0	2	80	4.356	0.646	NA	0.333	NA	82.875	37.875
210	7	43	20.885	24.358	0	2	40	4.709	0.832	NA	0.353	NA	110.556	27.681
211	7	44	20.761	24.44	0	2	53	4.858	0.863	NA	0.149	NA	146.31	35.754
212	7	45	20.72	24.482	0	2	80	4.917	0.892	NA	0.058	NA	135	-11.31
213	7	46	20.555	24.688	0	2	87	5.181	1.076	NA	0.265	NA	128.66	-6.34
214	7	47	20.307	24.936	0	2	114	5.532	1.339	NA	0.351	NA	135	6.34
215	7	48	20.307	24.936	0	2	134	5.532	1.339	NA	0	NA	0	-135
216	7	49	20.265	25.267	0	2	93	5.865	1.672	NA	0.333	NA	97.125	97.125
217	7	50	20.265	25.391	0	2	107	5.989	1.795	NA	0.124	NA	90	-7.125
218	8	1	18.86	23.986	0	2	26	0	0	NA	NA	NA	NA	NA
219	8	2	18.86	23.986	0	2	13	0	0	NA	0	NA	0	NA
220	8	3	18.529	24.068	0	2	26	0.341	0.341	NA	0.341	NA	165.964	165.964
221	8	4	18.901	24.192	0	2	20	0.733	0.211	NA	0.392	NA	18.435	-147.529
222	8	5	18.818	24.316	0	2	6	0.882	0.333	NA	0.149	NA	123.69	105.255
223	8	6	18.901	24.316	0	2	20	0.965	0.333	NA	0.083	NA	0	-123.69
224	8	7	18.942	24.275	0	2	0	1.023	0.301	NA	0.058	NA	-45	-45
225	8	8	18.984	24.068	0	2	33	1.234	0.149	NA	0.211	NA	-78.69	-33.69
226	8	9	18.942	24.234	0	2	33	1.404	0.261	NA	0.17	NA	104.036	-177.274
227	8	10	18.942	24.275	0	2	13	1.446	0.301	NA	0.041	NA	90	-14.036
228	8	11	18.942	24.068	0	2	6	1.652	0.117	NA	0.207	NA	-90	-180
229	8	12	18.694	24.068	0	2	26	1.9	0.185	NA	0.248	NA	180	-90
230	8	13	19.025	24.11	0	2	0	2.234	0.207	NA	0.333	NA	7.125	-172.875
231	8	14	19.149	24.399	0	2	20	2.549	0.505	NA	0.315	NA	66.801	59.676
232	8	15	19.232	24.399	0	2	20	2.631	0.556	NA	0.083	NA	0	-66.801
233	8	16	19.232	24.399	0	2	33	2.631	0.556	NA	0	NA	0	0
234	8	17	19.232	24.399	0	2	53	2.631	0.556	NA	0	NA	0	0
235	8	18	19.356	24.73	0	2	26	2.984	0.894	NA	0.353	NA	69.444	69.444
236	8	19	19.356	24.688	0	2	6	3.026	0.86	NA	0.041	NA	-90	-159.444
237	8	20	19.397	24.688	0	2	13	3.067	0.885	NA	0.041	NA	0	90
238	8	21	19.439	24.73	0	2	13	3.126	0.943	NA	0.058	NA	45	45
239	8	22	19.19	24.73	0	2	20	3.374	0.814	NA	0.248	NA	180	135
240	8	23	19.356	24.936	0	2	13	3.638	1.072	NA	0.265	NA	51.34	-128.66
241	8	24	19.315	25.06	0	2	20	3.769	1.167	NA	0.131	NA	108.435	57.095
242	8	25	19.066	25.184	0	2	40	4.046	1.216	NA	0.277	NA	153.435	45
243	8	26	19.025	25.184	0	2	33	4.088	1.21	NA	0.041	NA	180	26.565
244	8	27	19.149	25.226	0	2	53	4.218	1.273	NA	0.131	NA	18.435	-161.565
245	8	28	19.439	25.432	0	2	20	4.574	1.558	NA	0.356	NA	35.538	17.103
246	8	29	19.273	25.35	0	2	53	4.759	1.425	NA	0.185	NA	-153.435	171.027
247	8	30	19.356	25.35	0	2	53	4.841	1.451	NA	0.083	NA	0	153.435
248	8	31	19.521	25.515	0	2	20	5.075	1.666	NA	0.234	NA	45	45
249	8	32	19.645	25.68	0	2	6	5.282	1.868	NA	0.207	NA	53.13	8.13
250	8	33	19.315	25.68	0	2	53	5.613	1.755	NA	0.331	NA	180	126.87
251	8	34	19.315	25.68	0	2	33	5.613	1.755	NA	0	NA	0	-180
252	8	35	19.232	25.722	0	2	26	5.705	1.776	NA	0.092	NA	153.435	153.435
253	8	36	18.901	25.722	0	2	13	6.036	1.737	NA	0.331	NA	180	26.565
254	8	37	18.612	25.68	0	2	20	6.328	1.713	NA	0.292	NA	-171.87	8.13
255	9	1	20.885	24.854	0	2	20	0	0	NA	NA	NA	NA	NA
256	9	2	20.803	24.812	0	2	33	0.092	0.092	NA	0.092	NA	-153.435	NA
257	9	3	20.637	24.812	0	2	46	0.258	0.251	NA	0.165	NA	180	-26.565
258	9	4	20.637	24.812	0	2	33	0.258	0.251	NA	0	NA	0	-180
259	9	5	20.637	24.812	0	2	26	0.258	0.251	NA	0	NA	0	0
260	9	6	20.679	24.812	0	2	53	0.299	0.211	NA	0.041	NA	0	0
261	9	7	20.927	24.647	0	2	13	0.597	0.211	NA	0.298	NA	-33.69	-33.69
262	9	8	20.679	24.647	0	2	40	0.845	0.292	NA	0.248	NA	180	-146.31
263	9	9	20.844	24.647	0	2	33	1.011	0.211	NA	0.165	NA	0	-180
264	9	10	20.927	24.647	0	2	26	1.093	0.211	NA	0.083	NA	0	0
265	9	11	20.927	24.647	0	2	67	1.093	0.211	NA	0	NA	0	0
266	9	12	20.844	24.564	0	2	20	1.21	0.292	NA	0.117	NA	-135	-135
267	9	13	20.761	24.523	0	2	73	1.303	0.353	NA	0.092	NA	-153.435	-18.435
268	9	14	20.968	24.523	0	2	20	1.509	0.341	NA	0.207	NA	0	153.435
269	9	15	20.885	24.44	0	2	46	1.626	0.413	NA	0.117	NA	-135	-135
270	9	16	20.761	24.564	0	2	53	1.802	0.315	NA	0.175	NA	135	-90
271	9	17	20.761	24.606	0	2	33	1.843	0.277	NA	0.041	NA	90	-45
272	9	18	20.844	24.606	0	2	26	1.926	0.251	NA	0.083	NA	0	-90
273	9	19	20.555	24.688	0	2	6	2.227	0.37	NA	0.301	NA	164.055	164.055
274	9	20	20.679	24.688	0	2	6	2.351	0.265	NA	0.124	NA	0	-164.055
275	9	21	20.637	24.688	0	2	33	2.392	0.298	NA	0.041	NA	180	180
276	9	22	20.72	24.771	0	2	33	2.509	0.185	NA	0.117	NA	45	-135
277	9	23	20.72	24.812	0	2	20	2.55	0.17	NA	0.041	NA	90	45
278	10	1	16.421	27.003	0	2	60	0	0	NA	NA	NA	NA	NA
279	10	2	16.462	27.044	0	2	0	0.058	0.058	NA	0.058	NA	45	NA
280	10	3	16.462	27.044	0	2	26	0.058	0.058	NA	0	NA	0	-45
281	10	4	16.462	27.044	0	2	26	0.058	0.058	NA	0	NA	0	0
282	10	5	16.586	27.044	0	2	40	0.182	0.17	NA	0.124	NA	0	0
283	10	6	16.71	26.838	0	2	46	0.423	0.333	NA	0.241	NA	-59.036	-59.036
284	10	7	17.124	26.714	0	2	20	0.855	0.76	NA	0.432	NA	-16.699	42.337
285	10	8	17.248	26.59	0	2	33	1.03	0.924	NA	0.175	NA	-45	-28.301
286	10	9	17.289	26.59	0	2	53	1.072	0.961	NA	0.041	NA	0	45
287	10	10	17.289	26.755	0	2	40	1.237	0.903	NA	0.165	NA	90	90
288	10	11	17.248	27.086	0	2	46	1.57	0.831	NA	0.333	NA	97.125	7.125
289	10	12	17.082	27.168	0	2	40	1.755	0.682	NA	0.185	NA	153.435	56.31
290	10	13	16.876	27.334	0	2	46	2.02	0.562	NA	0.265	NA	141.34	-12.095
291	10	14	16.752	27.168	0	2	53	2.227	0.37	NA	0.207	NA	-126.87	91.79
292	10	15	16.752	27.127	0	2	53	2.268	0.353	NA	0.041	NA	-90	36.87
293	10	16	16.462	27.251	0	2	26	2.583	0.251	NA	0.315	NA	156.801	-113.199
294	10	17	16.214	26.962	0	2	6	2.964	0.211	NA	0.381	NA	-130.601	72.597
295	10	18	16.256	26.838	0	2	40	3.095	0.234	NA	0.131	NA	-71.565	59.036
296	10	19	16.256	26.879	0	2	40	3.136	0.207	NA	0.041	NA	90	161.565
297	10	20	16.462	26.838	0	2	46	3.347	0.17	NA	0.211	NA	-11.31	-101.31
298	10	21	16.545	26.631	0	2	53	3.569	0.392	NA	0.223	NA	-68.199	-56.889
299	10	22	16.669	26.631	0	2	60	3.693	0.447	NA	0.124	NA	0	68.199
300	10	23	17	26.59	0	2	26	4.027	0.711	NA	0.333	NA	-7.125	-7.125
301	10	24	16.876	26.466	0	2	60	4.202	0.704	NA	0.175	NA	-135	-127.875
302	10	25	16.628	26.424	0	2	33	4.453	0.615	NA	0.251	NA	-170.538	-35.538
303	10	26	16.545	26.424	0	2	33	4.536	0.592	NA	0.083	NA	180	-9.462
304	10	27	16.462	26.424	0	2	46	4.619	0.58	NA	0.083	NA	180	0
305	10	28	16.752	26.631	0	2	26	4.974	0.498	NA	0.356	NA	35.538	-144.462
306	10	29	17	26.672	0	2	40	5.226	0.667	NA	0.251	NA	9.462	-26.075
307	10	30	17.082	26.755	0	2	93	5.343	0.706	NA	0.117	NA	45	35.538
308	10	31	16.917	26.962	0	2	40	5.607	0.498	NA	0.265	NA	128.66	83.66
309	10	32	16.917	27.003	0	2	33	5.649	0.496	NA	0.041	NA	90	-38.66
310	10	33	16.628	26.879	0	2	13	5.964	0.241	NA	0.315	NA	-156.801	113.199
311	10	34	16.71	26.879	0	2	53	6.046	0.315	NA	0.083	NA	0	156.801
312	10	35	16.669	26.838	0	2	26	6.105	0.298	NA	0.058	NA	-135	-135
313	10	36	16.71	27.168	0	2	40	6.438	0.333	NA	0.333	NA	82.875	-142.125
314	10	37	16.421	27.168	0	2	6	6.727	0.165	NA	0.289	NA	180	97.125
315	10	38	16.214	26.962	0	2	0	7.02	0.211	NA	0.292	NA	-135	45
316	10	39	16.09	26.672	0	2	46	7.334	0.468	NA	0.315	NA	-113.199	21.801
317	10	40	15.842	26.094	0	2	26	7.964	1.078	NA	0.63	NA	-113.199	0
318	10	41	15.594	26.011	0	2	46	8.225	1.291	NA	0.261	NA	-161.565	-48.366
319	10	42	15.553	26.011	0	2	26	8.267	1.318	NA	0.041	NA	180	-18.435
320	10	43	15.553	26.011	0	2	6	8.267	1.318	NA	0	NA	0	-180
321	10	44	15.512	25.763	0	2	13	8.518	1.538	NA	0.251	NA	-99.462	-99.462
322	10	45	15.718	25.432	0	2	26	8.908	1.721	NA	0.39	NA	-57.995	41.468
323	10	46	16.338	25.391	0	2	20	9.53	1.614	NA	0.621	NA	-3.814	54.181
324	10	47	16.752	25.515	0	2	33	9.961	1.524	NA	0.432	NA	16.699	20.513
325	10	48	16.297	25.556	0	2	33	10.418	1.452	NA	0.457	NA	174.806	158.106
326	10	49	16.421	25.515	0	2	6	10.548	1.488	NA	0.131	NA	-18.435	166.759
327	10	50	16.297	25.846	0	2	6	10.902	1.164	NA	0.353	NA	110.556	128.991
328	11	1	14.023	28.698	0	2	6	0	0	NA	NA	NA	NA	NA
329	11	2	13.651	28.533	0	2	6	0.407	0.407	NA	0.407	NA	-156.038	NA
330	11	3	13.734	28.533	0	2	20	0.49	0.333	NA	0.083	NA	0	156.038
331	11	4	13.734	28.698	0	2	20	0.655	0.289	NA	0.165	NA	90	90
332	11	5	13.899	28.863	0	2	6	0.889	0.207	NA	0.234	NA	45	-45
333	11	6	13.527	28.946	0	2	26	1.27	0.555	NA	0.381	NA	167.471	122.471
334	11	7	13.279	28.781	0	2	26	1.568	0.749	NA	0.298	NA	-146.31	46.219
335	11	8	13.279	28.822	0	2	13	1.609	0.754	NA	0.041	NA	90	-123.69
336	11	9	13.031	28.822	0	2	26	1.858	1	NA	0.248	NA	180	90
337	11	10	12.659	28.863	0	2	40	2.232	1.374	NA	0.374	NA	173.66	-6.34
338	11	11	12.494	28.45	0	2	6	2.677	1.549	NA	0.445	NA	-111.801	74.539
339	11	12	11.626	28.45	0	2	40	3.545	2.41	NA	0.868	NA	180	-68.199
340	11	13	11.75	28.409	0	2	20	3.676	2.292	NA	0.131	NA	-18.435	161.565
341	11	14	11.915	27.499	0	2	6	4.6	2.425	NA	0.924	NA	-79.695	-61.26
342	11	15	11.378	27.251	0	2	6	5.192	3.015	NA	0.592	NA	-155.225	-75.53
343	11	16	11.171	27.706	0	2	46	5.691	3.02	NA	0.499	NA	114.444	-90.331
344	11	17	11.171	27.706	0	2	33	5.691	3.02	NA	0	NA	0	-114.444
345	11	18	10.965	27.871	0	2	33	5.956	3.169	NA	0.265	NA	141.34	141.34
346	11	19	11.295	27.954	0	2	20	6.297	2.828	NA	0.341	NA	14.036	-127.304
347	11	20	11.419	27.954	0	2	6	6.421	2.708	NA	0.124	NA	0	-14.036
348	11	21	11.585	28.326	0	2	26	6.828	2.467	NA	0.407	NA	66.038	66.038
349	11	22	11.957	28.326	0	2	0	7.2	2.1	NA	0.372	NA	0	-66.038
350	11	23	12.122	28.161	0	2	6	7.434	1.976	NA	0.234	NA	-45	-45
351	11	24	12.618	28.078	0	2	46	7.937	1.536	NA	0.503	NA	-9.462	35.538
352	11	25	12.535	27.995	0	2	20	8.054	1.646	NA	0.117	NA	-135	-125.538
353	11	26	12.535	27.871	0	2	26	8.178	1.702	NA	0.124	NA	-90	45
354	11	27	12.494	27.788	0	2	20	8.27	1.779	NA	0.092	NA	-116.565	-26.565
355	11	28	12.039	27.664	0	2	20	8.742	2.237	NA	0.471	NA	-164.745	-48.18
356	11	29	11.957	27.623	0	2	46	8.834	2.33	NA	0.092	NA	-153.435	11.31
357	11	30	12.163	27.747	0	2	20	9.075	2.089	NA	0.241	NA	30.964	-175.601
358	11	31	12.329	27.871	0	2	33	9.282	1.886	NA	0.207	NA	36.87	5.906
359	11	32	12.287	27.871	0	2	20	9.323	1.923	NA	0.041	NA	180	143.13
360	11	33	12.246	27.995	0	2	26	9.454	1.911	NA	0.131	NA	108.435	-71.565
361	11	34	12.701	27.871	0	2	0	9.925	1.56	NA	0.471	NA	-15.255	-123.69
362	11	35	13.321	27.871	0	2	13	10.545	1.085	NA	0.62	NA	0	15.255
363	11	36	13.445	27.623	0	2	6	10.822	1.221	NA	0.277	NA	-63.435	-63.435
364	11	37	13.527	27.168	0	2	13	11.285	1.608	NA	0.462	NA	-79.695	-16.26
365	11	38	13.279	27.044	0	2	6	11.562	1.813	NA	0.277	NA	-153.435	-73.74
366	11	39	13.362	26.714	0	2	53	11.903	2.091	NA	0.341	NA	-75.964	77.471
367	11	40	13.403	26.672	0	2	20	11.961	2.118	NA	0.058	NA	-45	30.964
368	11	41	13.569	26.755	0	2	46	12.146	1.995	NA	0.185	NA	26.565	71.565
369	11	42	13.569	26.755	0	2	53	12.146	1.995	NA	0	NA	0	-26.565
370	11	43	13.569	26.796	0	2	46	12.187	1.955	NA	0.041	NA	90	90
371	11	44	13.486	26.631	0	2	20	12.372	2.136	NA	0.185	NA	-116.565	153.435
372	11	45	13.527	26.631	0	2	40	12.414	2.126	NA	0.041	NA	0	116.565
373	11	46	13.817	26.424	0	2	20	12.769	2.283	NA	0.356	NA	-35.538	-35.538
374	11	47	13.899	26.383	0	2	13	12.862	2.318	NA	0.092	NA	-26.565	8.973
375	11	48	14.065	26.507	0	2	20	13.068	2.191	NA	0.207	NA	36.87	63.435
376	11	49	14.189	26.548	0	2	13	13.199	2.156	NA	0.131	NA	18.435	-18.435
377	11	50	14.189	26.548	0	2	26	13.199	2.156	NA	0	NA	0	-18.435
378	12	1	9.518	27.995	0	2	33	0	0	NA	NA	NA	NA	NA
379	12	2	10.841	27.871	0	2	33	1.329	1.329	NA	1.329	NA	-5.356	NA
380	12	3	11.047	28.119	0	2	20	1.651	1.534	NA	0.323	NA	50.194	55.55
381	12	4	10.758	27.913	0	2	40	2.007	1.243	NA	0.356	NA	-144.462	165.343
382	12	5	10.965	27.954	0	2	40	2.218	1.447	NA	0.211	NA	11.31	155.772
383	12	6	10.965	28.119	0	2	20	2.383	1.452	NA	0.165	NA	90	78.69
384	12	7	10.882	28.119	0	2	6	2.466	1.37	NA	0.083	NA	180	90
385	12	8	11.006	28.119	0	2	33	2.59	1.493	NA	0.124	NA	0	-180
386	12	9	11.667	28.367	0	2	20	3.296	2.181	NA	0.706	NA	20.556	20.556
387	12	10	11.006	28.615	0	2	13	4.003	1.612	NA	0.706	NA	159.444	138.888
388	12	11	11.378	28.202	0	2	0	4.559	1.872	NA	0.556	NA	-48.013	152.543
389	13	1	7.947	27.582	0	2	80	0	0	NA	NA	NA	NA	NA
390	13	2	8.071	27.54	0	2	67	0.131	0.131	NA	0.131	NA	-18.435	NA
391	13	3	8.154	27.499	0	2	33	0.223	0.223	NA	0.092	NA	-26.565	-8.13
392	13	4	8.112	27.292	0	2	53	0.434	0.333	NA	0.211	NA	-101.31	-74.745
393	13	5	8.319	27.375	0	2	46	0.657	0.426	NA	0.223	NA	21.801	123.111
394	13	6	8.36	27.375	0	2	20	0.698	0.462	NA	0.041	NA	0	-21.801
395	13	7	8.236	27.251	0	2	40	0.873	0.439	NA	0.175	NA	-135	-135
396	13	8	8.236	27.127	0	2	33	0.997	0.539	NA	0.124	NA	-90	45
397	13	9	8.112	27.127	0	2	13	1.121	0.484	NA	0.124	NA	180	-90
398	13	10	8.112	27.127	0	2	6	1.121	0.484	NA	0	NA	0	-180
399	13	11	8.03	27.334	0	2	13	1.344	0.261	NA	0.223	NA	111.801	111.801
400	13	12	8.071	27.168	0	2	107	1.514	0.432	NA	0.17	NA	-75.964	172.235
401	13	13	8.071	27.086	0	2	33	1.597	0.511	NA	0.083	NA	-90	-14.036
402	13	14	8.112	27.086	0	2	40	1.638	0.523	NA	0.041	NA	0	90
403	13	15	7.864	27.003	0	2	46	1.9	0.585	NA	0.261	NA	-161.565	-161.565
404	13	16	7.906	26.962	0	2	46	1.958	0.621	NA	0.058	NA	-45	116.565
405	13	17	7.947	27.086	0	2	26	2.089	0.496	NA	0.131	NA	71.565	116.565
406	13	18	7.947	27.168	0	2	26	2.172	0.413	NA	0.083	NA	90	18.435
407	13	19	8.526	26.796	0	2	40	2.86	0.976	NA	0.688	NA	-32.735	-122.735
408	13	20	8.443	26.879	0	2	33	2.976	0.86	NA	0.117	NA	135	167.735
409	13	21	8.815	27.458	0	2	107	3.664	0.877	NA	0.688	NA	57.265	-77.735
410	13	22	9.27	28.161	0	2	80	4.501	1.444	NA	0.837	NA	57.095	-0.17
411	13	23	8.691	28.161	0	2	40	5.08	0.943	NA	0.579	NA	180	122.905
412	13	24	8.856	28.202	0	2	40	5.251	1.101	NA	0.17	NA	14.036	-165.964
413	13	25	9.063	28.285	0	2	67	5.473	1.319	NA	0.223	NA	21.801	7.765
414	13	26	9.352	28.161	0	2	26	5.788	1.52	NA	0.315	NA	-23.199	-45
415	13	27	9.352	28.285	0	2	60	5.912	1.571	NA	0.124	NA	90	113.199
416	13	28	9.104	28.326	0	2	40	6.163	1.376	NA	0.251	NA	170.538	80.538
417	13	29	9.187	28.45	0	2	46	6.313	1.514	NA	0.149	NA	56.31	-114.228
418	13	30	9.063	28.202	0	2	114	6.59	1.277	NA	0.277	NA	-116.565	-172.875
419	13	31	8.939	28.119	0	2	73	6.739	1.128	NA	0.149	NA	-146.31	-29.745
420	13	32	8.939	28.202	0	2	33	6.822	1.17	NA	0.083	NA	90	-123.69
421	13	33	8.939	28.243	0	2	80	6.863	1.192	NA	0.041	NA	90	0
422	13	34	9.104	28.285	0	2	73	7.033	1.354	NA	0.17	NA	14.036	-75.964
423	13	35	9.187	28.409	0	2	73	7.182	1.49	NA	0.149	NA	56.31	42.274
424	13	36	9.228	28.533	0	2	53	7.313	1.596	NA	0.131	NA	71.565	15.255
425	13	37	9.187	28.781	0	2	20	7.564	1.725	NA	0.251	NA	99.462	27.897
426	13	38	9.063	28.739	0	2	20	7.695	1.608	NA	0.131	NA	-161.565	98.973
427	13	39	9.394	28.574	0	2	6	8.065	1.754	NA	0.37	NA	-26.565	135
428	13	40	10.427	28.161	0	2	13	9.178	2.547	NA	1.113	NA	-21.801	4.764
429	13	41	10.841	28.161	0	2	20	9.591	2.951	NA	0.413	NA	0	21.801
430	13	42	11.254	28.161	0	2	0	10.005	3.357	NA	0.413	NA	0	0
431	13	43	11.295	28.326	0	2	13	10.175	3.43	NA	0.17	NA	75.964	75.964
432	13	44	11.337	28.326	0	2	6	10.216	3.47	NA	0.041	NA	0	-75.964
433	14	1	10.427	23.572	0	2	40	0	0	NA	NA	NA	NA	NA
434	14	2	10.386	23.572	0	2	20	0.041	0.041	NA	0.041	NA	180	NA
435	14	3	10.344	23.407	0	2	6	0.212	0.185	NA	0.17	NA	-104.036	75.964
436	14	4	10.344	23.365	0	2	13	0.253	0.223	NA	0.041	NA	-90	14.036
437	14	5	10.344	23.241	0	2	26	0.377	0.341	NA	0.124	NA	-90	0
438	14	6	10.303	23.2	0	2	0	0.436	0.392	NA	0.058	NA	-135	-45
439	14	7	9.807	23.448	0	2	46	0.99	0.632	NA	0.555	NA	153.435	-71.565
440	14	8	9.931	23.448	0	2	60	1.114	0.511	NA	0.124	NA	0	-153.435
441	14	9	9.972	23.365	0	2	40	1.207	0.499	NA	0.092	NA	-63.435	-63.435
442	14	10	10.138	23.365	0	2	60	1.372	0.356	NA	0.165	NA	0	63.435
443	14	11	10.096	23.531	0	2	13	1.542	0.333	NA	0.17	NA	104.036	104.036
444	14	12	10.22	23.531	0	2	40	1.666	0.211	NA	0.124	NA	0	-104.036
445	14	13	10.303	23.489	0	2	33	1.759	0.149	NA	0.092	NA	-26.565	-26.565
446	14	14	10.303	23.489	0	2	40	1.759	0.149	NA	0	NA	0	26.565
447	14	15	10.427	23.489	0	2	26	1.883	0.083	NA	0.124	NA	0	0
448	14	16	10.427	23.489	0	2	26	1.883	0.083	NA	0	NA	0	0
449	14	17	10.427	23.489	0	2	40	1.883	0.083	NA	0	NA	0	0
450	14	18	10.427	23.489	0	2	67	1.883	0.083	NA	0	NA	0	0
451	14	19	10.262	23.531	0	2	33	2.053	0.17	NA	0.17	NA	165.964	165.964
452	14	20	10.262	23.614	0	2	26	2.136	0.17	NA	0.083	NA	90	-75.964
453	14	21	10.551	23.572	0	2	80	2.428	0.124	NA	0.292	NA	-8.13	-98.13
454	14	22	10.427	23.572	0	2	33	2.552	0	NA	0.124	NA	180	-171.87
455	14	23	10.344	23.531	0	2	60	2.645	0.092	NA	0.092	NA	-153.435	26.565
456	14	24	10.344	23.531	0	2	40	2.645	0.092	NA	0	NA	0	153.435
457	14	25	10.138	23.696	0	2	13	2.909	0.315	NA	0.265	NA	141.34	141.34
458	14	26	10.138	23.696	0	2	20	2.909	0.315	NA	0	NA	0	-141.34
459	14	27	10.262	23.655	0	2	13	3.04	0.185	NA	0.131	NA	-18.435	-18.435
460	14	28	9.972	23.655	0	2	40	3.329	0.462	NA	0.289	NA	180	-161.565
461	14	29	9.972	23.696	0	2	40	3.371	0.471	NA	0.041	NA	90	-90
462	14	30	9.972	23.696	0	2	60	3.371	0.471	NA	0	NA	0	-90
463	14	31	10.179	23.696	0	2	60	3.577	0.277	NA	0.207	NA	0	0
464	14	32	10.179	23.696	0	2	67	3.577	0.277	NA	0	NA	0	0
465	14	33	10.014	23.862	0	2	13	3.811	0.505	NA	0.234	NA	135	135
466	14	34	9.27	23.986	0	2	60	4.566	1.229	NA	0.754	NA	170.538	35.538
467	14	35	8.98	24.027	0	2	26	4.858	1.517	NA	0.292	NA	171.87	1.332
468	14	36	9.27	23.944	0	2	40	5.159	1.216	NA	0.301	NA	-15.945	172.185
469	14	37	9.146	24.11	0	2	20	5.366	1.39	NA	0.207	NA	126.87	142.815
470	15	1	14.271	23.779	0	2	26	0	0	NA	NA	NA	NA	NA
471	15	2	14.313	23.696	0	2	13	0.092	0.092	NA	0.092	NA	-63.435	NA
472	15	3	14.313	23.696	0	2	26	0.092	0.092	NA	0	NA	0	63.435
473	15	4	13.693	24.11	0	2	40	0.838	0.667	NA	0.745	NA	146.31	146.31
474	15	5	13.569	24.275	0	2	20	1.044	0.86	NA	0.207	NA	126.87	-19.44
475	15	6	13.527	24.275	0	2	40	1.086	0.894	NA	0.041	NA	180	53.13
476	15	7	13.445	24.275	0	2	6	1.168	0.964	NA	0.083	NA	180	0
477	15	8	13.486	24.11	0	2	40	1.339	0.852	NA	0.17	NA	-75.964	104.036
478	15	9	13.693	24.192	0	2	67	1.561	0.711	NA	0.223	NA	21.801	97.765
479	15	10	13.775	24.11	0	2	53	1.678	0.596	NA	0.117	NA	-45	-66.801
480	15	11	13.403	24.275	0	2	46	2.085	1	NA	0.407	NA	156.038	-158.962
481	15	12	12.907	24.482	0	2	6	2.623	1.534	NA	0.537	NA	157.38	1.343
482	15	13	13.114	24.482	0	2	33	2.829	1.354	NA	0.207	NA	0	-157.38
483	15	14	13.279	24.606	0	2	26	3.036	1.291	NA	0.207	NA	36.87	36.87
484	15	15	13.445	24.564	0	2	13	3.207	1.14	NA	0.17	NA	-14.036	-50.906
485	15	16	13.238	24.688	0	2	26	3.448	1.377	NA	0.241	NA	149.036	163.072
486	15	17	13.238	24.688	0	2	13	3.448	1.377	NA	0	NA	0	-149.036
487	15	18	13.238	24.688	0	2	13	3.448	1.377	NA	0	NA	0	0
488	15	19	13.238	24.73	0	2	33	3.489	1.404	NA	0.041	NA	90	90
489	16	1	24.234	13.486	0	2	67	0	0	NA	NA	NA	NA	NA
490	16	2	24.234	13.486	0	2	26	0	0	NA	0	NA	0	NA
491	16	3	24.234	13.486	0	2	13	0	0	NA	0	NA	0	0
492	16	4	24.234	13.486	0	2	26	0	0	NA	0	NA	0	0
493	16	5	24.11	13.527	0	2	53	0.131	0.131	NA	0.131	NA	161.565	161.565
494	16	6	24.234	13.445	0	2	13	0.28	0.041	NA	0.149	NA	-33.69	164.745
495	16	7	24.234	13.321	0	2	26	0.404	0.165	NA	0.124	NA	-90	-56.31
496	16	8	23.862	13.775	0	2	67	0.991	0.471	NA	0.588	NA	129.289	-140.711
497	16	9	23.82	13.61	0	2	53	1.162	0.432	NA	0.17	NA	-104.036	126.674
498	16	10	23.696	13.279	0	2	60	1.515	0.576	NA	0.353	NA	-110.556	-6.52
499	16	11	23.82	13.486	0	2	93	1.756	0.413	NA	0.241	NA	59.036	169.592
500	16	12	23.738	13.858	0	2	53	2.137	0.62	NA	0.381	NA	102.529	43.493
501	16	13	23.779	13.817	0	2	40	2.195	0.562	NA	0.058	NA	-45	-147.529
502	16	14	23.779	13.817	0	2	53	2.195	0.562	NA	0	NA	0	45
503	16	15	23.779	13.651	0	2	0	2.361	0.484	NA	0.165	NA	-90	-90
504	16	16	23.986	13.445	0	2	87	2.653	0.251	NA	0.292	NA	-45	45
505	16	17	23.696	13.486	0	2	13	2.945	0.537	NA	0.292	NA	171.87	-143.13
506	16	18	23.903	13.197	0	2	40	3.301	0.439	NA	0.356	NA	-54.462	133.668
507	16	19	23.986	13.155	0	2	33	3.393	0.413	NA	0.092	NA	-26.565	27.897
508	16	20	23.779	13.403	0	2	33	3.716	0.462	NA	0.323	NA	129.806	156.371
509	16	21	23.779	13.445	0	2	33	3.758	0.457	NA	0.041	NA	90	-39.806
510	16	22	23.862	13.527	0	2	26	3.875	0.374	NA	0.117	NA	45	-45
511	16	23	23.82	13.527	0	2	6	3.916	0.415	NA	0.041	NA	180	135
512	16	24	23.448	13.486	0	2	53	4.29	0.785	NA	0.374	NA	-173.66	6.34
513	16	25	23.324	13.734	0	2	40	4.567	0.943	NA	0.277	NA	116.565	-69.775
514	16	26	23.035	13.817	0	2	40	4.868	1.244	NA	0.301	NA	164.055	47.49
515	16	27	22.993	14.354	0	2	26	5.407	1.514	NA	0.539	NA	94.399	-69.656
516	16	28	23.035	14.313	0	2	33	5.466	1.456	NA	0.058	NA	-45	-139.399
517	16	29	23.2	14.147	0	2	33	5.7	1.227	NA	0.234	NA	-45	0
518	16	30	23.324	14.065	0	2	80	5.849	1.078	NA	0.149	NA	-33.69	11.31
519	16	31	23.159	14.23	0	2	53	6.083	1.307	NA	0.234	NA	135	168.69
520	16	32	23.283	14.23	0	2	40	6.207	1.207	NA	0.124	NA	0	-135
521	16	33	23.489	14.065	0	2	53	6.471	0.943	NA	0.265	NA	-38.66	-38.66
522	16	34	23.489	13.982	0	2	20	6.554	0.894	NA	0.083	NA	-90	-51.34
523	16	35	23.738	13.899	0	2	33	6.815	0.646	NA	0.261	NA	-18.435	71.565
524	16	36	23.903	13.734	0	2	13	7.049	0.413	NA	0.234	NA	-45	-26.565
525	16	37	23.696	13.734	0	2	33	7.256	0.592	NA	0.207	NA	180	-135
526	16	38	23.862	13.734	0	2	53	7.421	0.447	NA	0.165	NA	0	-180
527	16	39	23.489	13.858	0	2	26	7.813	0.832	NA	0.392	NA	161.565	161.565
528	16	40	23.738	13.858	0	2	40	8.061	0.62	NA	0.248	NA	0	-161.565
529	16	41	23.531	13.362	0	2	13	8.599	0.714	NA	0.537	NA	-112.62	-112.62
530	16	42	23.283	13.362	0	2	40	8.847	0.959	NA	0.248	NA	180	-67.38
531	16	43	23.2	13.114	0	2	46	9.108	1.098	NA	0.261	NA	-108.435	71.565
532	16	44	22.952	13.114	0	2	73	9.356	1.334	NA	0.248	NA	180	-71.565
533	16	45	22.993	13.155	0	2	73	9.415	1.283	NA	0.058	NA	45	-135
534	16	46	22.952	13.321	0	2	6	9.585	1.292	NA	0.17	NA	104.036	59.036
535	16	47	22.993	13.569	0	2	40	9.837	1.243	NA	0.251	NA	80.538	-23.499
536	16	48	22.911	13.693	0	2	40	9.986	1.339	NA	0.149	NA	123.69	43.152
537	16	49	22.787	13.651	0	2	40	10.116	1.456	NA	0.131	NA	-161.565	74.745
538	16	50	22.869	13.61	0	2	33	10.209	1.37	NA	0.092	NA	-26.565	135
539	17	1	9.022	19.108	0	2	20	0	0	NA	NA	NA	NA	NA
540	17	2	10.51	18.942	0	2	40	1.497	1.497	NA	1.497	NA	-6.34	NA
541	17	3	12.494	18.818	0	2	46	3.485	3.484	NA	1.988	NA	-3.576	2.764
542	17	4	12.949	18.777	0	2	46	3.942	3.941	NA	0.457	NA	-5.194	-1.618
543	18	1	13.734	18.901	0	2	6	0	0	NA	NA	NA	NA	NA
544	18	2	10.841	18.901	0	2	40	2.894	2.894	NA	2.894	NA	180	NA
545	18	3	9.559	18.984	0	2	6	4.178	4.176	NA	1.284	NA	176.309	-3.691
546	19	1	18.694	17.702	0	2	13	0	0	NA	NA	NA	NA	NA
547	19	2	19.066	17.578	0	2	0	0.392	0.392	NA	0.392	NA	-18.435	NA
548	19	3	19.149	17.909	0	2	13	0.733	0.499	NA	0.341	NA	75.964	94.399
549	19	4	19.149	17.992	0	2	6	0.816	0.539	NA	0.083	NA	90	14.036
550	19	5	19.149	18.198	0	2	20	1.022	0.673	NA	0.207	NA	90	0
551	19	6	18.818	18.157	0	2	46	1.356	0.471	NA	0.333	NA	-172.875	97.125
552	19	7	17.909	18.116	0	2	20	2.266	0.888	NA	0.91	NA	-177.397	-4.522
553	19	8	18.653	18.653	0	2	0	3.184	0.952	NA	0.918	NA	35.838	-146.765
554	19	9	18.281	18.777	0	2	20	3.576	1.152	NA	0.392	NA	161.565	125.727
555	20	1	19.232	15.512	0	2	33	0	0	NA	NA	NA	NA	NA
556	20	2	19.769	15.677	0	2	33	0.562	0.562	NA	0.562	NA	17.103	NA
557	20	3	20.017	15.346	0	2	6	0.976	0.803	NA	0.413	NA	-53.13	-70.233
558	20	4	20.017	15.346	0	2	13	0.976	0.803	NA	0	NA	0	53.13
559	20	5	20.348	15.305	0	2	46	1.309	1.135	NA	0.333	NA	-7.125	-7.125
560	20	6	20.183	15.264	0	2	13	1.479	0.983	NA	0.17	NA	-165.964	-158.839
561	20	7	20.1	15.305	0	2	20	1.572	0.892	NA	0.092	NA	153.435	-40.601
562	20	8	20.637	15.594	0	2	33	2.182	1.408	NA	0.61	NA	28.301	-125.134
563	20	9	20.679	15.636	0	2	20	2.241	1.452	NA	0.058	NA	45	16.699
564	20	10	21.299	15.388	0	2	0	2.908	2.071	NA	0.668	NA	-21.801	-66.801
565	20	11	20.968	15.264	0	2	33	3.262	1.754	NA	0.353	NA	-159.444	-137.643
566	20	12	21.216	15.222	0	2	40	3.513	2.005	NA	0.251	NA	-9.462	149.982
567	20	13	21.34	15.429	0	2	26	3.754	2.11	NA	0.241	NA	59.036	68.499
568	20	14	21.092	15.47	0	2	53	4.005	1.861	NA	0.251	NA	170.538	111.501
569	20	15	20.803	15.47	0	2	0	4.295	1.571	NA	0.289	NA	180	9.462
570	20	16	20.72	15.594	0	2	53	4.444	1.49	NA	0.149	NA	123.69	-56.31
571	20	17	20.761	15.677	0	2	33	4.536	1.538	NA	0.092	NA	63.435	-60.255
572	20	18	20.637	15.346	0	2	13	4.889	1.415	NA	0.353	NA	-110.556	-173.991
573	20	19	20.348	15.305	0	2	13	5.182	1.135	NA	0.292	NA	-171.87	-61.314
574	20	20	20.596	15.388	0	2	26	5.443	1.37	NA	0.261	NA	18.435	-169.695
575	20	21	20.389	15.512	0	2	26	5.684	1.157	NA	0.241	NA	149.036	130.601
576	20	22	20.555	15.305	0	2	13	5.949	1.339	NA	0.265	NA	-51.34	159.624
577	21	1	23.365	14.933	0	2	33	0	0	NA	NA	NA	NA	NA
578	21	2	23.531	14.974	0	2	13	0.17	0.17	NA	0.17	NA	14.036	NA
579	21	3	23.365	14.974	0	2	13	0.336	0.041	NA	0.165	NA	180	165.964
580	21	4	23.241	15.14	0	2	46	0.542	0.241	NA	0.207	NA	126.87	-53.13
581	21	5	23.944	15.098	0	2	0	1.246	0.602	NA	0.704	NA	-3.366	-130.236
582	21	6	23.82	15.098	0	2	6	1.37	0.484	NA	0.124	NA	180	-176.634
583	21	7	23.903	15.016	0	2	6	1.487	0.544	NA	0.117	NA	-45	135
584	22	1	6.666	16.71	0	2	73	0	0	NA	NA	NA	NA	NA
585	22	2	6.542	16.71	0	2	26	0.124	0.124	NA	0.124	NA	180	NA
586	22	3	6.5	17	0	2	33	0.416	0.333	NA	0.292	NA	98.13	-81.87
587	22	4	6.5	17.082	0	2	13	0.499	0.407	NA	0.083	NA	90	-8.13
588	22	5	6.5	17.082	0	2	33	0.499	0.407	NA	0	NA	0	-90
589	22	6	6.045	17.124	0	2	46	0.956	0.745	NA	0.457	NA	174.806	174.806
590	22	7	6.169	17.165	0	2	67	1.086	0.673	NA	0.131	NA	18.435	-156.371
591	22	8	5.797	17.165	0	2	53	1.458	0.98	NA	0.372	NA	180	161.565
592	22	9	3.648	17.578	0	2	13	3.647	3.14	NA	2.189	NA	169.114	-10.886
593	22	10	2.325	17.992	0	2	26	5.033	4.526	NA	1.386	NA	162.646	-6.468
594	22	11	2.243	18.281	0	2	0	5.334	4.694	NA	0.301	NA	105.945	-56.701
595	22	12	3.028	18.198	0	2	6	6.124	3.93	NA	0.79	NA	-6.009	-111.954
596	22	13	4.227	18.116	0	2	13	7.325	2.815	NA	1.202	NA	-3.945	2.064
597	23	1	25.226	11.791	0	2	13	0	0	NA	NA	NA	NA	NA
598	23	2	26.176	11.791	0	2	26	0.951	0.951	NA	0.951	NA	0	NA
599	23	3	25.928	12.494	0	2	53	1.696	0.994	NA	0.745	NA	109.44	109.44
600	23	4	25.722	12.494	0	2	26	1.903	0.86	NA	0.207	NA	180	70.56
601	23	5	25.598	12.122	0	2	33	2.295	0.498	NA	0.392	NA	-108.435	71.565
602	23	6	26.548	13.197	0	2	0	3.73	1.93	NA	1.435	NA	48.504	156.938
603	23	7	25.391	12.659	0	2	13	5.006	0.884	NA	1.276	NA	-155.095	156.401
604	23	8	25.432	12.453	0	2	67	5.217	0.693	NA	0.211	NA	-78.69	76.405
605	23	9	26.507	12.37	0	2	40	6.294	1.406	NA	1.078	NA	-4.399	74.291
606	23	10	27.334	12.577	0	2	87	7.147	2.25	NA	0.852	NA	14.036	18.435
607	23	11	28.078	12.907	0	2	80	7.961	3.063	NA	0.814	NA	23.962	9.926
608	23	12	29.07	13.486	0	2	33	9.109	4.201	NA	1.149	NA	30.256	6.294
609	23	13	28.822	13.527	0	2	40	9.361	3.993	NA	0.251	NA	170.538	140.281
610	23	14	29.07	13.527	0	2	6	9.609	4.218	NA	0.248	NA	0	-170.538
611	23	15	28.905	13.527	0	2	60	9.774	4.068	NA	0.165	NA	180	180
612	23	16	29.07	13.527	0	2	40	9.94	4.218	NA	0.165	NA	0	-180
613	23	17	28.905	13.651	0	2	13	10.146	4.122	NA	0.207	NA	143.13	143.13
614	23	18	28.987	13.734	0	2	26	10.263	4.234	NA	0.117	NA	45	-98.13
615	23	19	28.863	13.61	0	2	13	10.439	4.067	NA	0.175	NA	-135	180
616	23	20	28.698	13.734	0	2	13	10.645	3.979	NA	0.207	NA	143.13	-81.87
617	23	21	28.657	13.734	0	2	20	10.687	3.943	NA	0.041	NA	180	36.87
618	23	22	28.657	13.734	0	2	40	10.687	3.943	NA	0	NA	0	-180
619	23	23	28.657	13.775	0	2	6	10.728	3.963	NA	0.041	NA	90	90
620	23	24	28.657	13.775	0	2	33	10.728	3.963	NA	0	NA	0	-90
621	23	25	28.615	13.775	0	2	13	10.769	3.928	NA	0.041	NA	180	180
622	23	26	28.533	14.023	0	2	6	11.031	3.99	NA	0.261	NA	108.435	-71.565
623	23	27	28.409	14.106	0	2	13	11.18	3.936	NA	0.149	NA	146.31	37.875
624	23	28	28.161	13.858	0	2	6	11.53	3.59	NA	0.351	NA	-135	78.69
625	23	29	28.285	13.858	0	2	20	11.654	3.692	NA	0.124	NA	0	135
626	23	30	28.367	13.858	0	2	33	11.737	3.76	NA	0.083	NA	0	0
627	23	31	28.822	13.734	0	2	20	12.208	4.088	NA	0.471	NA	-15.255	-15.255
628	23	32	28.367	13.362	0	2	13	12.796	3.512	NA	0.588	NA	-140.711	-125.455
629	23	33	28.491	13.527	0	2	20	13.003	3.698	NA	0.207	NA	53.13	-166.159
630	23	34	28.822	13.527	0	2	20	13.333	3.993	NA	0.331	NA	0	-53.13
631	23	35	28.615	13.569	0	2	46	13.544	3.827	NA	0.211	NA	168.69	168.69
632	23	36	29.029	13.651	0	2	20	13.966	4.234	NA	0.422	NA	11.31	-157.38
633	23	37	28.739	13.817	0	2	6	14.299	4.056	NA	0.333	NA	150.255	138.945
634	23	38	28.739	13.693	0	2	20	14.423	3.995	NA	0.124	NA	-90	119.745
635	23	39	28.863	13.651	0	2	13	14.554	4.086	NA	0.131	NA	-18.435	71.565
636	23	40	28.615	13.693	0	2	26	14.805	3.887	NA	0.251	NA	170.538	-171.027
637	23	41	28.491	13.941	0	2	33	15.082	3.91	NA	0.277	NA	116.565	-53.973
638	23	42	28.615	13.941	0	2	6	15.206	4.014	NA	0.124	NA	0	-116.565
639	23	43	28.739	13.941	0	2	20	15.33	4.119	NA	0.124	NA	0	0
640	23	44	28.905	13.899	0	2	6	15.501	4.24	NA	0.17	NA	-14.036	-14.036
641	23	45	28.905	14.065	0	2	46	15.666	4.325	NA	0.165	NA	90	104.036
642	23	46	28.987	13.899	0	2	6	15.851	4.312	NA	0.185	NA	-63.435	-153.435
643	23	47	28.946	13.858	0	2	20	15.91	4.256	NA	0.058	NA	-135	-71.565
644	23	48	29.153	13.527	0	2	26	16.299	4.294	NA	0.39	NA	-57.995	77.005
645	23	49	29.483	13.486	0	2	13	16.633	4.583	NA	0.333	NA	-7.125	50.87
646	23	50	29.483	13.61	0	2	6	16.757	4.63	NA	0.124	NA	90	97.125
647	24	1	28.822	15.76	0	2	26	0	0	NA	NA	NA	NA	NA
648	24	2	28.822	15.76	0	2	40	0	0	NA	0	NA	0	NA
649	24	3	28.987	15.429	0	2	53	0.37	0.37	NA	0.37	NA	-63.435	-63.435
650	24	4	28.863	15.677	0	2	26	0.647	0.092	NA	0.277	NA	116.565	180
651	24	5	28.863	15.636	0	2	87	0.688	0.131	NA	0.041	NA	-90	153.435
652	24	6	28.822	15.636	0	2	40	0.73	0.124	NA	0.041	NA	180	-90
653	24	7	28.863	15.718	0	2	26	0.822	0.058	NA	0.092	NA	63.435	-116.565
654	24	8	28.822	15.594	0	2	26	0.953	0.165	NA	0.131	NA	-108.435	-171.87
655	24	9	28.822	15.594	0	2	20	0.953	0.165	NA	0	NA	0	108.435
656	24	10	29.029	15.594	0	2	20	1.16	0.265	NA	0.207	NA	0	0
657	24	11	29.029	15.594	0	2	13	1.16	0.265	NA	0	NA	0	0
658	24	12	28.987	15.594	0	2	6	1.201	0.234	NA	0.041	NA	180	180
659	24	13	29.111	15.47	0	2	6	1.376	0.409	NA	0.175	NA	-45	135
660	24	14	29.235	15.47	0	2	13	1.5	0.505	NA	0.124	NA	0	45
661	24	15	29.153	15.264	0	2	6	1.723	0.596	NA	0.223	NA	-111.801	-111.801
662	24	16	29.111	15.264	0	2	6	1.764	0.574	NA	0.041	NA	180	-68.199
663	25	1	23.944	20.844	0	2	20	0	0	NA	NA	NA	NA	NA
664	25	2	23.944	20.968	0	2	67	0.124	0.124	NA	0.124	NA	90	NA
665	25	3	23.944	20.968	0	2	40	0.124	0.124	NA	0	NA	0	-90
666	25	4	24.11	20.679	0	2	20	0.457	0.234	NA	0.333	NA	-60.255	-60.255
667	25	5	24.11	20.679	0	2	20	0.457	0.234	NA	0	NA	0	60.255
668	25	6	24.11	20.596	0	2	13	0.54	0.298	NA	0.083	NA	-90	-90
669	25	7	24.027	20.761	0	2	6	0.725	0.117	NA	0.185	NA	116.565	-153.435
670	25	8	24.027	20.803	0	2	40	0.766	0.092	NA	0.041	NA	90	-26.565
671	25	9	24.151	20.803	0	2	33	0.89	0.211	NA	0.124	NA	0	-90
672	25	10	24.068	20.968	0	2	26	1.075	0.175	NA	0.185	NA	116.565	116.565
673	25	11	24.11	21.092	0	2	20	1.206	0.298	NA	0.131	NA	71.565	-45
674	25	12	23.944	21.216	0	2	26	1.412	0.372	NA	0.207	NA	143.13	71.565
675	25	13	23.944	21.257	0	2	33	1.454	0.413	NA	0.041	NA	90	-53.13
676	25	14	24.027	21.133	0	2	46	1.603	0.301	NA	0.149	NA	-56.31	-146.31
677	25	15	24.027	21.133	0	2	26	1.603	0.301	NA	0	NA	0	56.31
678	25	16	23.944	21.299	0	2	26	1.788	0.455	NA	0.185	NA	116.565	116.565
679	26	1	1.54	25.804	0	2	73	0	0	NA	NA	NA	NA	NA
680	26	2	1.54	25.804	0	2	73	0	0	NA	0	NA	0	NA
681	26	3	1.54	25.804	0	2	67	0	0	NA	0	NA	0	0
682	26	4	1.457	25.722	0	2	53	0.117	0.117	NA	0.117	NA	-135	-135
683	26	5	1.54	25.639	0	2	73	0.234	0.165	NA	0.117	NA	-45	90
684	26	6	1.705	25.639	0	2	20	0.399	0.234	NA	0.165	NA	0	45
685	26	7	1.912	25.639	0	2	53	0.606	0.407	NA	0.207	NA	0	0
686	26	8	2.201	25.763	0	2	20	0.921	0.663	NA	0.315	NA	23.199	23.199
687	26	9	2.077	25.804	0	2	6	1.051	0.537	NA	0.131	NA	161.565	138.366
688	26	10	1.953	26.176	0	2	33	1.444	0.556	NA	0.392	NA	108.435	-53.13
689	26	11	2.118	25.639	0	2	13	2.006	0.602	NA	0.562	NA	-72.897	178.668
690	26	12	1.788	25.639	0	2	13	2.336	0.298	NA	0.331	NA	180	-107.103
691	26	13	1.622	25.763	0	2	33	2.543	0.092	NA	0.207	NA	143.13	-36.87
692	26	14	1.581	25.97	0	2	33	2.754	0.17	NA	0.211	NA	101.31	-41.82
693	26	15	1.664	26.052	0	2	26	2.871	0.277	NA	0.117	NA	45	-56.31
694	26	16	1.622	26.3	0	2	53	3.122	0.503	NA	0.251	NA	99.462	54.462
695	26	17	1.746	26.259	0	2	46	3.253	0.499	NA	0.131	NA	-18.435	-117.897
696	26	18	1.788	25.887	0	2	20	3.627	0.261	NA	0.374	NA	-83.66	-65.225
697	26	19	1.705	25.928	0	2	20	3.72	0.207	NA	0.092	NA	153.435	-122.905
698	26	20	1.664	25.887	0	2	53	3.778	0.149	NA	0.058	NA	-135	71.565
699	26	21	1.498	25.804	0	2	33	3.963	0.041	NA	0.185	NA	-153.435	-18.435
700	26	22	1.664	25.804	0	2	46	4.128	0.124	NA	0.165	NA	0	153.435
701	26	23	1.829	25.804	0	2	33	4.294	0.289	NA	0.165	NA	0	0
702	26	24	1.746	25.804	0	2	33	4.376	0.207	NA	0.083	NA	180	180
703	26	25	1.498	25.846	0	2	26	4.628	0.058	NA	0.251	NA	170.538	-9.462
704	26	26	1.54	25.887	0	2	26	4.686	0.083	NA	0.058	NA	45	-125.538
705	26	27	1.292	25.97	0	2	67	4.948	0.298	NA	0.261	NA	161.565	116.565
706	26	28	1.416	26.011	0	2	33	5.078	0.241	NA	0.131	NA	18.435	-143.13
707	26	29	1.457	25.97	0	2	40	5.137	0.185	NA	0.058	NA	-45	-63.435
708	26	30	1.953	25.556	0	2	13	5.783	0.482	NA	0.646	NA	-39.806	5.194
709	26	31	1.912	25.06	0	2	26	6.28	0.832	NA	0.498	NA	-94.764	-54.958
710	26	32	1.912	25.184	0	2	26	6.404	0.723	NA	0.124	NA	90	-175.236
711	26	33	1.746	25.887	0	2	60	7.126	0.223	NA	0.722	NA	103.241	13.241
712	26	34	1.498	26.011	0	2	13	7.404	0.211	NA	0.277	NA	153.435	50.194
713	26	35	1.457	25.763	0	2	26	7.655	0.092	NA	0.251	NA	-99.462	107.103
714	26	36	1.54	25.763	0	2	33	7.738	0.041	NA	0.083	NA	0	99.462
715	26	37	1.498	25.639	0	2	33	7.868	0.17	NA	0.131	NA	-108.435	-108.435
716	26	38	1.581	25.143	0	2	33	8.371	0.663	NA	0.503	NA	-80.538	27.897
717	26	39	1.664	25.019	0	2	26	8.52	0.795	NA	0.149	NA	-56.31	24.228
718	26	40	1.829	24.606	0	2	6	8.966	1.233	NA	0.445	NA	-68.199	-11.889
719	27	1	21.588	26.672	0	2	6	0	0	NA	NA	NA	NA	NA
720	27	2	21.753	26.59	0	2	13	0.185	0.185	NA	0.185	NA	-26.565	NA
721	27	3	21.96	26.3	0	2	33	0.54	0.526	NA	0.356	NA	-54.462	-27.897
722	27	4	22.125	26.218	0	2	0	0.725	0.704	NA	0.185	NA	-26.565	27.897
723	27	5	22.125	26.176	0	2	20	0.767	0.731	NA	0.041	NA	-90	-63.435
724	27	6	22.249	26.052	0	2	0	0.942	0.907	NA	0.175	NA	-45	45
725	27	7	22.208	26.094	0	2	6	1	0.848	NA	0.058	NA	135	180
726	27	8	22.373	25.846	0	2	20	1.299	1.14	NA	0.298	NA	-56.31	168.69
727	27	9	22.332	26.052	0	2	0	1.509	0.969	NA	0.211	NA	101.31	157.62
728	27	10	22.249	26.094	0	2	0	1.602	0.879	NA	0.092	NA	153.435	52.125
729	27	11	22.415	25.804	0	2	6	1.935	1.199	NA	0.333	NA	-60.255	146.31
730	27	12	22.208	25.763	0	2	26	2.146	1.101	NA	0.211	NA	-168.69	-108.435
731	28	1	21.629	17.702	0	2	20	0	0	NA	NA	NA	NA	NA
732	28	2	21.919	17.909	0	2	20	0.356	0.356	NA	0.356	NA	35.538	NA
733	28	3	22.208	17.289	0	2	26	1.04	0.711	NA	0.684	NA	-64.983	-100.521
734	28	4	22.373	17.496	0	2	13	1.305	0.772	NA	0.265	NA	51.34	116.323
735	28	5	22.497	17.578	0	2	13	1.454	0.877	NA	0.149	NA	33.69	-17.65
736	28	6	22.828	17.702	0	2	20	1.807	1.199	NA	0.353	NA	20.556	-13.134
737	28	7	22.332	17.62	0	2	20	2.31	0.708	NA	0.503	NA	-170.538	168.906
738	28	8	22.291	17.826	0	2	0	2.52	0.673	NA	0.211	NA	101.31	-88.152
739	28	9	22.621	17.744	0	2	13	2.861	0.993	NA	0.341	NA	-14.036	-115.346
740	29	1	24.399	23.944	0	2	20	0	0	NA	NA	NA	NA	NA
741	29	2	24.316	23.655	0	2	13	0.301	0.301	NA	0.301	NA	-105.945	NA
742	29	3	24.482	23.655	0	2	33	0.466	0.301	NA	0.165	NA	0	105.945
743	29	4	24.234	23.696	0	2	13	0.718	0.298	NA	0.251	NA	170.538	170.538
744	29	5	24.275	23.572	0	2	40	0.848	0.392	NA	0.131	NA	-71.565	117.897
745	29	6	24.358	23.448	0	2	13	0.997	0.498	NA	0.149	NA	-56.31	15.255
746	29	7	24.358	23.614	0	2	33	1.163	0.333	NA	0.165	NA	90	146.31
747	29	8	24.275	23.655	0	2	6	1.255	0.315	NA	0.092	NA	153.435	63.435
748	29	9	24.44	23.779	0	2	0	1.462	0.17	NA	0.207	NA	36.87	-116.565
749	29	10	24.316	23.862	0	2	6	1.611	0.117	NA	0.149	NA	146.31	109.44
750	30	1	15.966	18.24	0	2	26	0	0	NA	NA	NA	NA	NA
751	30	2	15.76	19.149	0	2	13	0.933	0.933	NA	0.933	NA	102.804	NA
752	30	3	15.594	20.513	0	2	13	2.307	2.304	NA	1.374	NA	96.911	-5.893
753	30	4	15.264	20.513	0	2	6	2.637	2.38	NA	0.331	NA	180	83.089
754	30	5	15.429	20.307	0	2	6	2.902	2.136	NA	0.265	NA	-51.34	128.66
755	30	6	15.76	20.265	0	2	0	3.235	2.036	NA	0.333	NA	-7.125	44.215
756	30	7	15.47	20.348	0	2	20	3.536	2.166	NA	0.301	NA	164.055	171.18
757	30	8	15.636	20.431	0	2	20	3.721	2.216	NA	0.185	NA	26.565	-137.49
758	30	9	15.512	20.72	0	2	53	4.036	2.522	NA	0.315	NA	113.199	86.634
759	30	10	15.512	20.72	0	2	26	4.036	2.522	NA	0	NA	0	-113.199
760	30	11	15.884	20.761	0	2	20	4.41	2.523	NA	0.374	NA	6.34	6.34
761	30	12	16.008	20.555	0	2	13	4.651	2.315	NA	0.241	NA	-59.036	-65.376
762	31	1	4.599	21.836	0	2	20	0	0	NA	NA	NA	NA	NA
763	31	2	4.599	21.836	0	2	6	0	0	NA	0	NA	0	NA
764	31	3	4.64	21.877	0	2	40	0.058	0.058	NA	0.058	NA	45	45
765	31	4	4.764	22.001	0	2	20	0.234	0.234	NA	0.175	NA	45	0
766	31	5	5.053	21.919	0	2	26	0.535	0.462	NA	0.301	NA	-15.945	-60.945
767	31	6	5.053	21.919	0	2	20	0.535	0.462	NA	0	NA	0	15.945
768	31	7	4.557	22.291	0	2	6	1.155	0.457	NA	0.62	NA	143.13	143.13
769	31	8	4.599	22.208	0	2	13	1.247	0.372	NA	0.092	NA	-63.435	153.435
770	31	9	4.433	22.208	0	2	26	1.413	0.407	NA	0.165	NA	180	-116.565
771	31	10	4.268	22.001	0	2	20	1.677	0.37	NA	0.265	NA	-128.66	51.34
772	31	11	4.392	22.001	0	2	20	1.801	0.265	NA	0.124	NA	0	128.66
773	31	12	4.681	22.043	0	2	20	2.094	0.223	NA	0.292	NA	8.13	8.13
774	31	13	4.599	22.043	0	2	6	2.176	0.207	NA	0.083	NA	180	171.87
775	31	14	4.557	21.795	0	2	6	2.428	0.058	NA	0.251	NA	-99.462	80.538
776	31	15	4.557	21.795	0	2	0	2.428	0.058	NA	0	NA	0	99.462
777	31	16	4.723	21.795	0	2	6	2.593	0.131	NA	0.165	NA	0	0
778	31	17	4.723	21.795	0	2	20	2.593	0.131	NA	0	NA	0	0
779	31	18	4.599	21.671	0	2	0	2.768	0.165	NA	0.175	NA	-135	-135
780	31	19	4.681	21.629	0	2	13	2.861	0.223	NA	0.092	NA	-26.565	108.435
781	31	20	4.681	21.629	0	2	0	2.861	0.223	NA	0	NA	0	26.565
782	31	21	4.433	21.629	0	2	40	3.109	0.265	NA	0.248	NA	180	180
783	31	22	4.557	21.753	0	2	0	3.284	0.092	NA	0.175	NA	45	-135
784	31	23	4.433	21.877	0	2	13	3.46	0.17	NA	0.175	NA	135	90
785	31	24	4.433	21.877	0	2	6	3.46	0.17	NA	0	NA	0	-135
786	31	25	4.185	21.877	0	2	0	3.708	0.415	NA	0.248	NA	180	180
787	31	26	4.309	21.919	0	2	13	3.838	0.301	NA	0.131	NA	18.435	-161.565
788	31	27	4.681	21.547	0	2	26	4.364	0.301	NA	0.526	NA	-45	-63.435
789	31	28	4.681	21.588	0	2	6	4.406	0.261	NA	0.041	NA	90	135
790	31	29	4.599	21.588	0	2	6	4.488	0.248	NA	0.083	NA	180	90
791	31	30	4.599	21.588	0	2	6	4.488	0.248	NA	0	NA	0	-180
792	31	31	4.599	21.712	0	2	13	4.613	0.124	NA	0.124	NA	90	90
793	31	32	4.599	21.712	0	2	6	4.613	0.124	NA	0	NA	0	-90
794	31	33	4.599	21.629	0	2	13	4.695	0.207	NA	0.083	NA	-90	-90
