Nr	TID	PID	x [micron]	y [micron]	t [sec]	c [idx]	I [val]	Len [micron]	D2S [micron]	D2R [micron]	D2P [micron]	v [micron/sec]	? [deg]	?? [deg]
1	1	1	33.534	32.255	0	2	255	0	0	NA	NA	NA	NA	NA
2	1	2	33.534	32.255	0	2	214	0	0	NA	0	NA	0	NA
3	1	3	33.669	32.255	0	2	255	0.135	0.135	NA	0.135	NA	0	0
4	1	4	33.332	32.255	0	2	149	0.471	0.202	NA	0.337	NA	180	180
5	1	5	33.399	32.187	0	2	149	0.567	0.151	NA	0.095	NA	-45	135
6	1	6	32.659	31.447	0	2	255	1.614	1.191	NA	1.048	NA	-135	-90
7	1	7	32.793	31.581	0	2	205	1.805	1.001	NA	0.19	NA	45	180
8	1	8	32.659	31.379	0	2	139	2.047	1.238	NA	0.243	NA	-123.69	-168.69
9	1	9	32.659	31.312	0	2	214	2.115	1.286	NA	0.067	NA	-90	33.69
10	1	10	32.659	31.177	0	2	177	2.249	1.388	NA	0.135	NA	-90	0
11	1	11	32.659	31.177	0	2	255	2.249	1.388	NA	0	NA	0	90
12	1	12	32.659	31.177	0	2	255	2.249	1.388	NA	0	NA	0	0
13	1	13	32.861	31.177	0	2	177	2.451	1.271	NA	0.202	NA	0	0
14	1	14	32.861	31.177	0	2	149	2.451	1.271	NA	0	NA	0	0
15	1	15	32.861	31.177	0	2	255	2.451	1.271	NA	0	NA	0	0
16	1	16	32.659	30.84	0	2	205	2.844	1.663	NA	0.393	NA	-120.964	-120.964
17	1	17	32.524	30.436	0	2	186	3.27	2.08	NA	0.426	NA	-108.435	12.529
18	1	18	32.322	30.571	0	2	177	3.513	2.074	NA	0.243	NA	146.31	-105.255
19	1	19	32.457	30.908	0	2	205	3.875	1.725	NA	0.363	NA	68.199	-78.111
20	1	20	32.457	31.11	0	2	255	4.077	1.572	NA	0.202	NA	90	21.801
21	1	21	32.457	31.11	0	2	158	4.077	1.572	NA	0	NA	0	-90
22	1	22	32.457	31.042	0	2	195	4.145	1.622	NA	0.067	NA	-90	-90
23	1	23	32.793	31.11	0	2	93	4.488	1.363	NA	0.343	NA	11.31	101.31
24	1	24	32.793	31.649	0	2	130	5.027	0.957	NA	0.539	NA	90	78.69
25	1	25	32.861	31.447	0	2	93	5.24	1.052	NA	0.213	NA	-71.565	-161.565
26	1	26	32.995	31.716	0	2	158	5.541	0.762	NA	0.301	NA	63.435	135
27	1	27	33.13	31.918	0	2	102	5.784	0.526	NA	0.243	NA	56.31	-7.125
28	1	28	33.197	31.851	0	2	74	5.879	0.526	NA	0.095	NA	-45	-101.31
29	1	29	33.467	32.187	0	2	214	6.31	0.095	NA	0.431	NA	51.34	96.34
30	1	30	33.467	32.187	0	2	195	6.31	0.095	NA	0	NA	0	-51.34
31	1	31	34.207	32.322	0	2	130	7.063	0.677	NA	0.753	NA	10.305	10.305
32	1	32	34.207	32.322	0	2	177	7.063	0.677	NA	0	NA	0	-10.305
33	1	33	34.342	32.322	0	2	186	7.198	0.811	NA	0.135	NA	0	0
34	1	34	34.409	32.322	0	2	223	7.265	0.878	NA	0.067	NA	0	0
35	1	35	34.746	32.322	0	2	177	7.602	1.214	NA	0.337	NA	0	0
36	1	36	34.342	32.524	0	2	149	8.053	0.852	NA	0.452	NA	153.435	153.435
37	1	37	34.746	32.591	0	2	149	8.463	1.258	NA	0.41	NA	9.462	-143.973
38	1	38	34.679	32.591	0	2	167	8.53	1.193	NA	0.067	NA	180	170.538
39	1	39	34.679	32.12	0	2	83	9.002	1.153	NA	0.471	NA	-90	90
40	1	40	34.679	32.12	0	2	102	9.002	1.153	NA	0	NA	0	90
41	1	41	34.679	32.389	0	2	37	9.271	1.153	NA	0.269	NA	90	90
42	1	42	34.477	32.389	0	2	111	9.473	0.952	NA	0.202	NA	180	90
43	1	43	34.275	32.389	0	2	74	9.675	0.753	NA	0.202	NA	180	0
44	1	44	34.14	32.12	0	2	130	9.976	0.621	NA	0.301	NA	-116.565	63.435
45	1	45	33.736	31.783	0	2	111	10.502	0.513	NA	0.526	NA	-140.194	-23.629
46	1	46	33.534	31.649	0	2	46	10.745	0.606	NA	0.243	NA	-146.31	-6.116
47	1	47	33.534	31.649	0	2	65	10.745	0.606	NA	0	NA	0	146.31
48	1	48	33.13	31.244	0	2	46	11.316	1.088	NA	0.571	NA	-135	-135
49	1	49	33.332	31.783	0	2	65	11.891	0.513	NA	0.575	NA	69.444	-155.556
50	1	50	33.332	31.649	0	2	65	12.026	0.639	NA	0.135	NA	-90	-159.444
51	2	1	24.511	30.706	0	2	121	0	0	NA	NA	NA	NA	NA
52	2	2	24.915	31.312	0	2	223	0.728	0.728	NA	0.728	NA	56.31	NA
53	2	3	24.982	31.042	0	2	121	1.006	0.579	NA	0.278	NA	-75.964	-132.274
54	2	4	24.847	31.649	0	2	167	1.627	1.001	NA	0.621	NA	102.529	178.493
55	2	5	24.78	31.11	0	2	186	2.17	0.486	NA	0.543	NA	-97.125	160.346
56	2	6	24.78	31.11	0	2	195	2.17	0.486	NA	0	NA	0	97.125
57	2	7	24.915	31.042	0	2	233	2.32	0.526	NA	0.151	NA	-26.565	-26.565
58	2	8	24.982	30.975	0	2	195	2.416	0.543	NA	0.095	NA	-45	-18.435
59	2	9	25.049	30.975	0	2	93	2.483	0.602	NA	0.067	NA	0	45
60	2	10	25.117	30.975	0	2	158	2.55	0.663	NA	0.067	NA	0	0
61	2	11	25.117	31.312	0	2	121	2.887	0.857	NA	0.337	NA	90	90
62	2	12	24.847	31.312	0	2	74	3.156	0.693	NA	0.269	NA	180	90
63	2	13	25.049	31.783	0	2	149	3.669	1.205	NA	0.513	NA	66.801	-113.199
64	2	14	25.386	31.581	0	2	74	4.062	1.238	NA	0.393	NA	-30.964	-97.765
65	2	15	25.386	31.581	0	2	102	4.062	1.238	NA	0	NA	0	30.964
66	2	16	25.588	31.514	0	2	93	4.275	1.347	NA	0.213	NA	-18.435	-18.435
67	2	17	25.723	31.514	0	2	149	4.409	1.457	NA	0.135	NA	0	18.435
68	2	18	25.858	31.514	0	2	139	4.544	1.571	NA	0.135	NA	0	0
69	2	19	26.127	31.514	0	2	186	4.813	1.807	NA	0.269	NA	0	0
70	2	20	26.127	31.514	0	2	167	4.813	1.807	NA	0	NA	0	0
71	2	21	26.194	31.514	0	2	167	4.881	1.867	NA	0.067	NA	0	0
72	2	22	26.598	31.514	0	2	93	5.285	2.238	NA	0.404	NA	0	0
73	2	23	26.868	31.177	0	2	65	5.716	2.403	NA	0.431	NA	-51.34	-51.34
74	2	24	26.598	31.042	0	2	102	6.017	2.114	NA	0.301	NA	-153.435	-102.095
75	2	25	26.262	31.581	0	2	121	6.652	1.957	NA	0.635	NA	122.005	-84.56
76	2	26	26.396	31.581	0	2	83	6.787	2.079	NA	0.135	NA	0	-122.005
77	2	27	26.262	31.581	0	2	102	6.922	1.957	NA	0.135	NA	180	180
78	2	28	26.329	31.581	0	2	65	6.989	2.018	NA	0.067	NA	0	-180
79	2	29	26.531	31.447	0	2	37	7.232	2.152	NA	0.243	NA	-33.69	-33.69
80	2	30	26.531	31.447	0	2	46	7.232	2.152	NA	0	NA	0	33.69
81	2	31	26.531	31.581	0	2	74	7.366	2.202	NA	0.135	NA	90	90
82	2	32	26.666	31.649	0	2	55	7.517	2.352	NA	0.151	NA	26.565	-63.435
83	2	33	26.464	31.649	0	2	93	7.719	2.168	NA	0.202	NA	180	153.435
84	2	34	26.733	31.851	0	2	102	8.056	2.5	NA	0.337	NA	36.87	-143.13
85	2	35	26.598	32.187	0	2	46	8.418	2.56	NA	0.363	NA	111.801	74.932
86	2	36	26.531	32.322	0	2	18	8.569	2.587	NA	0.151	NA	116.565	4.764
87	2	37	26.329	32.322	0	2	93	8.771	2.433	NA	0.202	NA	180	63.435
88	2	38	26.464	32.053	0	2	102	9.072	2.372	NA	0.301	NA	-63.435	116.565
89	2	39	26.464	31.851	0	2	102	9.274	2.264	NA	0.202	NA	-90	-26.565
90	2	40	27.002	32.12	0	2	37	9.876	2.865	NA	0.602	NA	26.565	116.565
91	2	41	26.8	32.12	0	2	65	10.078	2.691	NA	0.202	NA	180	153.435
92	2	42	26.8	32.12	0	2	93	10.078	2.691	NA	0	NA	0	-180
93	2	43	26.666	32.389	0	2	55	10.379	2.734	NA	0.301	NA	116.565	116.565
94	2	44	26.666	32.457	0	2	65	10.447	2.776	NA	0.067	NA	90	-26.565
95	2	45	26.598	32.524	0	2	83	10.542	2.768	NA	0.095	NA	135	45
96	2	46	26.531	32.793	0	2	65	10.82	2.905	NA	0.278	NA	104.036	-30.964
97	2	47	26.531	32.861	0	2	65	10.887	2.954	NA	0.067	NA	90	-14.036
98	2	48	26.329	33.13	0	2	18	11.224	3.03	NA	0.337	NA	126.87	36.87
99	2	49	26.194	32.995	0	2	37	11.414	2.842	NA	0.19	NA	-135	98.13
100	2	50	25.992	33.13	0	2	83	11.657	2.841	NA	0.243	NA	146.31	-78.69
101	3	1	32.524	27.945	0	2	130	0	0	NA	NA	NA	NA	NA
102	3	2	32.793	28.012	0	2	65	0.278	0.278	NA	0.278	NA	14.036	NA
103	3	3	32.726	28.012	0	2	55	0.345	0.213	NA	0.067	NA	180	165.964
104	3	4	32.726	27.878	0	2	74	0.48	0.213	NA	0.135	NA	-90	90
105	3	5	32.726	28.012	0	2	27	0.614	0.213	NA	0.135	NA	90	180
106	3	6	32.726	28.012	0	2	18	0.614	0.213	NA	0	NA	0	-90
107	3	7	32.726	27.945	0	2	37	0.682	0.202	NA	0.067	NA	-90	-90
108	3	8	32.861	27.81	0	2	27	0.872	0.363	NA	0.19	NA	-45	45
109	3	9	32.928	27.81	0	2	18	0.939	0.426	NA	0.067	NA	0	45
110	3	10	32.793	27.81	0	2	111	1.074	0.301	NA	0.135	NA	180	180
111	3	11	32.726	27.945	0	2	102	1.225	0.202	NA	0.151	NA	116.565	-63.435
112	3	12	32.995	28.484	0	2	27	1.827	0.716	NA	0.602	NA	63.435	-53.13
113	3	13	33.265	28.618	0	2	18	2.128	1.001	NA	0.301	NA	26.565	-36.87
114	3	14	33.063	28.618	0	2	27	2.33	0.862	NA	0.202	NA	180	153.435
115	3	15	33.13	28.416	0	2	27	2.543	0.768	NA	0.213	NA	-71.565	108.435
116	3	16	33.197	28.416	0	2	27	2.61	0.822	NA	0.067	NA	0	71.565
117	3	17	33.197	28.282	0	2	55	2.745	0.753	NA	0.135	NA	-90	-90
118	3	18	33.197	28.147	0	2	27	2.88	0.703	NA	0.135	NA	-90	0
119	3	19	33.13	28.08	0	2	37	2.975	0.621	NA	0.095	NA	-135	-45
120	3	20	33.332	27.81	0	2	55	3.312	0.819	NA	0.337	NA	-53.13	81.87
121	3	21	33.467	27.81	0	2	18	3.446	0.952	NA	0.135	NA	0	53.13
122	3	22	33.063	27.676	0	2	121	3.872	0.602	NA	0.426	NA	-161.565	-161.565
123	3	23	33.063	27.676	0	2	93	3.872	0.602	NA	0	NA	0	161.565
124	3	24	33.332	27.608	0	2	65	4.15	0.875	NA	0.278	NA	-14.036	-14.036
125	3	25	33.197	27.608	0	2	83	4.285	0.753	NA	0.135	NA	180	-165.964
126	3	26	33.332	27.81	0	2	46	4.527	0.819	NA	0.243	NA	56.31	-123.69
127	3	27	33.332	27.81	0	2	46	4.527	0.819	NA	0	NA	0	-56.31
128	3	28	33.399	27.676	0	2	74	4.678	0.916	NA	0.151	NA	-63.435	-63.435
129	3	29	33.467	27.676	0	2	55	4.745	0.98	NA	0.067	NA	0	63.435
130	3	30	33.467	27.676	0	2	46	4.745	0.98	NA	0	NA	0	0
131	3	31	33.467	27.608	0	2	18	4.813	1.001	NA	0.067	NA	-90	-90
132	3	32	33.803	27.608	0	2	74	5.149	1.323	NA	0.337	NA	0	90
133	3	33	34.005	27.608	0	2	93	5.351	1.519	NA	0.202	NA	0	0
134	4	1	33.13	26.598	0	2	65	0	0	NA	NA	NA	NA	NA
135	4	2	33.534	26.733	0	2	46	0.426	0.426	NA	0.426	NA	18.435	NA
136	4	3	33.736	26.598	0	2	65	0.669	0.606	NA	0.243	NA	-33.69	-52.125
137	4	4	33.736	26.598	0	2	46	0.669	0.606	NA	0	NA	0	33.69
138	4	5	33.736	26.598	0	2	27	0.669	0.606	NA	0	NA	0	0
139	4	6	34.207	26.329	0	2	102	1.212	1.111	NA	0.543	NA	-29.745	-29.745
140	4	7	34.342	26.329	0	2	83	1.346	1.242	NA	0.135	NA	0	29.745
141	4	8	34.409	26.127	0	2	46	1.559	1.363	NA	0.213	NA	-71.565	-71.565
142	4	9	34.342	26.329	0	2	27	1.772	1.242	NA	0.213	NA	108.435	180
143	4	10	34.342	26.396	0	2	27	1.839	1.229	NA	0.067	NA	90	-18.435
144	4	11	34.14	26.464	0	2	65	2.052	1.019	NA	0.213	NA	161.565	71.565
145	4	12	34.073	26.531	0	2	46	2.148	0.945	NA	0.095	NA	135	-26.565
146	4	13	34.005	26.868	0	2	37	2.491	0.916	NA	0.343	NA	101.31	-33.69
147	4	14	34.005	26.935	0	2	55	2.558	0.938	NA	0.067	NA	90	-11.31
148	4	15	34.14	27.204	0	2	65	2.859	1.178	NA	0.301	NA	63.435	-26.565
149	4	16	34.207	26.868	0	2	37	3.203	1.111	NA	0.343	NA	-78.69	-142.125
150	4	17	34.005	26.935	0	2	55	3.416	0.938	NA	0.213	NA	161.565	-119.745
151	4	18	34.005	27.002	0	2	46	3.483	0.964	NA	0.067	NA	90	-71.565
152	4	19	34.611	26.598	0	2	55	4.211	1.481	NA	0.728	NA	-33.69	-123.69
153	4	20	34.544	26.868	0	2	55	4.489	1.44	NA	0.278	NA	104.036	137.726
154	4	21	34.409	27.137	0	2	27	4.79	1.388	NA	0.301	NA	116.565	12.529
155	4	22	34.544	27.137	0	2	27	4.925	1.513	NA	0.135	NA	0	-116.565
156	4	23	34.409	26.396	0	2	18	5.678	1.295	NA	0.753	NA	-100.305	-100.305
157	4	24	34.813	26.262	0	2	9	6.104	1.717	NA	0.426	NA	-18.435	81.87
158	4	25	34.813	25.992	0	2	27	6.373	1.789	NA	0.269	NA	-90	-71.565
159	4	26	35.15	26.06	0	2	65	6.716	2.091	NA	0.343	NA	11.31	101.31
160	4	27	35.285	25.858	0	2	93	6.959	2.279	NA	0.243	NA	-56.31	-67.62
161	4	28	35.554	25.79	0	2	27	7.237	2.555	NA	0.278	NA	-14.036	42.274
162	4	29	35.554	25.79	0	2	65	7.237	2.555	NA	0	NA	0	14.036
163	4	30	35.487	25.656	0	2	65	7.387	2.538	NA	0.151	NA	-116.565	-116.565
164	5	1	35.419	22.76	0	2	233	0	0	NA	NA	NA	NA	NA
165	5	2	35.015	22.76	0	2	139	0.404	0.404	NA	0.404	NA	180	NA
166	5	3	35.217	22.962	0	2	195	0.69	0.286	NA	0.286	NA	45	-135
167	5	4	35.217	22.962	0	2	255	0.69	0.286	NA	0	NA	0	-45
168	5	5	34.948	22.962	0	2	158	0.959	0.513	NA	0.269	NA	180	180
169	5	6	35.217	22.895	0	2	255	1.237	0.243	NA	0.278	NA	-14.036	165.964
170	5	7	35.217	22.895	0	2	130	1.237	0.243	NA	0	NA	0	14.036
171	5	8	35.217	22.895	0	2	233	1.237	0.243	NA	0	NA	0	0
172	5	9	35.352	22.423	0	2	255	1.727	0.343	NA	0.49	NA	-74.055	-74.055
173	5	10	35.083	22.423	0	2	186	1.996	0.476	NA	0.269	NA	180	-105.945
174	5	11	35.352	22.491	0	2	255	2.274	0.278	NA	0.278	NA	14.036	-165.964
175	5	12	35.352	22.558	0	2	255	2.341	0.213	NA	0.067	NA	90	75.964
176	5	13	35.419	22.625	0	2	251	2.436	0.135	NA	0.095	NA	45	-45
177	5	14	35.419	22.625	0	2	255	2.436	0.135	NA	0	NA	0	-45
178	5	15	35.487	22.827	0	2	27	2.649	0.095	NA	0.213	NA	71.565	71.565
179	5	16	34.477	22.356	0	2	255	3.764	1.026	NA	1.115	NA	-154.983	133.452
180	5	17	34.477	22.423	0	2	233	3.831	1.001	NA	0.067	NA	90	-115.017
181	5	18	34.746	22.491	0	2	255	4.109	0.725	NA	0.278	NA	14.036	-75.964
182	5	19	34.746	22.491	0	2	223	4.109	0.725	NA	0	NA	0	-14.036
183	5	20	34.746	22.491	0	2	255	4.109	0.725	NA	0	NA	0	0
184	5	21	34.948	22.491	0	2	167	4.311	0.543	NA	0.202	NA	0	0
185	5	22	35.083	22.491	0	2	205	4.446	0.431	NA	0.135	NA	0	0
186	5	23	35.15	22.558	0	2	255	4.541	0.337	NA	0.095	NA	45	45
187	5	24	35.083	22.76	0	2	255	4.754	0.337	NA	0.213	NA	108.435	63.435
188	5	25	35.083	22.895	0	2	255	4.889	0.363	NA	0.135	NA	90	-18.435
189	5	26	35.015	22.962	0	2	195	4.984	0.452	NA	0.095	NA	135	45
190	5	27	35.015	22.962	0	2	242	4.984	0.452	NA	0	NA	0	-135
191	5	28	34.948	22.962	0	2	149	5.051	0.513	NA	0.067	NA	180	180
192	5	29	35.621	22.962	0	2	255	5.724	0.286	NA	0.673	NA	0	-180
193	5	30	35.015	22.962	0	2	167	6.331	0.452	NA	0.606	NA	180	180
194	5	31	34.207	23.231	0	2	121	7.182	1.3	NA	0.852	NA	161.565	-18.435
195	5	32	34.207	23.231	0	2	167	7.182	1.3	NA	0	NA	0	-161.565
196	5	33	34.409	23.164	0	2	139	7.395	1.088	NA	0.213	NA	-18.435	-18.435
197	5	34	34.409	23.097	0	2	130	7.463	1.065	NA	0.067	NA	-90	-71.565
198	5	35	34.275	23.097	0	2	83	7.597	1.193	NA	0.135	NA	180	-90
199	5	36	34.544	22.827	0	2	255	7.978	0.878	NA	0.381	NA	-45	135
200	5	37	34.14	22.76	0	2	255	8.388	1.279	NA	0.41	NA	-170.538	-125.538
201	5	38	34.275	22.625	0	2	177	8.578	1.153	NA	0.19	NA	-45	125.538
202	5	39	34.005	22.693	0	2	255	8.856	1.416	NA	0.278	NA	165.964	-149.036
203	5	40	34.073	22.895	0	2	233	9.069	1.353	NA	0.213	NA	71.565	-94.399
204	5	41	34.275	23.097	0	2	233	9.354	1.193	NA	0.286	NA	45	-26.565
205	5	42	34.073	23.097	0	2	149	9.556	1.388	NA	0.202	NA	180	135
206	5	43	34.14	23.029	0	2	139	9.652	1.307	NA	0.095	NA	-45	135
207	5	44	34.409	22.895	0	2	214	9.953	1.019	NA	0.301	NA	-26.565	18.435
208	5	45	34.409	22.895	0	2	223	9.953	1.019	NA	0	NA	0	26.565
209	5	46	34.409	22.895	0	2	167	9.953	1.019	NA	0	NA	0	0
210	5	47	34.611	22.827	0	2	130	10.166	0.811	NA	0.213	NA	-18.435	-18.435
211	5	48	34.275	22.693	0	2	205	10.528	1.147	NA	0.363	NA	-158.199	-139.764
212	5	49	34.275	22.693	0	2	205	10.528	1.147	NA	0	NA	0	158.199
213	5	50	34.14	22.827	0	2	251	10.719	1.281	NA	0.19	NA	135	135
214	6	1	37.372	19.124	0	2	158	0	0	NA	NA	NA	NA	NA
215	6	2	37.372	19.124	0	2	74	0	0	NA	0	NA	0	NA
216	6	3	36.968	19.056	0	2	223	0.41	0.41	NA	0.41	NA	-170.538	-170.538
217	6	4	36.968	19.056	0	2	83	0.41	0.41	NA	0	NA	0	170.538
218	6	5	36.429	19.595	0	2	255	1.171	1.054	NA	0.762	NA	135	135
219	6	6	36.833	19.528	0	2	205	1.581	0.673	NA	0.41	NA	-9.462	-144.462
220	6	7	36.968	19.258	0	2	255	1.882	0.426	NA	0.301	NA	-63.435	-53.973
221	6	8	36.699	19.528	0	2	255	2.263	0.785	NA	0.381	NA	135	-161.565
222	6	9	36.833	19.191	0	2	251	2.626	0.543	NA	0.363	NA	-68.199	156.801
223	6	10	37.17	19.191	0	2	205	2.962	0.213	NA	0.337	NA	0	68.199
224	6	11	37.238	19.595	0	2	233	3.372	0.49	NA	0.41	NA	80.538	80.538
225	6	12	37.103	19.595	0	2	195	3.507	0.543	NA	0.135	NA	180	99.462
226	6	13	37.305	19.326	0	2	255	3.843	0.213	NA	0.337	NA	-53.13	126.87
227	6	14	37.238	19.326	0	2	255	3.911	0.243	NA	0.067	NA	180	-126.87
228	6	15	37.103	19.326	0	2	255	4.045	0.337	NA	0.135	NA	180	0
229	6	16	37.103	19.326	0	2	186	4.045	0.337	NA	0	NA	0	-180
230	6	17	37.036	19.595	0	2	251	4.323	0.579	NA	0.278	NA	104.036	104.036
231	6	18	37.238	19.797	0	2	255	4.609	0.687	NA	0.286	NA	45	-59.036
232	6	19	37.44	19.797	0	2	255	4.811	0.677	NA	0.202	NA	0	-45
233	6	20	37.238	19.797	0	2	255	5.013	0.687	NA	0.202	NA	180	180
234	6	21	37.238	19.797	0	2	255	5.013	0.687	NA	0	NA	0	-180
235	6	22	37.44	19.73	0	2	255	5.226	0.61	NA	0.213	NA	-18.435	-18.435
236	6	23	37.44	19.73	0	2	255	5.226	0.61	NA	0	NA	0	18.435
237	6	24	37.642	19.73	0	2	233	5.428	0.663	NA	0.202	NA	0	0
238	6	25	37.574	19.73	0	2	251	5.495	0.639	NA	0.067	NA	180	180
239	6	26	37.574	19.73	0	2	255	5.495	0.639	NA	0	NA	0	-180
240	6	27	37.574	19.73	0	2	242	5.495	0.639	NA	0	NA	0	0
241	6	28	37.574	19.932	0	2	255	5.697	0.833	NA	0.202	NA	90	90
242	6	29	37.507	19.932	0	2	158	5.764	0.819	NA	0.067	NA	180	90
243	6	30	37.372	20.067	0	2	255	5.955	0.943	NA	0.19	NA	135	-45
244	6	31	37.305	20.201	0	2	255	6.105	1.079	NA	0.151	NA	116.565	-18.435
245	6	32	37.17	20.201	0	2	255	6.24	1.096	NA	0.135	NA	180	63.435
246	6	33	37.17	20.201	0	2	255	6.24	1.096	NA	0	NA	0	-180
247	6	34	37.17	20.201	0	2	177	6.24	1.096	NA	0	NA	0	0
248	6	35	37.17	20.201	0	2	186	6.24	1.096	NA	0	NA	0	0
249	6	36	37.238	20.201	0	2	177	6.307	1.086	NA	0.067	NA	0	0
250	6	37	37.238	19.864	0	2	223	6.644	0.753	NA	0.337	NA	-90	-90
251	6	38	37.305	19.864	0	2	121	6.711	0.744	NA	0.067	NA	0	90
252	6	39	37.305	19.864	0	2	205	6.711	0.744	NA	0	NA	0	0
253	6	40	37.372	20.067	0	2	186	6.924	0.943	NA	0.213	NA	71.565	71.565
254	6	41	37.372	20.134	0	2	205	6.992	1.01	NA	0.067	NA	90	18.435
255	6	42	37.305	20.201	0	2	158	7.087	1.079	NA	0.095	NA	135	45
256	6	43	37.305	20.067	0	2	139	7.222	0.945	NA	0.135	NA	-90	135
257	6	44	37.44	19.999	0	2	130	7.372	0.878	NA	0.151	NA	-26.565	63.435
258	6	45	37.44	19.999	0	2	167	7.372	0.878	NA	0	NA	0	26.565
259	6	46	37.44	19.999	0	2	167	7.372	0.878	NA	0	NA	0	0
260	6	47	37.44	19.999	0	2	149	7.372	0.878	NA	0	NA	0	0
261	6	48	37.44	19.999	0	2	102	7.372	0.878	NA	0	NA	0	0
262	6	49	37.44	19.999	0	2	37	7.372	0.878	NA	0	NA	0	0
263	6	50	37.238	19.999	0	2	74	7.574	0.886	NA	0.202	NA	180	180
264	7	1	38.113	24.039	0	2	93	0	0	NA	NA	NA	NA	NA
265	7	2	38.315	24.039	0	2	65	0.202	0.202	NA	0.202	NA	0	NA
266	7	3	38.45	24.039	0	2	37	0.337	0.337	NA	0.135	NA	0	0
267	7	4	38.652	24.039	0	2	27	0.539	0.539	NA	0.202	NA	0	0
268	7	5	38.517	24.174	0	2	27	0.729	0.426	NA	0.19	NA	135	135
269	7	6	38.517	24.174	0	2	18	0.729	0.426	NA	0	NA	0	-135
270	7	7	38.45	23.905	0	2	83	1.007	0.363	NA	0.278	NA	-104.036	-104.036
271	7	8	38.517	24.039	0	2	111	1.157	0.404	NA	0.151	NA	63.435	167.471
272	7	9	38.517	24.039	0	2	149	1.157	0.404	NA	0	NA	0	-63.435
273	7	10	38.584	23.905	0	2	46	1.308	0.49	NA	0.151	NA	-63.435	-63.435
274	7	11	38.652	24.107	0	2	93	1.521	0.543	NA	0.213	NA	71.565	135
275	7	12	38.988	24.107	0	2	27	1.858	0.878	NA	0.337	NA	0	-71.565
276	7	13	38.854	24.511	0	2	27	2.283	0.878	NA	0.426	NA	108.435	108.435
277	7	14	39.056	24.713	0	2	121	2.569	1.159	NA	0.286	NA	45	-63.435
278	7	15	39.123	24.78	0	2	46	2.664	1.253	NA	0.095	NA	45	0
279	7	16	39.19	24.713	0	2	111	2.76	1.271	NA	0.095	NA	-45	-90
280	7	17	38.988	24.78	0	2	37	2.973	1.147	NA	0.213	NA	161.565	-153.435
281	7	18	39.123	24.78	0	2	83	3.107	1.253	NA	0.135	NA	0	-161.565
282	7	19	39.123	24.713	0	2	121	3.175	1.214	NA	0.067	NA	-90	-90
283	7	20	39.258	24.713	0	2	9	3.309	1.328	NA	0.135	NA	0	90
284	7	21	39.392	24.578	0	2	18	3.5	1.388	NA	0.19	NA	-45	-45
285	7	22	39.392	24.511	0	2	37	3.567	1.363	NA	0.067	NA	-90	-45
286	7	23	39.258	24.511	0	2	74	3.702	1.238	NA	0.135	NA	180	-90
287	7	24	39.527	24.309	0	2	37	4.038	1.44	NA	0.337	NA	-36.87	143.13
288	7	25	39.392	24.443	0	2	83	4.229	1.342	NA	0.19	NA	135	171.87
289	7	26	39.527	24.847	0	2	65	4.655	1.629	NA	0.426	NA	71.565	-63.435
290	7	27	39.527	24.847	0	2	46	4.655	1.629	NA	0	NA	0	-71.565
291	7	28	39.527	24.847	0	2	18	4.655	1.629	NA	0	NA	0	0
292	7	29	39.46	25.453	0	2	27	5.264	1.953	NA	0.61	NA	96.34	96.34
293	7	30	39.46	25.453	0	2	37	5.264	1.953	NA	0	NA	0	-96.34
294	7	31	39.662	25.251	0	2	18	5.55	1.967	NA	0.286	NA	-45	-45
295	7	32	39.46	25.117	0	2	27	5.793	1.725	NA	0.243	NA	-146.31	-101.31
296	7	33	39.392	24.847	0	2	18	6.071	1.513	NA	0.278	NA	-104.036	42.274
297	7	34	39.594	24.578	0	2	9	6.407	1.576	NA	0.337	NA	-53.13	50.906
298	7	35	39.729	24.578	0	2	27	6.542	1.704	NA	0.135	NA	0	53.13
299	7	36	39.729	24.376	0	2	46	6.744	1.651	NA	0.202	NA	-90	-90
300	7	37	39.662	24.443	0	2	37	6.839	1.601	NA	0.095	NA	135	-135
301	7	38	39.998	24.174	0	2	18	7.27	1.89	NA	0.431	NA	-38.66	-173.66
302	7	39	39.46	24.578	0	2	46	7.944	1.45	NA	0.673	NA	143.13	-178.21
303	7	40	39.662	24.578	0	2	18	8.146	1.64	NA	0.202	NA	0	-143.13
304	7	41	39.594	24.713	0	2	27	8.296	1.627	NA	0.151	NA	116.565	116.565
305	7	42	39.729	24.982	0	2	9	8.597	1.871	NA	0.301	NA	63.435	-53.13
306	8	1	37.238	21.885	0	2	74	0	0	NA	NA	NA	NA	NA
307	8	2	37.238	21.885	0	2	149	0	0	NA	0	NA	0	NA
308	8	3	37.103	21.952	0	2	167	0.151	0.151	NA	0.151	NA	153.435	153.435
309	8	4	36.833	22.423	0	2	65	0.693	0.673	NA	0.543	NA	119.745	-33.69
310	8	5	36.833	22.154	0	2	149	0.963	0.486	NA	0.269	NA	-90	150.255
311	8	6	36.766	22.087	0	2	121	1.058	0.513	NA	0.095	NA	-135	-45
312	8	7	36.766	22.356	0	2	130	1.327	0.667	NA	0.269	NA	90	-135
313	8	8	36.766	22.087	0	2	93	1.597	0.513	NA	0.269	NA	-90	-180
314	8	9	36.766	22.221	0	2	102	1.731	0.579	NA	0.135	NA	90	180
315	8	10	36.631	22.558	0	2	177	2.094	0.906	NA	0.363	NA	111.801	21.801
316	8	11	36.497	22.491	0	2	177	2.245	0.957	NA	0.151	NA	-153.435	94.764
317	8	12	36.429	22.491	0	2	205	2.312	1.01	NA	0.067	NA	180	-26.565
318	8	13	37.709	21.683	0	2	158	3.825	0.513	NA	1.513	NA	-32.276	147.724
319	8	14	37.911	21.481	0	2	37	4.111	0.785	NA	0.286	NA	-45	-12.724
320	8	15	38.046	21.481	0	2	74	4.246	0.903	NA	0.135	NA	0	45
321	8	16	38.18	21.481	0	2	102	4.38	1.026	NA	0.135	NA	0	0
322	8	17	37.709	22.221	0	2	55	5.258	0.579	NA	0.878	NA	122.471	122.471
323	8	18	37.507	22.289	0	2	83	5.471	0.486	NA	0.213	NA	161.565	39.094
324	8	19	37.372	22.289	0	2	102	5.606	0.426	NA	0.135	NA	180	18.435
325	8	20	37.238	22.087	0	2	158	5.849	0.202	NA	0.243	NA	-123.69	56.31
326	8	21	37.238	22.019	0	2	149	5.916	0.135	NA	0.067	NA	-90	33.69
327	8	22	37.238	22.019	0	2	74	5.916	0.135	NA	0	NA	0	90
328	8	23	37.238	22.019	0	2	177	5.916	0.135	NA	0	NA	0	0
329	8	24	37.103	22.221	0	2	111	6.159	0.363	NA	0.243	NA	123.69	123.69
330	8	25	36.766	22.693	0	2	111	6.738	0.935	NA	0.579	NA	125.538	1.848
331	8	26	36.564	22.693	0	2	177	6.94	1.052	NA	0.202	NA	180	54.462
332	8	27	36.497	22.76	0	2	205	7.035	1.147	NA	0.095	NA	135	-45
333	8	28	36.631	22.558	0	2	139	7.278	0.906	NA	0.243	NA	-56.31	168.69
334	8	29	36.699	22.558	0	2	139	7.345	0.862	NA	0.067	NA	0	56.31
335	8	30	36.497	22.356	0	2	65	7.631	0.878	NA	0.286	NA	-135	-135
336	9	1	35.621	20.403	0	2	167	0	0	NA	NA	NA	NA	NA
337	9	2	35.621	20.403	0	2	111	0	0	NA	0	NA	0	NA
338	9	3	35.689	20.403	0	2	167	0.067	0.067	NA	0.067	NA	0	0
339	9	4	35.621	20.403	0	2	121	0.135	0	NA	0.067	NA	180	180
340	9	5	35.554	20.538	0	2	158	0.285	0.151	NA	0.151	NA	116.565	-63.435
341	9	6	35.487	20.605	0	2	121	0.38	0.243	NA	0.095	NA	135	18.435
342	9	7	35.419	20.269	0	2	111	0.724	0.243	NA	0.343	NA	-101.31	123.69
343	9	8	35.419	20.269	0	2	83	0.724	0.243	NA	0	NA	0	101.31
344	9	9	35.621	20.538	0	2	93	1.061	0.135	NA	0.337	NA	53.13	53.13
345	9	10	35.554	20.807	0	2	139	1.338	0.41	NA	0.278	NA	104.036	50.906
346	9	11	35.554	20.605	0	2	83	1.54	0.213	NA	0.202	NA	-90	165.964
347	9	12	35.554	20.605	0	2	167	1.54	0.213	NA	0	NA	0	90
348	9	13	35.554	20.605	0	2	102	1.54	0.213	NA	0	NA	0	0
349	9	14	35.554	20.673	0	2	74	1.608	0.278	NA	0.067	NA	90	90
350	9	15	35.554	20.538	0	2	149	1.742	0.151	NA	0.135	NA	-90	-180
351	9	16	35.554	20.74	0	2	149	1.944	0.343	NA	0.202	NA	90	180
352	9	17	35.554	20.471	0	2	102	2.214	0.095	NA	0.269	NA	-90	-180
353	9	18	35.419	20.471	0	2	121	2.348	0.213	NA	0.135	NA	180	-90
354	9	19	35.419	20.471	0	2	74	2.348	0.213	NA	0	NA	0	-180
355	9	20	35.621	20.403	0	2	46	2.561	0	NA	0.213	NA	-18.435	-18.435
356	9	21	35.689	20.201	0	2	102	2.774	0.213	NA	0.213	NA	-71.565	-53.13
357	9	22	35.621	20.403	0	2	83	2.987	0	NA	0.213	NA	108.435	180
358	9	23	35.756	20.067	0	2	83	3.35	0.363	NA	0.363	NA	-68.199	-176.634
359	9	24	35.487	20.067	0	2	37	3.619	0.363	NA	0.269	NA	180	-111.801
360	9	25	35.285	19.999	0	2	55	3.832	0.526	NA	0.213	NA	-161.565	18.435
361	9	26	35.285	19.999	0	2	55	3.832	0.526	NA	0	NA	0	161.565
362	9	27	35.285	19.864	0	2	55	3.967	0.635	NA	0.135	NA	-90	-90
363	9	28	35.285	19.797	0	2	111	4.034	0.693	NA	0.067	NA	-90	0
364	9	29	35.621	20.269	0	2	65	4.613	0.135	NA	0.579	NA	54.462	144.462
365	9	30	35.083	20.134	0	2	55	5.168	0.602	NA	0.555	NA	-165.964	139.574
366	9	31	35.083	20.134	0	2	102	5.168	0.602	NA	0	NA	0	165.964
367	9	32	34.746	20.269	0	2	65	5.531	0.886	NA	0.363	NA	158.199	158.199
368	9	33	34.679	19.999	0	2	55	5.809	1.026	NA	0.278	NA	-104.036	97.765
369	9	34	35.015	20.134	0	2	37	6.171	0.663	NA	0.363	NA	21.801	125.838
370	9	35	34.948	19.932	0	2	37	6.384	0.822	NA	0.213	NA	-108.435	-130.236
371	10	1	34.611	21.413	0	2	177	0	0	NA	NA	NA	NA	NA
372	10	2	34.544	21.413	0	2	74	0.067	0.067	NA	0.067	NA	180	NA
373	10	3	34.477	21.481	0	2	102	0.163	0.151	NA	0.095	NA	135	-45
374	10	4	34.477	21.481	0	2	167	0.163	0.151	NA	0	NA	0	-135
375	10	5	34.207	21.481	0	2	74	0.432	0.41	NA	0.269	NA	180	180
376	10	6	34.14	21.211	0	2	121	0.71	0.513	NA	0.278	NA	-104.036	75.964
377	10	7	34.544	21.077	0	2	158	1.135	0.343	NA	0.426	NA	-18.435	85.601
378	10	8	34.544	21.077	0	2	223	1.135	0.343	NA	0	NA	0	18.435
379	10	9	34.342	21.346	0	2	121	1.472	0.278	NA	0.337	NA	126.87	126.87
380	10	10	34.544	21.009	0	2	167	1.865	0.41	NA	0.393	NA	-59.036	174.094
381	10	11	34.611	21.009	0	2	195	1.932	0.404	NA	0.067	NA	0	59.036
382	10	12	34.611	21.009	0	2	102	1.932	0.404	NA	0	NA	0	0
383	10	13	34.746	21.413	0	2	130	2.358	0.135	NA	0.426	NA	71.565	71.565
384	10	14	34.611	21.413	0	2	149	2.493	0	NA	0.135	NA	180	108.435
385	10	15	34.611	21.413	0	2	83	2.493	0	NA	0	NA	0	-180
386	10	16	34.611	21.413	0	2	130	2.493	0	NA	0	NA	0	0
387	10	17	34.611	21.413	0	2	55	2.493	0	NA	0	NA	0	0
388	10	18	34.611	21.413	0	2	130	2.493	0	NA	0	NA	0	0
389	10	19	34.477	21.077	0	2	139	2.855	0.363	NA	0.363	NA	-111.801	-111.801
390	10	20	34.342	21.346	0	2	46	3.156	0.278	NA	0.301	NA	116.565	-131.634
391	10	21	34.342	21.279	0	2	121	3.224	0.301	NA	0.067	NA	-90	153.435
392	10	22	34.342	21.279	0	2	83	3.224	0.301	NA	0	NA	0	90
393	10	23	34.342	21.279	0	2	158	3.224	0.301	NA	0	NA	0	0
394	10	24	34.409	21.346	0	2	83	3.319	0.213	NA	0.095	NA	45	45
395	10	25	33.803	21.683	0	2	55	4.012	0.852	NA	0.693	NA	150.945	105.945
396	10	26	33.803	22.019	0	2	46	4.349	1.01	NA	0.337	NA	90	-60.945
397	11	1	33.467	30.975	0	2	37	0	0	NA	NA	NA	NA	NA
398	11	2	32.726	30.706	0	2	27	0.788	0.788	NA	0.788	NA	-160.017	NA
399	11	3	32.255	30.436	0	2	27	1.331	1.326	NA	0.543	NA	-150.255	9.762
400	11	4	31.985	30.369	0	2	37	1.609	1.601	NA	0.278	NA	-165.964	-15.709
401	11	5	31.918	30.369	0	2	65	1.676	1.663	NA	0.067	NA	180	-14.036
402	11	6	30.975	30.032	0	2	46	2.677	2.664	NA	1.001	NA	-160.346	19.654
403	11	7	30.84	30.234	0	2	27	2.92	2.729	NA	0.243	NA	123.69	-75.964
404	12	1	27.81	23.77	0	2	74	0	0	NA	NA	NA	NA	NA
405	12	2	27.743	23.77	0	2	74	0.067	0.067	NA	0.067	NA	180	NA
406	12	3	28.147	23.77	0	2	83	0.471	0.337	NA	0.404	NA	0	-180
407	12	4	28.012	24.511	0	2	46	1.224	0.768	NA	0.753	NA	100.305	100.305
408	12	5	28.416	24.511	0	2	46	1.628	0.957	NA	0.404	NA	0	-100.305
409	12	6	28.618	24.511	0	2	74	1.83	1.096	NA	0.202	NA	0	0
410	12	7	29.09	24.78	0	2	46	2.373	1.63	NA	0.543	NA	29.745	29.745
411	12	8	29.157	25.184	0	2	74	2.783	1.953	NA	0.41	NA	80.538	50.793
412	12	9	29.157	25.723	0	2	55	3.321	2.372	NA	0.539	NA	90	9.462
413	12	10	29.157	25.588	0	2	55	3.456	2.263	NA	0.135	NA	-90	-180
414	12	11	29.157	25.588	0	2	74	3.456	2.263	NA	0	NA	0	90
415	12	12	28.955	25.117	0	2	27	3.969	1.768	NA	0.513	NA	-113.199	-113.199
416	12	13	29.022	25.79	0	2	37	4.646	2.356	NA	0.677	NA	84.289	-162.512
417	12	14	28.686	25.858	0	2	18	4.989	2.264	NA	0.343	NA	168.69	84.401
418	12	15	28.012	26.127	0	2	18	5.714	2.365	NA	0.725	NA	158.199	-10.491
419	12	16	28.08	25.319	0	2	46	6.525	1.572	NA	0.811	NA	-85.236	116.565
420	12	17	28.08	25.184	0	2	46	6.66	1.44	NA	0.135	NA	-90	-4.764
421	12	18	28.349	25.049	0	2	18	6.961	1.388	NA	0.301	NA	-26.565	63.435
422	12	19	28.282	25.319	0	2	46	7.239	1.619	NA	0.278	NA	104.036	130.601
423	12	20	28.753	25.79	0	2	27	7.905	2.229	NA	0.667	NA	45	-59.036
424	13	1	16.161	32.524	0	2	111	0	0	NA	NA	NA	NA	NA
425	13	2	16.969	31.244	0	2	27	1.513	1.513	NA	1.513	NA	-57.724	NA
426	13	3	16.632	32.659	0	2	9	2.967	0.49	NA	1.454	NA	103.392	161.117
427	13	4	16.632	32.659	0	2	0	2.967	0.49	NA	0	NA	0	-103.392
428	13	5	16.43	32.591	0	2	27	3.18	0.278	NA	0.213	NA	-161.565	-161.565
429	13	6	16.228	32.591	0	2	55	3.382	0.095	NA	0.202	NA	180	-18.435
430	13	7	16.228	32.591	0	2	55	3.382	0.095	NA	0	NA	0	-180
431	13	8	16.228	32.457	0	2	65	3.516	0.095	NA	0.135	NA	-90	-90
432	13	9	16.565	32.389	0	2	27	3.86	0.426	NA	0.343	NA	-11.31	78.69
433	13	10	17.171	31.649	0	2	65	4.817	1.337	NA	0.957	NA	-50.711	-39.401
434	14	1	19.999	31.851	0	2	205	0	0	NA	NA	NA	NA	NA
435	14	2	19.932	31.851	0	2	149	0.067	0.067	NA	0.067	NA	180	NA
436	14	3	19.595	32.12	0	2	158	0.499	0.486	NA	0.431	NA	141.34	-38.66
437	14	4	19.056	32.12	0	2	195	1.037	0.98	NA	0.539	NA	180	38.66
438	14	5	19.056	32.187	0	2	205	1.105	1.001	NA	0.067	NA	90	-90
439	14	6	18.585	32.524	0	2	255	1.684	1.566	NA	0.579	NA	144.462	54.462
440	14	7	18.585	32.659	0	2	93	1.818	1.629	NA	0.135	NA	90	-54.462
441	14	8	18.383	32.591	0	2	167	2.031	1.778	NA	0.213	NA	-161.565	108.435
442	14	9	19.528	32.187	0	2	83	3.245	0.579	NA	1.214	NA	-19.44	142.125
443	14	10	20.269	31.447	0	2	83	4.293	0.486	NA	1.048	NA	-45	-25.56
444	14	11	20.74	31.379	0	2	139	4.769	0.878	NA	0.476	NA	-8.13	36.87
445	14	12	20.875	31.244	0	2	158	4.959	1.065	NA	0.19	NA	-45	-36.87
446	14	13	21.009	31.11	0	2	139	5.15	1.253	NA	0.19	NA	-45	0
447	14	14	21.346	31.042	0	2	74	5.493	1.571	NA	0.343	NA	-11.31	33.69
448	14	15	21.009	30.908	0	2	130	5.856	1.382	NA	0.363	NA	-158.199	-146.889
449	14	16	20.942	31.177	0	2	111	6.134	1.159	NA	0.278	NA	104.036	-97.765
450	14	17	20.942	31.177	0	2	121	6.134	1.159	NA	0	NA	0	-104.036
451	14	18	20.942	30.908	0	2	111	6.403	1.333	NA	0.269	NA	-90	-90
452	14	19	20.74	30.908	0	2	186	6.605	1.199	NA	0.202	NA	180	-90
453	14	20	20.605	31.312	0	2	55	7.031	0.811	NA	0.426	NA	108.435	-71.565
454	14	21	19.797	31.514	0	2	130	7.864	0.393	NA	0.833	NA	165.964	57.529
455	14	22	20.605	31.312	0	2	83	8.697	0.811	NA	0.833	NA	-14.036	-180
456	14	23	20.336	31.312	0	2	74	8.966	0.635	NA	0.269	NA	180	-165.964
457	14	24	20.336	31.312	0	2	111	8.966	0.635	NA	0	NA	0	-180
458	14	25	20.74	30.975	0	2	37	9.492	1.147	NA	0.526	NA	-39.806	-39.806
459	14	26	21.077	31.042	0	2	9	9.835	1.347	NA	0.343	NA	11.31	51.116
460	14	27	22.491	30.167	0	2	37	11.498	3.007	NA	1.663	NA	-31.759	-43.069
461	14	28	22.827	30.1	0	2	18	11.842	3.326	NA	0.343	NA	-11.31	20.45
462	14	29	23.097	29.561	0	2	18	12.444	3.852	NA	0.602	NA	-63.435	-52.125
463	14	30	22.625	29.628	0	2	46	12.92	3.44	NA	0.476	NA	171.87	-124.695
464	14	31	22.962	29.426	0	2	46	13.313	3.828	NA	0.393	NA	-30.964	157.166
465	14	32	22.625	29.83	0	2	27	13.839	3.313	NA	0.526	NA	129.806	160.769
466	14	33	22.423	30.571	0	2	9	14.606	2.741	NA	0.768	NA	105.255	-24.55
467	14	34	22.76	29.763	0	2	37	15.482	3.461	NA	0.875	NA	-67.38	-172.635
468	14	35	22.76	30.167	0	2	74	15.886	3.234	NA	0.404	NA	90	157.38
469	14	36	22.827	29.763	0	2	37	16.295	3.515	NA	0.41	NA	-80.538	-170.538
470	14	37	22.962	29.83	0	2	18	16.446	3.586	NA	0.151	NA	26.565	107.103
471	15	1	17.71	33.938	0	2	167	0	0	NA	NA	NA	NA	NA
472	15	2	17.71	33.938	0	2	74	0	0	NA	0	NA	0	NA
473	15	3	17.642	33.736	0	2	223	0.213	0.213	NA	0.213	NA	-108.435	-108.435
474	15	4	17.71	33.736	0	2	186	0.28	0.202	NA	0.067	NA	0	108.435
475	15	5	17.71	33.736	0	2	186	0.28	0.202	NA	0	NA	0	0
476	15	6	17.71	33.938	0	2	83	0.482	0	NA	0.202	NA	90	90
477	15	7	17.44	33.736	0	2	242	0.819	0.337	NA	0.337	NA	-143.13	126.87
478	15	8	17.777	33.601	0	2	65	1.182	0.343	NA	0.363	NA	-21.801	121.329
479	15	9	17.44	33.534	0	2	177	1.525	0.486	NA	0.343	NA	-168.69	-146.889
480	15	10	17.44	33.534	0	2	74	1.525	0.486	NA	0	NA	0	168.69
481	15	11	17.44	33.534	0	2	93	1.525	0.486	NA	0	NA	0	0
482	15	12	17.373	33.938	0	2	149	1.935	0.337	NA	0.41	NA	99.462	99.462
483	15	13	17.306	33.938	0	2	46	2.002	0.404	NA	0.067	NA	180	80.538
484	15	14	17.306	33.938	0	2	74	2.002	0.404	NA	0	NA	0	-180
485	15	15	17.44	34.005	0	2	46	2.152	0.278	NA	0.151	NA	26.565	26.565
486	15	16	17.171	33.736	0	2	83	2.533	0.575	NA	0.381	NA	-135	-161.565
487	15	17	17.642	33.803	0	2	130	3.01	0.151	NA	0.476	NA	8.13	143.13
488	15	18	17.306	33.803	0	2	130	3.346	0.426	NA	0.337	NA	180	171.87
489	15	19	17.306	33.803	0	2	130	3.346	0.426	NA	0	NA	0	-180
490	15	20	17.44	33.803	0	2	74	3.481	0.301	NA	0.135	NA	0	0
491	15	21	17.71	33.803	0	2	121	3.75	0.135	NA	0.269	NA	0	0
492	15	22	17.71	33.803	0	2	83	3.75	0.135	NA	0	NA	0	0
493	15	23	17.777	34.005	0	2	93	3.963	0.095	NA	0.213	NA	71.565	71.565
494	15	24	17.373	33.871	0	2	130	4.389	0.343	NA	0.426	NA	-161.565	126.87
495	15	25	17.373	33.938	0	2	186	4.456	0.337	NA	0.067	NA	90	-108.435
496	15	26	17.373	34.207	0	2	158	4.726	0.431	NA	0.269	NA	90	0
497	15	27	17.373	34.207	0	2	121	4.726	0.431	NA	0	NA	0	-90
498	15	28	17.373	34.207	0	2	93	4.726	0.431	NA	0	NA	0	0
499	15	29	17.373	34.207	0	2	83	4.726	0.431	NA	0	NA	0	0
500	15	30	17.373	34.207	0	2	74	4.726	0.431	NA	0	NA	0	0
501	15	31	17.508	34.005	0	2	74	4.969	0.213	NA	0.243	NA	-56.31	-56.31
502	15	32	17.642	34.005	0	2	27	5.103	0.095	NA	0.135	NA	0	56.31
503	15	33	17.642	34.005	0	2	121	5.103	0.095	NA	0	NA	0	0
504	15	34	17.306	34.005	0	2	111	5.44	0.41	NA	0.337	NA	180	180
505	15	35	17.642	34.005	0	2	55	5.777	0.095	NA	0.337	NA	0	-180
506	15	36	17.777	34.005	0	2	74	5.911	0.095	NA	0.135	NA	0	0
507	15	37	17.642	34.073	0	2	93	6.062	0.151	NA	0.151	NA	153.435	153.435
508	15	38	17.508	34.073	0	2	139	6.196	0.243	NA	0.135	NA	180	26.565
509	15	39	17.508	34.14	0	2	74	6.264	0.286	NA	0.067	NA	90	-90
510	15	40	17.71	34.207	0	2	46	6.477	0.269	NA	0.213	NA	18.435	-71.565
511	15	41	17.71	34.073	0	2	83	6.611	0.135	NA	0.135	NA	-90	-108.435
512	15	42	17.44	34.073	0	2	121	6.881	0.301	NA	0.269	NA	180	-90
513	15	43	17.44	34.073	0	2	149	6.881	0.301	NA	0	NA	0	-180
514	15	44	17.642	34.005	0	2	121	7.094	0.095	NA	0.213	NA	-18.435	-18.435
515	15	45	17.642	34.005	0	2	93	7.094	0.095	NA	0	NA	0	18.435
516	15	46	17.642	34.005	0	2	93	7.094	0.095	NA	0	NA	0	0
517	15	47	17.575	34.073	0	2	149	7.189	0.19	NA	0.095	NA	135	135
518	15	48	17.575	34.207	0	2	130	7.324	0.301	NA	0.135	NA	90	-45
519	15	49	18.046	34.073	0	2	93	7.814	0.363	NA	0.49	NA	-15.945	-105.945
520	15	50	17.844	34.073	0	2	37	8.016	0.19	NA	0.202	NA	180	-164.055
521	16	1	22.423	33.13	0	2	55	0	0	NA	NA	NA	NA	NA
522	16	2	22.423	33.13	0	2	74	0	0	NA	0	NA	0	NA
523	16	3	22.423	33.063	0	2	111	0.067	0.067	NA	0.067	NA	-90	-90
524	16	4	22.221	33.063	0	2	177	0.269	0.213	NA	0.202	NA	180	-90
525	16	5	21.885	33.13	0	2	149	0.613	0.539	NA	0.343	NA	168.69	-11.31
526	16	6	21.885	33.332	0	2	121	0.815	0.575	NA	0.202	NA	90	-78.69
527	16	7	21.885	33.332	0	2	130	0.815	0.575	NA	0	NA	0	-90
528	16	8	22.221	33.332	0	2	111	1.151	0.286	NA	0.337	NA	0	0
529	16	9	21.952	33.332	0	2	93	1.421	0.513	NA	0.269	NA	180	180
530	16	10	22.289	33.669	0	2	111	1.897	0.555	NA	0.476	NA	45	-135
531	16	11	22.087	33.669	0	2	102	2.099	0.635	NA	0.202	NA	180	135
532	16	12	22.087	33.736	0	2	83	2.166	0.693	NA	0.067	NA	90	-90
533	16	13	22.019	33.736	0	2	37	2.234	0.728	NA	0.067	NA	180	90
534	16	14	21.817	33.871	0	2	65	2.476	0.957	NA	0.243	NA	146.31	-33.69
535	16	15	21.615	33.467	0	2	74	2.928	0.875	NA	0.452	NA	-116.565	97.125
536	16	16	21.548	33.13	0	2	65	3.271	0.875	NA	0.343	NA	-101.31	15.255
537	16	17	22.019	33.332	0	2	65	3.784	0.452	NA	0.513	NA	23.199	124.509
538	16	18	22.491	33.601	0	2	93	4.327	0.476	NA	0.543	NA	29.745	6.546
539	16	19	22.693	33.467	0	2	83	4.57	0.431	NA	0.243	NA	-33.69	-63.435
540	16	20	22.558	33.467	0	2	46	4.705	0.363	NA	0.135	NA	180	-146.31
541	16	21	22.76	33.399	0	2	83	4.918	0.431	NA	0.213	NA	-18.435	161.565
542	16	22	22.76	33.399	0	2	55	4.918	0.431	NA	0	NA	0	18.435
543	16	23	22.76	33.736	0	2	55	5.254	0.693	NA	0.337	NA	90	90
544	16	24	23.029	33.938	0	2	83	5.591	1.01	NA	0.337	NA	36.87	-53.13
545	16	25	23.299	34.073	0	2	93	5.892	1.286	NA	0.301	NA	26.565	-10.305
546	16	26	23.231	34.073	0	2	46	5.959	1.242	NA	0.067	NA	180	153.435
547	16	27	23.029	34.073	0	2	74	6.161	1.121	NA	0.202	NA	180	0
548	16	28	23.029	33.871	0	2	46	6.363	0.957	NA	0.202	NA	-90	90
549	16	29	23.366	33.736	0	2	27	6.726	1.121	NA	0.363	NA	-21.801	68.199
550	16	30	23.164	33.467	0	2	37	7.063	0.814	NA	0.337	NA	-126.87	-105.068
551	16	31	23.097	33.938	0	2	55	7.539	1.052	NA	0.476	NA	98.13	-135
552	16	32	23.635	33.601	0	2	37	8.174	1.3	NA	0.635	NA	-32.005	-130.135
553	16	33	23.231	33.736	0	2	55	8.6	1.01	NA	0.426	NA	161.565	-166.43
554	16	34	23.231	33.736	0	2	18	8.6	1.01	NA	0	NA	0	-161.565
555	16	35	23.231	33.736	0	2	55	8.6	1.01	NA	0	NA	0	0
556	16	36	23.77	33.467	0	2	37	9.202	1.388	NA	0.602	NA	-26.565	-26.565
557	16	37	23.568	33.534	0	2	27	9.415	1.214	NA	0.213	NA	161.565	-171.87
558	16	38	23.299	34.005	0	2	27	9.958	1.238	NA	0.543	NA	119.745	-41.82
559	16	39	23.568	33.803	0	2	65	10.295	1.328	NA	0.337	NA	-36.87	-156.615
560	17	1	18.585	33.063	0	2	205	0	0	NA	NA	NA	NA	NA
561	17	2	18.854	32.793	0	2	130	0.381	0.381	NA	0.381	NA	-45	NA
562	17	3	19.191	32.793	0	2	158	0.718	0.663	NA	0.337	NA	0	45
563	17	4	19.191	32.793	0	2	186	0.718	0.663	NA	0	NA	0	0
564	17	5	19.191	32.861	0	2	130	0.785	0.639	NA	0.067	NA	90	90
565	17	6	18.652	32.928	0	2	102	1.328	0.151	NA	0.543	NA	172.875	82.875
566	17	7	18.652	32.995	0	2	186	1.395	0.095	NA	0.067	NA	90	-82.875
567	17	8	18.854	33.063	0	2	121	1.608	0.269	NA	0.213	NA	18.435	-71.565
568	17	9	18.72	32.861	0	2	149	1.851	0.243	NA	0.243	NA	-123.69	-142.125
569	17	10	18.652	32.861	0	2	255	1.918	0.213	NA	0.067	NA	180	-56.31
570	17	11	18.854	32.928	0	2	214	2.131	0.301	NA	0.213	NA	18.435	-161.565
571	17	12	18.787	32.995	0	2	223	2.226	0.213	NA	0.095	NA	135	116.565
572	17	13	18.989	33.063	0	2	167	2.439	0.404	NA	0.213	NA	18.435	-116.565
573	17	14	18.989	33.063	0	2	149	2.439	0.404	NA	0	NA	0	-18.435
574	17	15	18.652	33.197	0	2	186	2.802	0.151	NA	0.363	NA	158.199	158.199
575	17	16	19.056	32.793	0	2	195	3.373	0.543	NA	0.571	NA	-45	156.801
576	17	17	18.989	32.928	0	2	111	3.524	0.426	NA	0.151	NA	116.565	161.565
577	17	18	18.787	33.13	0	2	130	3.81	0.213	NA	0.286	NA	135	18.435
578	17	19	19.258	32.591	0	2	46	4.525	0.822	NA	0.716	NA	-48.814	176.186
579	17	20	19.191	32.591	0	2	27	4.593	0.768	NA	0.067	NA	180	-131.186
580	17	21	19.191	32.726	0	2	121	4.727	0.693	NA	0.135	NA	90	-90
581	18	1	14.882	40.2	0	2	27	0	0	NA	NA	NA	NA	NA
582	18	2	14.545	39.527	0	2	93	0.753	0.753	NA	0.753	NA	-116.565	NA
583	18	3	14.68	39.594	0	2	93	0.903	0.639	NA	0.151	NA	26.565	143.13
584	18	4	14.68	39.729	0	2	130	1.038	0.513	NA	0.135	NA	90	63.435
585	18	5	14.747	39.796	0	2	65	1.133	0.426	NA	0.095	NA	45	-45
586	18	6	14.747	39.796	0	2	18	1.133	0.426	NA	0	NA	0	-45
587	18	7	14.882	39.931	0	2	46	1.324	0.269	NA	0.19	NA	45	45
588	18	8	14.882	39.931	0	2	37	1.324	0.269	NA	0	NA	0	-45
589	18	9	14.814	39.931	0	2	27	1.391	0.278	NA	0.067	NA	180	180
590	18	10	14.747	39.931	0	2	55	1.458	0.301	NA	0.067	NA	180	0
591	18	11	14.68	39.931	0	2	65	1.526	0.337	NA	0.067	NA	180	0
592	18	12	14.68	39.931	0	2	74	1.526	0.337	NA	0	NA	0	-180
593	18	13	14.68	39.931	0	2	93	1.526	0.337	NA	0	NA	0	0
594	18	14	14.68	39.931	0	2	37	1.526	0.337	NA	0	NA	0	0
595	18	15	14.478	39.931	0	2	65	1.728	0.486	NA	0.202	NA	180	180
596	18	16	14.41	39.998	0	2	55	1.823	0.513	NA	0.095	NA	135	-45
597	18	17	14.68	40.133	0	2	37	2.124	0.213	NA	0.301	NA	26.565	-108.435
598	18	18	14.41	40.2	0	2	0	2.402	0.471	NA	0.278	NA	165.964	139.399
599	18	19	14.612	40.2	0	2	18	2.604	0.269	NA	0.202	NA	0	-165.964
600	18	20	15.084	39.998	0	2	18	3.117	0.286	NA	0.513	NA	-23.199	-23.199
601	18	21	15.016	39.594	0	2	74	3.526	0.621	NA	0.41	NA	-99.462	-76.264
602	18	22	15.286	39.662	0	2	9	3.804	0.673	NA	0.278	NA	14.036	113.499
603	18	23	15.084	39.729	0	2	9	4.017	0.513	NA	0.213	NA	161.565	147.529
604	19	1	26.868	43.163	0	2	27	0	0	NA	NA	NA	NA	NA
605	19	2	27.137	42.961	0	2	65	0.337	0.337	NA	0.337	NA	-36.87	NA
606	19	3	27.07	43.298	0	2	27	0.68	0.243	NA	0.343	NA	101.31	138.18
607	19	4	27.81	42.422	0	2	74	1.827	1.199	NA	1.147	NA	-49.764	-151.074
608	19	5	28.214	42.288	0	2	65	2.253	1.606	NA	0.426	NA	-18.435	31.329
609	19	6	28.484	42.355	0	2	18	2.53	1.807	NA	0.278	NA	14.036	32.471
610	19	7	28.349	42.355	0	2	37	2.665	1.687	NA	0.135	NA	180	165.964
611	19	8	27.878	42.49	0	2	27	3.155	1.214	NA	0.49	NA	164.055	-15.945
612	19	9	28.08	42.22	0	2	55	3.492	1.536	NA	0.337	NA	-53.13	142.815
613	19	10	28.82	41.682	0	2	27	4.408	2.451	NA	0.916	NA	-36.027	17.103
614	19	11	29.224	41.48	0	2	55	4.859	2.896	NA	0.452	NA	-26.565	9.462
615	19	12	29.224	41.48	0	2	9	4.859	2.896	NA	0	NA	0	26.565
616	19	13	29.696	40.806	0	2	18	5.681	3.681	NA	0.822	NA	-55.008	-55.008
617	19	14	29.09	41.008	0	2	46	6.32	3.095	NA	0.639	NA	161.565	-143.427
618	19	15	29.157	41.008	0	2	18	6.388	3.144	NA	0.067	NA	0	-161.565
619	19	16	29.157	41.21	0	2	9	6.59	3.009	NA	0.202	NA	90	90
620	19	17	28.955	41.008	0	2	37	6.875	3	NA	0.286	NA	-135	135
621	19	18	28.686	41.412	0	2	9	7.361	2.524	NA	0.486	NA	123.69	-101.31
622	20	1	25.79	43.567	0	2	9	0	0	NA	NA	NA	NA	NA
623	20	2	25.319	43.163	0	2	27	0.621	0.621	NA	0.621	NA	-139.399	NA
624	20	3	25.521	43.029	0	2	18	0.864	0.602	NA	0.243	NA	-33.69	105.709
625	20	4	25.521	42.961	0	2	18	0.931	0.663	NA	0.067	NA	-90	-56.31
626	20	5	25.184	43.163	0	2	27	1.324	0.728	NA	0.393	NA	149.036	-120.964
627	20	6	25.319	43.096	0	2	18	1.474	0.667	NA	0.151	NA	-26.565	-175.601
628	20	7	25.588	43.096	0	2	46	1.744	0.513	NA	0.269	NA	0	26.565
629	20	8	25.521	42.961	0	2	18	1.894	0.663	NA	0.151	NA	-116.565	-116.565
630	20	9	25.723	42.894	0	2	0	2.107	0.677	NA	0.213	NA	-18.435	98.13
631	20	10	26.127	42.557	0	2	0	2.633	1.065	NA	0.526	NA	-39.806	-21.371
632	20	11	26.127	42.894	0	2	0	2.97	0.753	NA	0.337	NA	90	129.806
633	20	12	25.992	42.961	0	2	18	3.12	0.639	NA	0.151	NA	153.435	63.435
634	20	13	25.319	42.692	0	2	9	3.845	0.994	NA	0.725	NA	-158.199	48.366
635	20	14	25.588	42.759	0	2	9	4.123	0.833	NA	0.278	NA	14.036	172.235
636	20	15	26.464	42.086	0	2	37	5.227	1.627	NA	1.104	NA	-37.569	-51.605
637	20	16	27.541	41.412	0	2	27	6.498	2.776	NA	1.271	NA	-32.005	5.563
638	20	17	28.484	40.604	0	2	27	7.74	4.004	NA	1.242	NA	-40.601	-8.596
639	20	18	28.349	41.076	0	2	37	8.23	3.571	NA	0.49	NA	105.945	146.547
640	20	19	28.147	40.133	0	2	65	9.194	4.165	NA	0.964	NA	-102.095	151.96
641	20	20	28.08	40.268	0	2	9	9.345	4.016	NA	0.151	NA	116.565	-141.34
642	20	21	27.608	40.739	0	2	46	10.011	3.362	NA	0.667	NA	135	18.435
643	20	22	27.743	40.604	0	2	74	10.202	3.548	NA	0.19	NA	-45	-180
644	20	23	27.945	40.537	0	2	37	10.415	3.718	NA	0.213	NA	-18.435	26.565
645	20	24	27.676	40.739	0	2	9	10.751	3.399	NA	0.337	NA	143.13	161.565
646	20	25	27.676	40.739	0	2	37	10.751	3.399	NA	0	NA	0	-143.13
647	20	26	28.08	40.268	0	2	55	11.372	4.016	NA	0.621	NA	-49.399	-49.399
648	20	27	28.753	39.796	0	2	9	12.194	4.796	NA	0.822	NA	-34.992	14.407
649	21	1	24.847	42.624	0	2	0	0	0	NA	NA	NA	NA	NA
650	21	2	24.847	42.086	0	2	18	0.539	0.539	NA	0.539	NA	-90	NA
651	21	3	25.588	41.951	0	2	9	1.292	1.001	NA	0.753	NA	-10.305	79.695
652	21	4	25.656	41.547	0	2	9	1.701	1.347	NA	0.41	NA	-80.538	-70.233
653	21	5	25.656	41.48	0	2	18	1.768	1.401	NA	0.067	NA	-90	-9.462
654	21	6	25.992	41.076	0	2	27	2.294	1.926	NA	0.526	NA	-50.194	39.806
655	21	7	26.06	41.008	0	2	9	2.39	2.02	NA	0.095	NA	-45	5.194
656	21	8	26.194	40.739	0	2	0	2.691	2.317	NA	0.301	NA	-63.435	-18.435
657	21	9	26.194	40.672	0	2	9	2.758	2.372	NA	0.067	NA	-90	-26.565
658	21	10	25.992	40.739	0	2	18	2.971	2.206	NA	0.213	NA	161.565	-108.435
659	21	11	26.531	40.739	0	2	9	3.51	2.528	NA	0.539	NA	0	-161.565
660	21	12	26.262	41.008	0	2	18	3.891	2.147	NA	0.381	NA	135	135
661	21	13	26.396	40.941	0	2	9	4.041	2.287	NA	0.151	NA	-26.565	-161.565
662	21	14	26.531	40.874	0	2	0	4.192	2.429	NA	0.151	NA	-26.565	0
663	21	15	26.194	40.537	0	2	9	4.668	2.484	NA	0.476	NA	-135	-108.435
664	21	16	26.194	40.874	0	2	9	5.005	2.209	NA	0.337	NA	90	-135
665	21	17	26.464	40.402	0	2	37	5.548	2.748	NA	0.543	NA	-60.255	-150.255
666	21	18	26.06	40.537	0	2	0	5.973	2.414	NA	0.426	NA	161.565	-138.18
667	21	19	26.531	40.268	0	2	0	6.516	2.896	NA	0.543	NA	-29.745	168.69
668	22	11	10.707	38.046	0	2	37	0	0	NA	NA	NA	NA	NA
669	22	12	11.043	37.305	0	2	18	0.814	0.814	NA	0.814	NA	-65.556	NA
670	22	13	11.986	36.362	0	2	18	2.147	2.114	NA	1.333	NA	-45	20.556
671	22	14	11.986	36.362	0	2	9	2.147	2.114	NA	0	NA	0	45
672	22	15	11.784	36.429	0	2	0	2.36	1.942	NA	0.213	NA	161.565	161.565
673	22	16	11.649	36.564	0	2	0	2.55	1.756	NA	0.19	NA	135	-26.565
674	22	17	11.649	36.564	0	2	27	2.55	1.756	NA	0	NA	0	-135
675	22	18	11.649	36.429	0	2	46	2.685	1.871	NA	0.135	NA	-90	-90
676	22	19	11.717	36.631	0	2	9	2.898	1.738	NA	0.213	NA	71.565	161.565
677	22	20	11.515	36.429	0	2	18	3.184	1.807	NA	0.286	NA	-135	153.435
678	22	21	11.717	36.631	0	2	0	3.469	1.738	NA	0.286	NA	45	180
679	22	22	11.38	36.429	0	2	37	3.862	1.751	NA	0.393	NA	-149.036	165.964
680	22	23	11.313	36.497	0	2	0	3.957	1.663	NA	0.095	NA	135	-75.964
681	23	1	13.131	39.46	0	2	27	0	0	NA	NA	NA	NA	NA
682	23	2	12.659	39.392	0	2	0	0.476	0.476	NA	0.476	NA	-171.87	NA
683	23	3	12.861	39.392	0	2	18	0.678	0.278	NA	0.202	NA	0	171.87
684	23	4	12.861	39.594	0	2	0	0.88	0.301	NA	0.202	NA	90	90
685	23	5	12.861	39.594	0	2	0	0.88	0.301	NA	0	NA	0	-90
686	23	6	13.131	39.46	0	2	27	1.181	0	NA	0.301	NA	-26.565	-26.565
687	23	7	13.131	39.258	0	2	18	1.383	0.202	NA	0.202	NA	-90	-63.435
688	23	8	13.198	39.258	0	2	37	1.451	0.213	NA	0.067	NA	0	90
689	23	9	13.265	39.258	0	2	37	1.518	0.243	NA	0.067	NA	0	0
690	23	10	13.131	39.392	0	2	37	1.708	0.067	NA	0.19	NA	135	135
691	23	11	13.063	39.392	0	2	65	1.776	0.095	NA	0.067	NA	180	45
692	23	12	12.525	39.392	0	2	37	2.314	0.61	NA	0.539	NA	180	0
693	23	13	12.727	39.662	0	2	0	2.651	0.452	NA	0.337	NA	53.13	-126.87
694	23	14	13.063	39.662	0	2	9	2.988	0.213	NA	0.337	NA	0	-53.13
695	23	15	13.131	39.662	0	2	18	3.055	0.202	NA	0.067	NA	0	0
696	23	16	13.131	39.392	0	2	18	3.325	0.067	NA	0.269	NA	-90	-90
697	23	17	13.467	39.392	0	2	83	3.661	0.343	NA	0.337	NA	0	90
698	23	18	13.333	39.392	0	2	27	3.796	0.213	NA	0.135	NA	180	180
699	23	19	13.131	39.392	0	2	37	3.998	0.067	NA	0.202	NA	180	0
700	23	20	13.063	39.46	0	2	65	4.093	0.067	NA	0.095	NA	135	-45
701	23	21	13.198	39.594	0	2	37	4.284	0.151	NA	0.19	NA	45	-90
702	23	22	13.131	39.594	0	2	0	4.351	0.135	NA	0.067	NA	180	135
703	23	23	13.063	39.594	0	2	27	4.418	0.151	NA	0.067	NA	180	0
704	23	24	13.131	39.594	0	2	46	4.486	0.135	NA	0.067	NA	0	-180
705	23	25	12.929	39.594	0	2	9	4.688	0.243	NA	0.202	NA	180	180
706	23	26	12.929	39.594	0	2	18	4.688	0.243	NA	0	NA	0	-180
707	23	27	12.727	39.46	0	2	27	4.93	0.404	NA	0.243	NA	-146.31	-146.31
708	23	28	12.929	39.392	0	2	18	5.143	0.213	NA	0.213	NA	-18.435	127.875
709	23	29	13.063	39.392	0	2	9	5.278	0.095	NA	0.135	NA	0	18.435
710	23	30	13.265	38.988	0	2	18	5.73	0.49	NA	0.452	NA	-63.435	-63.435
711	23	31	13.131	38.854	0	2	18	5.92	0.606	NA	0.19	NA	-135	-71.565
712	23	32	13.602	38.786	0	2	18	6.396	0.822	NA	0.476	NA	-8.13	126.87
713	23	33	13.871	38.584	0	2	37	6.733	1.147	NA	0.337	NA	-36.87	-28.74
714	23	34	13.467	38.382	0	2	9	7.185	1.129	NA	0.452	NA	-153.435	-116.565
715	23	35	13.333	38.382	0	2	46	7.319	1.096	NA	0.135	NA	180	-26.565
716	23	36	13.333	38.584	0	2	27	7.521	0.898	NA	0.202	NA	90	-90
717	23	37	13.467	38.517	0	2	9	7.672	1.001	NA	0.151	NA	-26.565	-116.565
718	23	38	13.669	38.382	0	2	27	7.915	1.205	NA	0.243	NA	-33.69	-7.125
719	23	39	14.073	38.315	0	2	18	8.324	1.483	NA	0.41	NA	-9.462	24.228
720	23	40	14.41	38.18	0	2	55	8.687	1.809	NA	0.363	NA	-21.801	-12.339
721	24	1	23.972	42.288	0	2	18	0	0	NA	NA	NA	NA	NA
722	24	2	23.366	42.759	0	2	18	0.768	0.768	NA	0.768	NA	142.125	NA
723	24	3	23.433	42.827	0	2	0	0.863	0.762	NA	0.095	NA	45	-97.125
724	24	4	23.635	42.827	0	2	9	1.065	0.635	NA	0.202	NA	0	-45
725	24	5	24.039	42.624	0	2	18	1.517	0.343	NA	0.452	NA	-26.565	-26.565
726	24	6	24.039	42.624	0	2	0	1.517	0.343	NA	0	NA	0	26.565
727	24	7	25.184	42.018	0	2	9	2.812	1.242	NA	1.295	NA	-27.897	-27.897
728	24	8	25.656	41.547	0	2	0	3.479	1.839	NA	0.667	NA	-45	-17.103
729	25	1	10.572	38.584	0	2	9	0	0	NA	NA	NA	NA	NA
730	25	2	10.505	38.584	0	2	0	0.067	0.067	NA	0.067	NA	180	NA
731	25	3	10.639	38.248	0	2	18	0.43	0.343	NA	0.363	NA	-68.199	111.801
732	25	4	10.639	38.248	0	2	9	0.43	0.343	NA	0	NA	0	68.199
733	25	5	10.639	38.248	0	2	9	0.43	0.343	NA	0	NA	0	0
734	25	6	10.639	37.978	0	2	27	0.699	0.61	NA	0.269	NA	-90	-90
735	25	7	11.043	37.911	0	2	18	1.109	0.822	NA	0.41	NA	-9.462	80.538
736	25	8	10.841	37.709	0	2	37	1.395	0.916	NA	0.286	NA	-135	-125.538
737	25	9	11.178	37.844	0	2	9	1.757	0.957	NA	0.363	NA	21.801	156.801
738	25	10	11.245	38.046	0	2	9	1.97	0.862	NA	0.213	NA	71.565	49.764
