Nr	TID	PID	x [micron]	y [micron]	t [sec]	c [idx]	I [val]	Len [micron]	D2S [micron]	D2R [micron]	D2P [micron]	v [micron/sec]	? [deg]	?? [deg]
1	1	1	27.775	37.192	0	2	34	0	0	NA	NA	NA	NA	NA
2	1	2	28.518	37.109	0	2	23	0.748	0.748	NA	0.748	NA	-6.34	NA
3	1	3	28.849	37.192	0	2	0	1.089	1.074	NA	0.341	NA	14.036	20.376
4	1	4	28.849	37.274	0	2	11	1.171	1.077	NA	0.083	NA	90	75.964
5	1	5	28.849	37.357	0	2	0	1.254	1.086	NA	0.083	NA	90	0
6	1	6	29.262	37.44	0	2	11	1.675	1.507	NA	0.421	NA	11.31	-78.69
7	1	7	29.262	37.44	0	2	0	1.675	1.507	NA	0	NA	0	-11.31
8	1	8	28.766	37.274	0	2	0	2.197	0.995	NA	0.522	NA	-161.565	-161.565
9	1	9	27.197	37.026	0	2	23	3.786	0.601	NA	1.589	NA	-171.027	-9.462
10	1	10	25.132	36.366	0	2	0	5.954	2.769	NA	2.168	NA	-162.255	8.772
11	1	11	25.132	34.796	0	2	23	7.524	3.567	NA	1.569	NA	-90	72.255
12	1	12	25.297	34.961	0	2	23	7.758	3.334	NA	0.234	NA	45	135
13	1	13	25.214	35.209	0	2	23	8.019	3.238	NA	0.261	NA	108.435	63.435
14	1	14	25.132	35.209	0	2	11	8.101	3.304	NA	0.083	NA	180	71.565
15	1	15	25.132	35.044	0	2	23	8.267	3.406	NA	0.165	NA	-90	90
16	1	16	25.545	35.953	0	2	23	9.265	2.551	NA	0.998	NA	65.556	155.556
17	1	17	25.462	35.622	0	2	11	9.605	2.795	NA	0.341	NA	-104.036	-169.592
18	1	18	25.462	35.457	0	2	11	9.77	2.891	NA	0.165	NA	-90	14.036
19	1	19	25.627	35.374	0	2	0	9.955	2.813	NA	0.185	NA	-26.565	63.435
20	1	20	25.462	35.457	0	2	11	10.14	2.891	NA	0.185	NA	153.435	180
21	1	21	25.462	35.292	0	2	11	10.305	2.993	NA	0.165	NA	-90	116.565
22	1	22	25.462	35.044	0	2	11	10.553	3.156	NA	0.248	NA	-90	0
23	1	23	25.462	35.044	0	2	11	10.553	3.156	NA	0	NA	0	90
24	1	24	25.38	34.548	0	2	11	11.055	3.567	NA	0.502	NA	-99.462	-99.462
25	1	25	25.049	34.135	0	2	0	11.584	4.095	NA	0.529	NA	-128.66	-29.197
26	1	26	25.049	34.714	0	2	0	12.162	3.684	NA	0.578	NA	90	-141.34
27	1	27	25.049	34.796	0	2	23	12.245	3.629	NA	0.083	NA	90	0
28	1	28	25.545	35.209	0	2	23	12.89	2.984	NA	0.645	NA	39.806	-50.194
29	1	29	25.545	35.209	0	2	11	12.89	2.984	NA	0	NA	0	-39.806
30	1	30	25.38	35.374	0	2	11	13.124	3.007	NA	0.234	NA	135	135
31	1	31	25.132	35.374	0	2	23	13.372	3.208	NA	0.248	NA	180	45
32	1	32	25.38	35.374	0	2	11	13.619	3.007	NA	0.248	NA	0	-180
33	1	33	25.875	35.622	0	2	11	14.174	2.464	NA	0.554	NA	26.565	26.565
34	1	34	25.875	35.87	0	2	23	14.421	2.314	NA	0.248	NA	90	63.435
35	1	35	25.958	36.118	0	2	34	14.683	2.111	NA	0.261	NA	71.565	-18.435
36	1	36	25.958	36.118	0	2	11	14.683	2.111	NA	0	NA	0	-71.565
37	1	37	25.875	36.118	0	2	46	14.765	2.182	NA	0.083	NA	180	180
38	1	38	25.875	36.118	0	2	34	14.765	2.182	NA	0	NA	0	-180
39	1	39	26.123	35.787	0	2	0	15.178	2.168	NA	0.413	NA	-53.13	-53.13
40	1	40	26.04	36.118	0	2	0	15.519	2.04	NA	0.341	NA	104.036	157.166
41	1	41	25.875	35.87	0	2	11	15.817	2.314	NA	0.298	NA	-123.69	132.274
42	1	42	25.958	35.787	0	2	11	15.933	2.297	NA	0.117	NA	-45	78.69
43	1	43	26.04	35.953	0	2	23	16.118	2.132	NA	0.185	NA	63.435	108.435
44	1	44	26.04	36.2	0	2	11	16.366	1.998	NA	0.248	NA	90	26.565
45	1	45	25.627	35.622	0	2	0	17.077	2.66	NA	0.711	NA	-125.538	144.462
46	1	46	25.545	35.622	0	2	23	17.159	2.727	NA	0.083	NA	180	-54.462
47	1	47	25.627	35.292	0	2	0	17.5	2.867	NA	0.341	NA	-75.964	104.036
48	1	48	25.545	35.044	0	2	11	17.761	3.096	NA	0.261	NA	-108.435	-32.471
49	2	1	21.497	34.714	0	2	0	0	0	NA	NA	NA	NA	NA
50	2	2	21.415	33.475	0	2	11	1.242	1.242	NA	1.242	NA	-93.814	NA
51	2	3	21.58	33.392	0	2	0	1.426	1.324	NA	0.185	NA	-26.565	67.249
52	2	4	21.58	33.309	0	2	11	1.509	1.407	NA	0.083	NA	-90	-63.435
53	2	5	21.58	33.309	0	2	11	1.509	1.407	NA	0	NA	0	90
54	2	6	21.745	33.392	0	2	0	1.694	1.345	NA	0.185	NA	26.565	26.565
55	2	7	21.91	33.64	0	2	0	1.992	1.151	NA	0.298	NA	56.31	29.745
56	2	8	21.91	33.64	0	2	0	1.992	1.151	NA	0	NA	0	-56.31
57	2	9	22.075	33.475	0	2	11	2.225	1.367	NA	0.234	NA	-45	-45
58	2	10	22.158	33.227	0	2	11	2.486	1.627	NA	0.261	NA	-71.565	-26.565
59	2	11	21.745	33.805	0	2	0	3.197	0.942	NA	0.711	NA	125.538	-162.897
60	2	12	21.91	33.805	0	2	23	3.362	0.998	NA	0.165	NA	0	-125.538
61	2	13	22.241	33.888	0	2	0	3.703	1.111	NA	0.341	NA	14.036	14.036
62	2	14	21.91	33.805	0	2	0	4.043	0.998	NA	0.341	NA	-165.964	-180
63	2	15	22.075	33.722	0	2	0	4.228	1.148	NA	0.185	NA	-26.565	139.399
64	2	16	21.993	33.392	0	2	0	4.569	1.412	NA	0.341	NA	-104.036	-77.471
65	2	17	21.58	33.722	0	2	0	5.098	0.995	NA	0.529	NA	141.34	-114.624
66	2	18	21.993	33.888	0	2	0	5.542	0.963	NA	0.445	NA	21.801	-119.539
67	2	19	21.58	33.888	0	2	11	5.955	0.83	NA	0.413	NA	180	158.199
68	2	20	22.241	34.135	0	2	0	6.661	0.942	NA	0.706	NA	20.556	-159.444
69	2	21	21.993	33.475	0	2	23	7.367	1.334	NA	0.706	NA	-110.556	-131.112
70	2	22	22.075	34.301	0	2	0	8.197	0.711	NA	0.83	NA	84.289	-165.155
71	2	23	21.828	34.631	0	2	0	8.61	0.341	NA	0.413	NA	126.87	42.58
72	2	24	21.91	34.631	0	2	0	8.693	0.421	NA	0.083	NA	0	-126.87
73	2	25	22.075	34.383	0	2	0	8.991	0.666	NA	0.298	NA	-56.31	-56.31
74	3	1	22.241	31.905	0	2	11	0	0	NA	NA	NA	NA	NA
75	3	2	22.241	31.905	0	2	23	0	0	NA	0	NA	0	NA
76	3	3	22.323	31.988	0	2	11	0.117	0.117	NA	0.117	NA	45	45
77	3	4	22.323	31.988	0	2	11	0.117	0.117	NA	0	NA	0	-45
78	3	5	22.323	32.07	0	2	11	0.199	0.185	NA	0.083	NA	90	90
79	3	6	22.323	32.07	0	2	11	0.199	0.185	NA	0	NA	0	-90
80	3	7	22.406	32.236	0	2	11	0.384	0.369	NA	0.185	NA	63.435	63.435
81	3	8	22.406	32.401	0	2	0	0.549	0.522	NA	0.165	NA	90	26.565
82	3	9	21.91	31.905	0	2	69	1.25	0.33	NA	0.701	NA	-135	135
83	3	10	22.158	31.988	0	2	46	1.511	0.117	NA	0.261	NA	18.435	153.435
84	3	11	22.241	32.236	0	2	0	1.773	0.33	NA	0.261	NA	71.565	53.13
85	3	12	22.241	32.236	0	2	0	1.773	0.33	NA	0	NA	0	-71.565
86	3	13	22.241	32.401	0	2	11	1.938	0.496	NA	0.165	NA	90	90
87	3	14	22.323	32.649	0	2	11	2.199	0.748	NA	0.261	NA	71.565	-18.435
88	3	15	22.323	32.236	0	2	0	2.612	0.341	NA	0.413	NA	-90	-161.565
89	3	16	22.406	32.649	0	2	0	3.033	0.762	NA	0.421	NA	78.69	168.69
90	3	17	22.406	32.731	0	2	0	3.116	0.842	NA	0.083	NA	90	11.31
91	3	18	22.488	32.318	0	2	104	3.537	0.482	NA	0.421	NA	-78.69	-168.69
92	3	19	22.654	32.401	0	2	11	3.722	0.645	NA	0.185	NA	26.565	105.255
93	3	20	22.571	32.401	0	2	0	3.804	0.596	NA	0.083	NA	180	153.435
94	3	21	22.406	32.483	0	2	0	3.989	0.601	NA	0.185	NA	153.435	-26.565
95	3	22	22.406	32.483	0	2	11	3.989	0.601	NA	0	NA	0	-153.435
96	3	23	22.323	32.153	0	2	11	4.33	0.261	NA	0.341	NA	-104.036	-104.036
97	3	24	22.488	32.318	0	2	11	4.563	0.482	NA	0.234	NA	45	149.036
98	3	25	22.654	32.483	0	2	11	4.797	0.711	NA	0.234	NA	45	0
99	3	26	22.406	32.483	0	2	0	5.045	0.601	NA	0.248	NA	180	135
100	3	27	22.571	32.401	0	2	46	5.229	0.596	NA	0.185	NA	-26.565	153.435
101	3	28	22.571	32.318	0	2	0	5.312	0.529	NA	0.083	NA	-90	-63.435
102	3	29	22.571	32.318	0	2	0	5.312	0.529	NA	0	NA	0	90
103	3	30	22.571	32.318	0	2	11	5.312	0.529	NA	0	NA	0	0
104	3	31	22.241	32.483	0	2	34	5.681	0.578	NA	0.369	NA	153.435	153.435
105	3	32	22.241	32.731	0	2	0	5.929	0.826	NA	0.248	NA	90	-63.435
106	3	33	22.488	32.153	0	2	69	6.558	0.35	NA	0.629	NA	-66.801	-156.801
107	3	34	22.406	32.401	0	2	46	6.82	0.522	NA	0.261	NA	108.435	175.236
108	3	35	22.323	32.236	0	2	46	7.004	0.341	NA	0.185	NA	-116.565	135
109	3	36	22.323	32.236	0	2	58	7.004	0.341	NA	0	NA	0	116.565
110	3	37	22.241	31.988	0	2	81	7.265	0.083	NA	0.261	NA	-108.435	-108.435
111	3	38	22.158	31.74	0	2	255	7.527	0.185	NA	0.261	NA	-108.435	0
112	3	39	21.993	30.666	0	2	46	8.613	1.264	NA	1.086	NA	-98.746	9.689
113	3	40	21.415	30.005	0	2	34	9.491	2.072	NA	0.878	NA	-131.186	-32.44
114	3	41	21.002	29.344	0	2	11	10.27	2.845	NA	0.779	NA	-122.005	9.181
115	3	42	20.836	29.179	0	2	0	10.504	3.066	NA	0.234	NA	-135	-12.995
116	3	43	20.919	28.849	0	2	104	10.845	3.33	NA	0.341	NA	-75.964	59.036
117	3	44	21.497	30.584	0	2	11	12.673	1.516	NA	1.828	NA	71.565	147.529
118	3	45	22.241	32.566	0	2	0	14.79	0.661	NA	2.117	NA	69.444	-2.121
119	3	46	23.645	34.961	0	2	0	17.567	3.363	NA	2.777	NA	59.621	-9.823
120	3	47	24.223	37.357	0	2	34	20.031	5.801	NA	2.464	NA	76.43	16.809
121	3	48	25.958	39.835	0	2	23	23.056	8.758	NA	3.025	NA	55.008	-21.422
122	4	1	19.68	30.749	0	2	0	0	0	NA	NA	NA	NA	NA
123	4	2	20.176	30.831	0	2	34	0.502	0.502	NA	0.502	NA	9.462	NA
124	4	3	20.176	30.831	0	2	11	0.502	0.502	NA	0	NA	0	-9.462
125	4	4	20.093	30.914	0	2	0	0.619	0.445	NA	0.117	NA	135	135
126	4	5	20.671	31.657	0	2	104	1.561	1.345	NA	0.942	NA	52.125	-82.875
127	4	6	20.093	30.831	0	2	11	2.569	0.421	NA	1.008	NA	-124.992	-177.117
128	4	7	20.176	30.584	0	2	11	2.831	0.522	NA	0.261	NA	-71.565	53.427
129	4	8	20.341	31.327	0	2	34	3.592	0.878	NA	0.762	NA	77.471	149.036
130	4	9	20.01	30.584	0	2	34	4.406	0.369	NA	0.814	NA	-113.962	168.566
131	4	10	20.423	31.079	0	2	11	5.051	0.814	NA	0.645	NA	50.194	164.157
132	4	11	20.671	31.657	0	2	11	5.68	1.345	NA	0.629	NA	66.801	16.607
133	4	12	21.332	32.153	0	2	0	6.506	2.168	NA	0.826	NA	36.87	-29.932
134	5	1	20.093	28.023	0	2	23	0	0	NA	NA	NA	NA	NA
135	5	2	20.176	28.023	0	2	0	0.083	0.083	NA	0.083	NA	0	NA
136	5	3	20.258	28.188	0	2	0	0.267	0.234	NA	0.185	NA	63.435	63.435
137	5	4	19.845	28.188	0	2	46	0.68	0.298	NA	0.413	NA	180	116.565
138	5	5	20.341	28.684	0	2	46	1.381	0.706	NA	0.701	NA	45	-135
139	5	6	20.506	28.931	0	2	0	1.679	0.998	NA	0.298	NA	56.31	11.31
140	5	7	20.589	29.344	0	2	11	2.1	1.412	NA	0.421	NA	78.69	22.38
141	5	8	20.836	29.51	0	2	0	2.398	1.662	NA	0.298	NA	33.69	-45
142	5	9	21.084	30.005	0	2	58	2.952	2.216	NA	0.554	NA	63.435	29.745
143	5	10	21.084	29.923	0	2	23	3.035	2.143	NA	0.083	NA	-90	-153.435
144	5	11	20.836	29.427	0	2	0	3.589	1.589	NA	0.554	NA	-116.565	-26.565
145	5	12	20.836	29.427	0	2	11	3.589	1.589	NA	0	NA	0	116.565
146	5	13	20.836	29.427	0	2	0	3.589	1.589	NA	0	NA	0	0
147	5	14	20.836	29.427	0	2	0	3.589	1.589	NA	0	NA	0	0
148	5	15	20.919	29.84	0	2	23	4.01	1.996	NA	0.421	NA	78.69	78.69
149	5	16	21.084	30.501	0	2	174	4.691	2.669	NA	0.681	NA	75.964	-2.726
150	5	17	21.167	30.749	0	2	128	4.952	2.93	NA	0.261	NA	71.565	-4.399
151	5	18	21.167	30.005	0	2	23	5.696	2.255	NA	0.743	NA	-90	-161.565
152	5	19	21.497	30.418	0	2	0	6.225	2.777	NA	0.529	NA	51.34	141.34
153	5	20	21.332	30.501	0	2	34	6.409	2.771	NA	0.185	NA	153.435	102.095
154	5	21	21.167	30.253	0	2	221	6.707	2.475	NA	0.298	NA	-123.69	82.875
155	5	22	21.249	30.171	0	2	69	6.824	2.439	NA	0.117	NA	-45	78.69
156	5	23	21.332	30.501	0	2	23	7.165	2.771	NA	0.341	NA	75.964	120.964
157	5	24	21.415	30.253	0	2	0	7.426	2.592	NA	0.261	NA	-71.565	-147.529
158	5	25	21.497	30.336	0	2	11	7.543	2.706	NA	0.117	NA	45	116.565
159	6	1	20.176	30.418	0	2	23	0	0	NA	NA	NA	NA	NA
160	6	2	19.597	29.757	0	2	0	0.878	0.878	NA	0.878	NA	-131.186	NA
161	6	3	19.928	29.757	0	2	11	1.208	0.706	NA	0.33	NA	0	131.186
162	6	4	20.341	29.344	0	2	0	1.793	1.086	NA	0.584	NA	-45	-45
163	6	5	20.176	29.014	0	2	46	2.162	1.404	NA	0.369	NA	-116.565	-71.565
164	6	6	20.506	29.179	0	2	34	2.531	1.282	NA	0.369	NA	26.565	143.13
165	6	7	20.671	29.097	0	2	0	2.716	1.412	NA	0.185	NA	-26.565	-53.13
166	6	8	21.497	29.51	0	2	46	3.64	1.604	NA	0.924	NA	26.565	53.13
167	7	1	20.01	33.805	0	2	11	0	0	NA	NA	NA	NA	NA
168	7	2	17.78	31.244	0	2	11	3.396	3.396	NA	3.396	NA	-131.055	NA
169	7	3	17.45	29.51	0	2	0	5.162	5.001	NA	1.766	NA	-100.784	30.271
170	7	4	16.624	28.601	0	2	0	6.39	6.209	NA	1.228	NA	-132.274	-31.489
171	8	1	20.919	26.619	0	2	11	0	0	NA	NA	NA	NA	NA
172	8	2	20.836	26.866	0	2	0	0.261	0.261	NA	0.261	NA	108.435	NA
173	8	3	21.249	27.197	0	2	0	0.79	0.666	NA	0.529	NA	38.66	-69.775
174	8	4	21.167	27.94	0	2	0	1.538	1.345	NA	0.748	NA	96.34	57.68
175	8	5	21.828	27.94	0	2	0	2.199	1.604	NA	0.661	NA	0	-96.34
176	8	6	21.497	28.271	0	2	0	2.666	1.75	NA	0.467	NA	135	135
177	8	7	21.662	28.271	0	2	0	2.831	1.812	NA	0.165	NA	0	-135
178	8	8	21.497	28.518	0	2	11	3.129	1.986	NA	0.298	NA	123.69	123.69
179	8	9	21.497	28.518	0	2	11	3.129	1.986	NA	0	NA	0	-123.69
180	8	10	21.993	28.271	0	2	0	3.683	1.97	NA	0.554	NA	-26.565	-26.565
181	8	11	22.158	28.271	0	2	11	3.849	2.065	NA	0.165	NA	0	26.565
182	8	12	21.993	28.518	0	2	0	4.146	2.182	NA	0.298	NA	123.69	123.69
183	8	13	21.497	28.518	0	2	0	4.642	1.986	NA	0.496	NA	180	56.31
184	8	14	21.745	28.766	0	2	11	4.992	2.301	NA	0.35	NA	45	-135
185	8	15	21.91	28.684	0	2	0	5.177	2.291	NA	0.185	NA	-26.565	-71.565
186	8	16	21.91	29.675	0	2	46	6.168	3.213	NA	0.991	NA	90	116.565
187	9	1	25.958	39.257	0	2	0	0	0	NA	NA	NA	NA	NA
188	9	2	26.04	38.596	0	2	11	0.666	0.666	NA	0.666	NA	-82.875	NA
189	9	3	25.793	37.687	0	2	34	1.608	1.578	NA	0.942	NA	-105.255	-22.38
190	9	4	26.206	38.183	0	2	23	2.253	1.102	NA	0.645	NA	50.194	155.45
191	9	5	25.627	38.266	0	2	46	2.837	1.045	NA	0.584	NA	171.87	121.675
192	9	6	25.875	37.935	0	2	46	3.25	1.324	NA	0.413	NA	-53.13	135
193	9	7	25.875	38.1	0	2	11	3.415	1.159	NA	0.165	NA	90	143.13
194	9	8	25.875	38.018	0	2	0	3.498	1.242	NA	0.083	NA	-90	-180
195	9	9	25.875	36.944	0	2	23	4.572	2.314	NA	1.074	NA	-90	0
196	9	10	25.793	37.109	0	2	58	4.756	2.154	NA	0.185	NA	116.565	-153.435
197	9	11	25.875	37.109	0	2	69	4.839	2.149	NA	0.083	NA	0	-116.565
198	9	12	25.132	36.696	0	2	46	5.689	2.691	NA	0.85	NA	-150.945	-150.945
199	9	13	25.627	36.861	0	2	11	6.212	2.418	NA	0.522	NA	18.435	169.38
200	9	14	25.875	36.861	0	2	46	6.46	2.397	NA	0.248	NA	0	-18.435
201	9	15	25.958	37.274	0	2	58	6.881	1.982	NA	0.421	NA	78.69	78.69
202	9	16	26.536	37.605	0	2	11	7.547	1.75	NA	0.666	NA	29.745	-48.945
203	9	17	26.371	37.605	0	2	23	7.712	1.703	NA	0.165	NA	180	150.255
204	9	18	26.619	38.1	0	2	0	8.266	1.332	NA	0.554	NA	63.435	-116.565
205	9	19	26.619	38.1	0	2	23	8.266	1.332	NA	0	NA	0	-63.435
206	9	20	26.701	37.935	0	2	23	8.451	1.516	NA	0.185	NA	-63.435	-63.435
207	9	21	26.866	38.1	0	2	11	8.684	1.471	NA	0.234	NA	45	108.435
208	9	22	26.536	38.183	0	2	23	9.025	1.22	NA	0.341	NA	165.964	120.964
209	9	23	26.701	38.513	0	2	0	9.394	1.051	NA	0.369	NA	63.435	-102.529
210	9	24	25.793	37.77	0	2	11	10.568	1.496	NA	1.174	NA	-140.711	155.854
211	9	25	25.462	37.192	0	2	0	11.234	2.124	NA	0.666	NA	-119.745	20.966
212	10	1	29.675	41.57	0	2	0	0	0	NA	NA	NA	NA	NA
213	10	2	29.84	41.652	0	2	11	0.185	0.185	NA	0.185	NA	26.565	NA
214	10	3	29.427	41.735	0	2	11	0.606	0.298	NA	0.421	NA	168.69	142.125
215	10	4	29.675	41.735	0	2	0	0.854	0.165	NA	0.248	NA	0	-168.69
216	10	5	29.675	41.9	0	2	0	1.019	0.33	NA	0.165	NA	90	90
217	10	6	29.84	41.9	0	2	0	1.184	0.369	NA	0.165	NA	0	-90
218	10	7	29.427	41.817	0	2	0	1.605	0.35	NA	0.421	NA	-168.69	-168.69
219	10	8	29.262	41.652	0	2	0	1.839	0.421	NA	0.234	NA	-135	33.69
220	10	9	29.757	41.652	0	2	11	2.335	0.117	NA	0.496	NA	0	135
221	10	10	29.51	41.652	0	2	11	2.582	0.185	NA	0.248	NA	180	180
222	10	11	28.684	41.322	0	2	0	3.472	1.022	NA	0.89	NA	-158.199	21.801
223	10	12	28.849	41.404	0	2	0	3.657	0.842	NA	0.185	NA	26.565	-175.236
224	10	13	28.684	41.487	0	2	0	3.841	0.995	NA	0.185	NA	153.435	126.87
225	10	14	28.601	41.157	0	2	0	4.182	1.151	NA	0.341	NA	-104.036	102.529
226	10	15	29.014	41.157	0	2	11	4.595	0.779	NA	0.413	NA	0	104.036
227	10	16	29.014	41.487	0	2	0	4.925	0.666	NA	0.33	NA	90	90
228	10	17	29.097	41.652	0	2	0	5.11	0.584	NA	0.185	NA	63.435	-26.565
229	10	18	29.097	41.652	0	2	0	5.11	0.584	NA	0	NA	0	-63.435
230	10	19	29.675	42.23	0	2	11	5.928	0.661	NA	0.818	NA	45	45
231	10	20	29.262	41.9	0	2	11	6.457	0.529	NA	0.529	NA	-141.34	173.66
232	10	21	29.923	41.983	0	2	0	7.123	0.482	NA	0.666	NA	7.125	148.465
233	10	22	29.097	41.9	0	2	0	7.953	0.666	NA	0.83	NA	-174.289	178.586
234	10	23	28.518	41.652	0	2	0	8.582	1.159	NA	0.629	NA	-156.801	17.488
235	10	24	28.518	41.652	0	2	11	8.582	1.159	NA	0	NA	0	156.801
236	10	25	28.023	41.404	0	2	11	9.136	1.66	NA	0.554	NA	-153.435	-153.435
237	10	26	28.436	41.57	0	2	0	9.581	1.239	NA	0.445	NA	21.801	175.236
238	10	27	28.766	41.9	0	2	11	10.048	0.967	NA	0.467	NA	45	23.199
239	10	28	29.014	41.404	0	2	0	10.602	0.681	NA	0.554	NA	-63.435	-108.435
240	10	29	28.436	41.404	0	2	0	11.18	1.25	NA	0.578	NA	180	-116.565
241	10	30	28.105	41.404	0	2	11	11.511	1.578	NA	0.33	NA	180	0
242	10	31	27.94	41.157	0	2	11	11.809	1.783	NA	0.298	NA	-123.69	56.31
243	10	32	28.105	41.157	0	2	0	11.974	1.623	NA	0.165	NA	0	123.69
244	10	33	28.105	41.239	0	2	11	12.057	1.604	NA	0.083	NA	90	90
245	10	34	27.692	41.157	0	2	0	12.478	2.025	NA	0.421	NA	-168.69	101.31
246	10	35	27.527	40.991	0	2	0	12.711	2.224	NA	0.234	NA	-135	33.69
247	10	36	27.362	41.404	0	2	0	13.156	2.319	NA	0.445	NA	111.801	-113.199
248	10	37	28.023	41.239	0	2	0	13.837	1.685	NA	0.681	NA	-14.036	-125.838
249	10	38	28.436	41.239	0	2	11	14.25	1.282	NA	0.413	NA	0	14.036
250	11	1	22.654	36.2	0	2	11	0	0	NA	NA	NA	NA	NA
251	11	2	23.315	36.779	0	2	11	0.878	0.878	NA	0.878	NA	41.186	NA
252	11	3	23.728	37.357	0	2	11	1.589	1.578	NA	0.711	NA	54.462	13.276
253	11	4	23.645	37.687	0	2	0	1.929	1.787	NA	0.341	NA	104.036	49.574
254	11	5	23.728	37.935	0	2	0	2.19	2.04	NA	0.261	NA	71.565	-32.471
255	11	6	24.636	38.431	0	2	0	3.225	2.984	NA	1.035	NA	28.61	-42.955
256	11	7	26.619	40.165	0	2	0	5.86	5.607	NA	2.634	NA	41.186	12.575
257	11	8	27.527	40.826	0	2	0	6.983	6.719	NA	1.124	NA	36.027	-5.159
258	11	9	27.197	40.496	0	2	0	7.45	6.252	NA	0.467	NA	-135	-171.027
259	11	10	26.866	40.331	0	2	11	7.82	5.9	NA	0.369	NA	-153.435	-18.435
260	11	11	27.94	41.239	0	2	0	9.227	7.303	NA	1.407	NA	40.236	-166.329
261	11	12	27.858	41.404	0	2	0	9.411	7.359	NA	0.185	NA	116.565	76.329
262	11	13	27.692	41.322	0	2	0	9.596	7.185	NA	0.185	NA	-153.435	90
263	11	14	27.692	41.239	0	2	0	9.679	7.126	NA	0.083	NA	-90	63.435
264	11	15	27.279	40.909	0	2	0	10.207	6.6	NA	0.529	NA	-141.34	-51.34
265	11	16	27.114	40.991	0	2	0	10.392	6.546	NA	0.185	NA	153.435	-65.225
266	11	17	27.362	40.991	0	2	0	10.64	6.717	NA	0.248	NA	0	-153.435
267	12	1	28.849	38.018	0	2	0	0	0	NA	NA	NA	NA	NA
268	12	2	29.592	39.587	0	2	81	1.737	1.737	NA	1.737	NA	64.654	NA
269	12	3	30.005	40.331	0	2	58	2.587	2.586	NA	0.85	NA	60.945	-3.708
270	12	4	30.088	40.909	0	2	11	3.171	3.145	NA	0.584	NA	81.87	20.925
271	12	5	30.005	40.826	0	2	23	3.288	3.037	NA	0.117	NA	-135	143.13
272	12	6	30.171	40.578	0	2	139	3.586	2.882	NA	0.298	NA	-56.31	78.69
273	12	7	30.171	40.661	0	2	128	3.668	2.955	NA	0.083	NA	90	146.31
274	13	1	25.462	33.722	0	2	11	0	0	NA	NA	NA	NA	NA
275	13	2	24.967	32.318	0	2	0	1.489	1.489	NA	1.489	NA	-109.44	NA
276	13	3	25.049	32.07	0	2	0	1.75	1.703	NA	0.261	NA	-71.565	37.875
277	13	4	24.554	31.492	0	2	0	2.512	2.408	NA	0.762	NA	-130.601	-59.036
278	13	5	24.471	31.575	0	2	0	2.629	2.365	NA	0.117	NA	135	-94.399
279	14	1	16.789	23.067	0	2	11	0	0	NA	NA	NA	NA	NA
280	14	2	16.872	22.736	0	2	0	0.341	0.341	NA	0.341	NA	-75.964	NA
281	14	3	16.624	22.736	0	2	0	0.588	0.369	NA	0.248	NA	180	-104.036
282	14	4	16.706	22.736	0	2	0	0.671	0.341	NA	0.083	NA	0	-180
283	14	5	16.541	22.736	0	2	0	0.836	0.413	NA	0.165	NA	180	180
284	14	6	16.541	22.736	0	2	11	0.836	0.413	NA	0	NA	0	-180
285	14	7	16.459	22.736	0	2	0	0.919	0.467	NA	0.083	NA	180	180
286	14	8	16.293	23.397	0	2	11	1.6	0.596	NA	0.681	NA	104.036	-75.964
287	14	9	16.706	23.48	0	2	0	2.021	0.421	NA	0.421	NA	11.31	-92.726
288	14	10	16.789	23.149	0	2	23	2.362	0.083	NA	0.341	NA	-75.964	-87.274
289	14	11	16.789	23.149	0	2	0	2.362	0.083	NA	0	NA	0	75.964
290	14	12	16.706	23.067	0	2	0	2.479	0.083	NA	0.117	NA	-135	-135
291	14	13	16.706	23.067	0	2	0	2.479	0.083	NA	0	NA	0	135
292	14	14	16.706	22.488	0	2	23	3.057	0.584	NA	0.578	NA	-90	-90
293	14	15	16.624	22.984	0	2	0	3.559	0.185	NA	0.502	NA	99.462	-170.538
294	14	16	16.624	22.654	0	2	0	3.89	0.445	NA	0.33	NA	-90	170.538
295	14	17	16.624	22.571	0	2	11	3.972	0.522	NA	0.083	NA	-90	0
296	14	18	16.459	22.654	0	2	0	4.157	0.529	NA	0.185	NA	153.435	-116.565
297	14	19	16.789	22.819	0	2	34	4.526	0.248	NA	0.369	NA	26.565	-126.87
298	14	20	16.789	22.819	0	2	23	4.526	0.248	NA	0	NA	0	-26.565
299	14	21	17.45	23.397	0	2	0	5.404	0.739	NA	0.878	NA	41.186	41.186
300	14	22	17.945	24.471	0	2	11	6.587	1.819	NA	1.183	NA	65.225	24.039
301	14	23	18.524	24.388	0	2	23	7.171	2.181	NA	0.584	NA	-8.13	-73.355
302	14	24	18.111	24.388	0	2	0	7.584	1.869	NA	0.413	NA	180	-171.87
303	14	25	18.276	24.223	0	2	23	7.818	1.884	NA	0.234	NA	-45	135
304	14	26	17.863	24.388	0	2	0	8.263	1.703	NA	0.445	NA	158.199	-156.801
305	14	27	18.193	24.554	0	2	0	8.632	2.045	NA	0.369	NA	26.565	-131.634
306	14	28	18.111	24.223	0	2	0	8.973	1.756	NA	0.341	NA	-104.036	-130.601
307	14	29	18.358	24.554	0	2	11	9.386	2.162	NA	0.413	NA	53.13	157.166
308	14	30	18.276	24.719	0	2	23	9.57	2.223	NA	0.185	NA	116.565	63.435
309	14	31	18.111	24.801	0	2	0	9.755	2.181	NA	0.185	NA	153.435	36.87
310	14	32	18.276	24.884	0	2	23	9.94	2.348	NA	0.185	NA	26.565	-126.87
311	14	33	18.276	24.306	0	2	34	10.518	1.935	NA	0.578	NA	-90	-116.565
312	14	34	17.945	24.636	0	2	23	10.985	1.949	NA	0.467	NA	135	-135
313	14	35	17.945	24.471	0	2	0	11.15	1.819	NA	0.165	NA	-90	135
314	15	1	16.541	21.993	0	2	0	0	0	NA	NA	NA	NA	NA
315	15	2	16.624	21.993	0	2	11	0.083	0.083	NA	0.083	NA	0	NA
316	15	3	16.872	22.158	0	2	23	0.38	0.369	NA	0.298	NA	33.69	33.69
317	15	4	16.789	22.241	0	2	0	0.497	0.35	NA	0.117	NA	135	101.31
318	15	5	16.211	21.993	0	2	0	1.126	0.33	NA	0.629	NA	-156.801	68.199
319	15	6	17.037	22.241	0	2	11	1.989	0.554	NA	0.862	NA	16.699	173.501
320	15	7	16.541	22.241	0	2	0	2.484	0.248	NA	0.496	NA	180	163.301
321	15	8	16.541	22.406	0	2	0	2.65	0.413	NA	0.165	NA	90	-90
322	15	9	16.541	22.488	0	2	11	2.732	0.496	NA	0.083	NA	90	0
323	15	10	16.954	22.488	0	2	0	3.145	0.645	NA	0.413	NA	0	-90
324	15	11	16.789	22.984	0	2	23	3.668	1.022	NA	0.522	NA	108.435	108.435
325	15	12	17.119	22.901	0	2	11	4.008	1.077	NA	0.341	NA	-14.036	-122.471
326	15	13	16.789	22.901	0	2	0	4.339	0.942	NA	0.33	NA	180	-165.964
327	15	14	16.706	23.232	0	2	0	4.679	1.25	NA	0.341	NA	104.036	-75.964
328	15	15	16.706	23.232	0	2	0	4.679	1.25	NA	0	NA	0	-104.036
329	15	16	16.376	23.149	0	2	11	5.02	1.168	NA	0.341	NA	-165.964	-165.964
330	15	17	16.459	22.901	0	2	11	5.281	0.912	NA	0.261	NA	-71.565	94.399
331	15	18	16.624	22.901	0	2	11	5.446	0.912	NA	0.165	NA	0	71.565
332	15	19	16.954	23.067	0	2	11	5.816	1.151	NA	0.369	NA	26.565	26.565
333	15	20	17.202	23.397	0	2	11	6.229	1.552	NA	0.413	NA	53.13	26.565
334	15	21	16.954	24.058	0	2	0	6.934	2.106	NA	0.706	NA	110.556	57.426
335	16	1	16.954	23.48	0	2	0	0	0	NA	NA	NA	NA	NA
336	16	2	16.872	24.058	0	2	0	0.584	0.584	NA	0.584	NA	98.13	NA
337	16	3	17.285	24.223	0	2	0	1.029	0.814	NA	0.445	NA	21.801	-76.329
338	16	4	17.532	24.306	0	2	23	1.29	1.008	NA	0.261	NA	18.435	-3.366
339	16	5	17.037	23.728	0	2	0	2.052	0.261	NA	0.762	NA	-130.601	-149.036
340	16	6	17.285	24.306	0	2	11	2.681	0.89	NA	0.629	NA	66.801	-162.597
341	16	7	17.285	24.141	0	2	23	2.846	0.739	NA	0.165	NA	-90	-156.801
342	16	8	17.285	24.141	0	2	11	2.846	0.739	NA	0	NA	0	90
343	16	9	17.285	24.141	0	2	34	2.846	0.739	NA	0	NA	0	0
344	16	10	17.037	24.141	0	2	11	3.094	0.666	NA	0.248	NA	180	180
345	16	11	17.037	24.141	0	2	0	3.094	0.666	NA	0	NA	0	-180
346	16	12	17.285	24.141	0	2	0	3.342	0.739	NA	0.248	NA	0	0
347	16	13	17.119	24.141	0	2	0	3.507	0.681	NA	0.165	NA	180	180
348	16	14	16.789	24.141	0	2	11	3.837	0.681	NA	0.33	NA	180	0
349	17	1	17.863	23.315	0	2	34	0	0	NA	NA	NA	NA	NA
350	17	2	17.863	24.058	0	2	23	0.743	0.743	NA	0.743	NA	90	NA
351	17	3	18.111	24.801	0	2	0	1.527	1.507	NA	0.784	NA	71.565	-18.435
352	17	4	18.854	25.627	0	2	11	2.638	2.516	NA	1.111	NA	48.013	-23.552
353	17	5	19.102	26.206	0	2	11	3.267	3.145	NA	0.629	NA	66.801	18.789
354	17	6	19.432	26.288	0	2	11	3.608	3.362	NA	0.341	NA	14.036	-52.765
355	17	7	19.102	26.206	0	2	11	3.949	3.145	NA	0.341	NA	-165.964	-180
356	17	8	19.184	26.123	0	2	34	4.065	3.104	NA	0.117	NA	-45	120.964
357	17	9	18.937	26.04	0	2	23	4.327	2.93	NA	0.261	NA	-161.565	-116.565
358	17	10	18.937	26.04	0	2	11	4.327	2.93	NA	0	NA	0	161.565
359	17	11	18.937	25.793	0	2	34	4.574	2.701	NA	0.248	NA	-90	-90
360	17	12	19.019	26.123	0	2	0	4.915	3.037	NA	0.341	NA	75.964	165.964
361	17	13	19.35	26.701	0	2	11	5.581	3.699	NA	0.666	NA	60.255	-15.709
362	17	14	20.258	28.849	0	2	23	7.913	6.031	NA	2.332	NA	67.068	6.813
363	17	15	21.745	31.162	0	2	23	10.662	8.755	NA	2.75	NA	57.265	-9.803
364	17	16	21.828	31.327	0	2	34	10.847	8.94	NA	0.185	NA	63.435	6.17
365	17	17	21.415	30.584	0	2	11	11.698	8.09	NA	0.85	NA	-119.055	177.51
366	17	18	21.745	30.914	0	2	23	12.165	8.534	NA	0.467	NA	45	164.055
367	17	19	21.084	29.757	0	2	0	13.497	7.203	NA	1.332	NA	-119.745	-164.745
368	17	20	20.01	28.105	0	2	34	15.467	5.25	NA	1.97	NA	-123.024	-3.279
369	17	21	19.597	26.453	0	2	23	17.17	3.586	NA	1.703	NA	-104.036	18.988
370	17	22	19.35	26.04	0	2	23	17.652	3.105	NA	0.482	NA	-120.964	-16.928
371	17	23	19.019	25.793	0	2	11	18.065	2.735	NA	0.413	NA	-143.13	-22.166
372	17	24	19.267	25.875	0	2	34	18.326	2.92	NA	0.261	NA	18.435	161.565
373	17	25	18.937	25.462	0	2	0	18.855	2.401	NA	0.529	NA	-128.66	-147.095
374	17	26	18.689	25.38	0	2	0	19.116	2.224	NA	0.261	NA	-161.565	-32.905
375	17	27	18.524	24.967	0	2	23	19.561	1.779	NA	0.445	NA	-111.801	49.764
376	17	28	18.441	24.801	0	2	0	19.746	1.595	NA	0.185	NA	-116.565	-4.764
377	17	29	18.606	24.471	0	2	46	20.115	1.375	NA	0.369	NA	-63.435	53.13
378	18	1	24.306	31.492	0	2	58	0	0	NA	NA	NA	NA	NA
379	18	2	24.141	31.41	0	2	34	0.185	0.185	NA	0.185	NA	-153.435	NA
380	18	3	23.81	31.327	0	2	128	0.525	0.522	NA	0.341	NA	-165.964	-12.529
381	18	4	23.48	30.501	0	2	0	1.415	1.29	NA	0.89	NA	-111.801	54.162
382	18	5	23.48	30.831	0	2	46	1.745	1.058	NA	0.33	NA	90	-158.199
383	18	6	23.728	30.997	0	2	58	2.043	0.762	NA	0.298	NA	33.69	-56.31
384	18	7	24.471	31.657	0	2	23	3.038	0.234	NA	0.995	NA	41.634	7.943
385	18	8	24.801	31.905	0	2	0	3.451	0.645	NA	0.413	NA	36.87	-4.764
386	18	9	25.214	32.649	0	2	46	4.301	1.471	NA	0.85	NA	60.945	24.075
387	18	10	26.371	33.475	0	2	11	5.722	2.863	NA	1.421	NA	35.538	-25.408
388	18	11	26.536	33.888	0	2	11	6.167	3.273	NA	0.445	NA	68.199	32.661
389	18	12	26.701	34.301	0	2	0	6.612	3.691	NA	0.445	NA	68.199	0
390	18	13	27.114	34.135	0	2	0	7.057	3.857	NA	0.445	NA	-21.801	-90
391	18	14	26.784	34.714	0	2	0	7.723	4.064	NA	0.666	NA	119.745	141.546
392	18	15	26.784	34.714	0	2	0	7.723	4.064	NA	0	NA	0	-119.745
393	18	16	26.701	34.466	0	2	11	7.984	3.819	NA	0.261	NA	-108.435	-108.435
394	18	17	27.197	34.466	0	2	11	8.48	4.147	NA	0.496	NA	0	108.435
395	18	18	27.197	34.466	0	2	11	8.48	4.147	NA	0	NA	0	0
396	18	19	27.197	34.714	0	2	0	8.728	4.329	NA	0.248	NA	90	90
397	18	20	27.445	34.714	0	2	11	8.975	4.498	NA	0.248	NA	0	-90
398	18	21	27.197	34.714	0	2	23	9.223	4.329	NA	0.248	NA	180	180
399	18	22	27.197	34.714	0	2	11	9.223	4.329	NA	0	NA	0	-180
400	18	23	27.362	34.796	0	2	0	9.408	4.501	NA	0.185	NA	26.565	26.565
401	18	24	27.114	34.714	0	2	23	9.669	4.274	NA	0.261	NA	-161.565	171.87
402	18	25	27.775	35.292	0	2	23	10.547	5.145	NA	0.878	NA	41.186	-157.249
403	18	26	27.61	35.127	0	2	23	10.781	4.912	NA	0.234	NA	-135	-176.186
404	18	27	27.775	35.705	0	2	11	11.382	5.457	NA	0.601	NA	74.055	-150.945
405	18	28	27.858	35.622	0	2	0	11.499	5.447	NA	0.117	NA	-45	-119.055
406	18	29	27.775	35.622	0	2	11	11.582	5.394	NA	0.083	NA	180	-135
407	18	30	27.279	35.54	0	2	11	12.084	5.022	NA	0.502	NA	-170.538	9.462
408	18	31	27.279	35.54	0	2	0	12.084	5.022	NA	0	NA	0	170.538
409	18	32	28.023	35.54	0	2	0	12.827	5.495	NA	0.743	NA	0	0
410	18	33	27.94	36.283	0	2	11	13.575	6.014	NA	0.748	NA	96.34	96.34
411	18	34	28.188	36.366	0	2	0	13.837	6.231	NA	0.261	NA	18.435	-77.905
412	18	35	27.527	35.953	0	2	11	14.616	5.502	NA	0.779	NA	-147.995	-166.43
413	18	36	27.197	35.374	0	2	0	15.282	4.841	NA	0.666	NA	-119.745	28.25
414	18	37	26.866	34.714	0	2	23	16.021	4.115	NA	0.739	NA	-116.565	3.18
415	18	38	26.866	34.466	0	2	23	16.268	3.924	NA	0.248	NA	-90	26.565
416	18	39	26.784	34.466	0	2	0	16.351	3.871	NA	0.083	NA	180	-90
417	19	1	22.323	29.262	0	2	0	0	0	NA	NA	NA	NA	NA
418	19	2	22.323	29.262	0	2	0	0	0	NA	0	NA	0	NA
419	19	3	22.323	29.097	0	2	0	0.165	0.165	NA	0.165	NA	-90	-90
420	19	4	22.736	29.097	0	2	0	0.578	0.445	NA	0.413	NA	0	90
421	19	5	22.323	29.179	0	2	11	0.999	0.083	NA	0.421	NA	168.69	168.69
422	19	6	22.323	29.262	0	2	0	1.082	0	NA	0.083	NA	90	-78.69
423	19	7	22.736	29.51	0	2	0	1.564	0.482	NA	0.482	NA	30.964	-59.036
424	19	8	23.067	30.253	0	2	11	2.377	1.239	NA	0.814	NA	66.038	35.074
425	20	1	26.784	34.961	0	2	11	0	0	NA	NA	NA	NA	NA
426	20	2	27.032	35.209	0	2	11	0.35	0.35	NA	0.35	NA	45	NA
427	20	3	27.279	35.374	0	2	46	0.648	0.645	NA	0.298	NA	33.69	-11.31
428	20	4	27.279	35.374	0	2	34	0.648	0.645	NA	0	NA	0	-33.69
429	20	5	27.279	35.705	0	2	23	0.979	0.893	NA	0.33	NA	90	90
430	20	6	27.279	35.705	0	2	0	0.979	0.893	NA	0	NA	0	-90
431	20	7	27.445	35.705	0	2	11	1.144	0.995	NA	0.165	NA	0	0
432	20	8	27.692	35.705	0	2	11	1.392	1.174	NA	0.248	NA	0	0
433	20	9	27.197	35.622	0	2	11	1.894	0.779	NA	0.502	NA	-170.538	-170.538
434	20	10	27.362	35.622	0	2	23	2.059	0.878	NA	0.165	NA	0	170.538
435	20	11	27.362	35.622	0	2	23	2.059	0.878	NA	0	NA	0	0
436	20	12	26.784	34.714	0	2	34	3.136	0.248	NA	1.077	NA	-122.471	-122.471
437	20	13	26.453	34.714	0	2	11	3.467	0.413	NA	0.33	NA	180	-57.529
438	20	14	26.288	34.218	0	2	0	3.989	0.893	NA	0.522	NA	-108.435	71.565
439	20	15	26.04	34.548	0	2	34	4.402	0.85	NA	0.413	NA	126.87	-124.695
440	20	16	24.141	33.227	0	2	0	6.717	3.162	NA	2.314	NA	-145.176	87.955
441	20	17	21.662	31.575	0	2	23	9.695	6.14	NA	2.978	NA	-146.31	-1.134
442	20	18	21.745	31.327	0	2	198	9.956	6.213	NA	0.261	NA	-71.565	74.745
443	21	1	30.666	33.805	0	2	11	0	0	NA	NA	NA	NA	NA
444	21	2	31.244	34.548	0	2	23	0.942	0.942	NA	0.942	NA	52.125	NA
445	21	3	31.41	34.466	0	2	34	1.127	0.995	NA	0.185	NA	-26.565	-78.69
446	21	4	31.244	34.466	0	2	11	1.292	0.878	NA	0.165	NA	180	-153.435
447	21	5	31.244	34.714	0	2	11	1.54	1.077	NA	0.248	NA	90	-90
448	21	6	31.244	34.714	0	2	11	1.54	1.077	NA	0	NA	0	-90
449	21	7	31.327	34.631	0	2	0	1.656	1.058	NA	0.117	NA	-45	-45
450	21	8	31.079	34.053	0	2	0	2.285	0.482	NA	0.629	NA	-113.199	-68.199
451	21	9	31.657	34.961	0	2	0	3.362	1.523	NA	1.077	NA	57.529	170.727
452	21	10	31.492	35.044	0	2	11	3.547	1.489	NA	0.185	NA	153.435	95.906
453	21	11	31.575	35.953	0	2	34	4.46	2.332	NA	0.912	NA	84.806	-68.629
454	21	12	32.153	36.448	0	2	0	5.221	3.033	NA	0.762	NA	40.601	-44.204
455	21	13	31.823	35.705	0	2	34	6.035	2.224	NA	0.814	NA	-113.962	-154.564
456	21	14	31.988	36.861	0	2	0	7.203	3.33	NA	1.168	NA	81.87	-164.168
457	21	15	32.07	35.705	0	2	0	8.362	2.362	NA	1.159	NA	-85.914	-167.784
458	21	16	31.575	35.209	0	2	0	9.063	1.673	NA	0.701	NA	-135	-49.086
459	21	17	31.162	35.044	0	2	0	9.508	1.334	NA	0.445	NA	-158.199	-23.199
460	21	18	31.41	34.879	0	2	0	9.806	1.306	NA	0.298	NA	-33.69	124.509
461	21	19	31.244	34.631	0	2	11	10.104	1.008	NA	0.298	NA	-123.69	-90
462	21	20	31.823	35.705	0	2	11	11.323	2.224	NA	1.22	NA	61.699	-174.611
463	22	1	20.919	26.701	0	2	0	0	0	NA	NA	NA	NA	NA
464	22	2	20.589	27.114	0	2	23	0.529	0.529	NA	0.529	NA	128.66	NA
465	22	3	21.249	27.445	0	2	11	1.268	0.814	NA	0.739	NA	26.565	-102.095
466	22	4	21.249	27.858	0	2	23	1.681	1.203	NA	0.413	NA	90	63.435
467	22	5	21.415	27.94	0	2	11	1.865	1.334	NA	0.185	NA	26.565	-63.435
468	22	6	21.167	27.692	0	2	0	2.216	1.022	NA	0.35	NA	-135	-161.565
469	22	7	21.497	28.188	0	2	11	2.812	1.595	NA	0.596	NA	56.31	-168.69
470	22	8	21.828	28.931	0	2	11	3.625	2.408	NA	0.814	NA	66.038	9.728
471	22	9	22.323	29.097	0	2	0	4.148	2.777	NA	0.522	NA	18.435	-47.603
472	22	10	21.993	29.179	0	2	34	4.488	2.701	NA	0.341	NA	165.964	147.529
473	22	11	21.91	29.014	0	2	0	4.673	2.516	NA	0.185	NA	-116.565	77.471
474	22	12	21.91	28.849	0	2	0	4.838	2.365	NA	0.165	NA	-90	26.565
475	22	13	22.323	29.427	0	2	46	5.549	3.066	NA	0.711	NA	54.462	144.462
476	22	14	21.993	28.684	0	2	11	6.362	2.255	NA	0.814	NA	-113.962	-168.425
477	22	15	22.241	29.179	0	2	11	6.916	2.808	NA	0.554	NA	63.435	177.397
478	22	16	22.406	29.097	0	2	0	7.101	2.819	NA	0.185	NA	-26.565	-90
479	22	17	21.91	28.931	0	2	34	7.623	2.441	NA	0.522	NA	-161.565	-135
480	22	18	22.075	28.849	0	2	0	7.808	2.439	NA	0.185	NA	-26.565	135
481	22	19	21.745	28.849	0	2	11	8.138	2.301	NA	0.33	NA	180	-153.435
482	22	20	21.497	28.271	0	2	0	8.768	1.673	NA	0.629	NA	-113.199	66.801
483	22	21	20.671	27.032	0	2	0	10.257	0.413	NA	1.489	NA	-123.69	-10.491
484	22	22	20.258	26.784	0	2	0	10.738	0.666	NA	0.482	NA	-149.036	-25.346
485	22	23	19.845	25.38	0	2	11	12.202	1.703	NA	1.464	NA	-106.39	42.647
486	23	1	24.058	21.415	0	2	0	0	0	NA	NA	NA	NA	NA
487	23	2	24.223	21.167	0	2	0	0.298	0.298	NA	0.298	NA	-56.31	NA
488	23	3	24.636	20.258	0	2	0	1.296	1.293	NA	0.998	NA	-65.556	-9.246
489	23	4	24.223	20.836	0	2	0	2.006	0.601	NA	0.711	NA	125.538	-168.906
490	23	5	24.471	20.836	0	2	0	2.254	0.711	NA	0.248	NA	0	-125.538
491	23	6	24.388	21.332	0	2	0	2.757	0.341	NA	0.502	NA	99.462	99.462
492	23	7	24.554	21.332	0	2	0	2.922	0.502	NA	0.165	NA	0	-99.462
493	23	8	24.801	21.332	0	2	0	3.17	0.748	NA	0.248	NA	0	0
494	23	9	24.636	21.497	0	2	0	3.403	0.584	NA	0.234	NA	135	135
495	23	10	25.132	20.836	0	2	0	4.229	1.22	NA	0.826	NA	-53.13	171.87
496	23	11	25.132	21.332	0	2	0	4.725	1.077	NA	0.496	NA	90	143.13
497	23	12	25.132	21.662	0	2	0	5.055	1.102	NA	0.33	NA	90	0
498	23	13	24.801	21.828	0	2	0	5.425	0.85	NA	0.369	NA	153.435	63.435
499	23	14	25.297	22.323	0	2	0	6.126	1.536	NA	0.701	NA	45	-108.435
500	23	15	24.801	22.488	0	2	0	6.648	1.306	NA	0.522	NA	161.565	116.565
501	23	16	25.214	22.901	0	2	0	7.232	1.884	NA	0.584	NA	45	-116.565
502	23	17	25.049	22.819	0	2	0	7.417	1.719	NA	0.185	NA	-153.435	161.565
503	23	18	25.38	22.571	0	2	0	7.83	1.756	NA	0.413	NA	-36.87	116.565
504	23	19	25.545	22.901	0	2	0	8.199	2.103	NA	0.369	NA	63.435	100.305
505	23	20	25.545	23.149	0	2	0	8.447	2.285	NA	0.248	NA	90	26.565
506	23	21	26.288	23.81	0	2	0	9.442	3.273	NA	0.995	NA	41.634	-48.366
507	23	22	26.206	24.058	0	2	0	9.703	3.406	NA	0.261	NA	108.435	66.801
508	23	23	26.288	23.81	0	2	0	9.964	3.273	NA	0.261	NA	-71.565	-180
509	23	24	25.627	22.984	0	2	0	11.022	2.22	NA	1.058	NA	-128.66	-57.095
510	23	25	25.71	23.149	0	2	11	11.207	2.395	NA	0.185	NA	63.435	-167.905
511	24	1	24.471	22.736	0	2	0	0	0	NA	NA	NA	NA	NA
512	24	2	26.04	23.48	0	2	0	1.737	1.737	NA	1.737	NA	25.346	NA
513	24	3	26.784	24.223	0	2	0	2.788	2.75	NA	1.051	NA	45	19.654
514	24	4	26.701	24.636	0	2	0	3.209	2.93	NA	0.421	NA	101.31	56.31
515	24	5	26.04	23.81	0	2	0	4.267	1.902	NA	1.058	NA	-128.66	130.03
516	24	6	26.866	24.306	0	2	0	5.23	2.864	NA	0.963	NA	30.964	159.624
517	24	7	26.619	24.223	0	2	0	5.491	2.612	NA	0.261	NA	-161.565	167.471
518	24	8	26.536	24.388	0	2	11	5.676	2.645	NA	0.185	NA	116.565	-81.87
519	24	9	26.701	24.801	0	2	0	6.121	3.039	NA	0.445	NA	68.199	-48.366
520	25	1	27.858	26.453	0	2	0	0	0	NA	NA	NA	NA	NA
521	25	2	28.931	26.536	0	2	0	1.077	1.077	NA	1.077	NA	4.399	NA
522	25	3	28.931	27.61	0	2	0	2.151	1.578	NA	1.074	NA	90	85.601
523	25	4	29.592	27.775	0	2	23	2.832	2.181	NA	0.681	NA	14.036	-75.964
524	25	5	30.501	29.179	0	2	23	4.505	3.797	NA	1.673	NA	57.095	43.059
525	25	6	31.162	29.84	0	2	0	5.439	4.731	NA	0.935	NA	45	-12.095
526	25	7	32.236	30.914	0	2	0	6.958	6.25	NA	1.519	NA	45	0
527	25	8	32.483	30.997	0	2	0	7.219	6.484	NA	0.261	NA	18.435	-26.565
528	25	9	32.566	30.997	0	2	0	7.302	6.543	NA	0.083	NA	0	-18.435
529	25	10	33.062	31.492	0	2	0	8.002	7.244	NA	0.701	NA	45	45
530	25	11	34.796	32.483	0	2	0	10	9.193	NA	1.998	NA	29.745	-15.255
531	26	1	27.114	25.545	0	2	0	0	0	NA	NA	NA	NA	NA
532	26	2	26.866	27.279	0	2	0	1.752	1.752	NA	1.752	NA	98.13	NA
533	26	3	27.197	27.114	0	2	0	2.122	1.572	NA	0.369	NA	-26.565	-124.695
534	26	4	29.014	27.692	0	2	0	4.029	2.867	NA	1.907	NA	17.65	44.215
535	26	5	30.501	28.601	0	2	0	5.771	4.562	NA	1.742	NA	31.43	13.779
536	26	6	32.814	30.831	0	2	0	8.984	7.774	NA	3.213	NA	43.958	12.529
537	26	7	32.979	32.07	0	2	11	10.234	8.774	NA	1.25	NA	82.405	38.447
