Nr	TID	PID	x [micron]	y [micron]	t [sec]	c [idx]	I [val]	Len [micron]	D2S [micron]	D2R [micron]	D2P [micron]	v [micron/sec]	? [deg]	?? [deg]
1	1	1	20.695	18.091	0	2	176	0	0	NA	NA	NA	NA	NA
2	1	2	20.695	18.172	0	2	123.583	0.081	0.081	NA	0.081	NA	90	NA
3	1	3	20.533	17.887	0	2	167.917	0.41	0.261	NA	0.328	NA	-119.745	150.255
4	1	4	20.655	18.091	0	2	155.722	0.647	0.041	NA	0.237	NA	59.036	178.781
5	1	5	20.655	18.091	0	2	197.361	0.647	0.041	NA	0	NA	0	-59.036
6	1	6	20.655	18.131	0	2	188.417	0.688	0.058	NA	0.041	NA	90	90
7	1	7	20.655	18.131	0	2	173.5	0.688	0.058	NA	0	NA	0	-90
8	1	8	20.777	18.091	0	2	133.306	0.816	0.081	NA	0.129	NA	-18.435	-18.435
9	1	9	20.614	17.969	0	2	105.056	1.02	0.147	NA	0.203	NA	-143.13	-124.695
10	1	10	20.695	17.887	0	2	140.25	1.135	0.203	NA	0.115	NA	-45	98.13
11	1	11	20.695	17.887	0	2	132.25	1.135	0.203	NA	0	NA	0	45
12	1	12	20.777	17.887	0	2	98.833	1.216	0.219	NA	0.081	NA	0	0
13	1	13	20.777	17.887	0	2	119.667	1.216	0.219	NA	0	NA	0	0
14	1	14	20.858	17.969	0	2	147.917	1.331	0.203	NA	0.115	NA	45	45
15	1	15	20.858	17.969	0	2	121.111	1.331	0.203	NA	0	NA	0	-45
16	1	16	20.818	17.969	0	2	163.667	1.372	0.173	NA	0.041	NA	180	180
17	1	17	20.858	18.009	0	2	138.667	1.43	0.182	NA	0.058	NA	45	-135
18	1	18	20.899	17.969	0	2	125.583	1.487	0.237	NA	0.058	NA	-45	-90
19	1	19	20.899	17.887	0	2	96	1.569	0.288	NA	0.081	NA	-90	-45
20	1	20	20.94	17.887	0	2	102.75	1.609	0.318	NA	0.041	NA	0	90
21	1	21	20.98	17.887	0	2	128.083	1.65	0.35	NA	0.041	NA	0	0
22	1	22	21.062	17.887	0	2	165	1.731	0.419	NA	0.081	NA	0	0
23	1	23	21.062	17.887	0	2	113	1.731	0.419	NA	0	NA	0	0
24	1	24	21.062	17.806	0	2	123.75	1.813	0.464	NA	0.081	NA	-90	-90
25	1	25	21.143	17.724	0	2	88.944	1.928	0.578	NA	0.115	NA	-45	45
26	1	26	21.143	17.765	0	2	132	1.969	0.554	NA	0.041	NA	90	135
27	1	27	21.143	17.724	0	2	77.472	2.009	0.578	NA	0.041	NA	-90	-180
28	1	28	21.143	17.643	0	2	165.167	2.091	0.633	NA	0.081	NA	-90	0
29	1	29	21.306	17.765	0	2	111.25	2.294	0.692	NA	0.203	NA	36.87	126.87
30	1	30	21.347	17.765	0	2	126.5	2.335	0.728	NA	0.041	NA	0	-36.87
31	1	31	21.55	18.009	0	2	70	2.653	0.859	NA	0.318	NA	50.194	50.194
32	1	32	21.387	17.887	0	2	100.333	2.856	0.721	NA	0.203	NA	-143.13	166.675
33	1	33	21.225	17.765	0	2	147.5	3.06	0.621	NA	0.203	NA	-143.13	0
34	1	34	21.306	17.724	0	2	90.583	3.151	0.712	NA	0.091	NA	-26.565	116.565
35	1	35	21.347	17.806	0	2	113.25	3.242	0.711	NA	0.091	NA	63.435	90
36	1	36	21.225	17.765	0	2	104.667	3.37	0.621	NA	0.129	NA	-161.565	135
37	1	37	21.509	17.887	0	2	57.5	3.68	0.839	NA	0.31	NA	23.199	-175.236
38	1	38	21.591	17.765	0	2	91.75	3.827	0.953	NA	0.147	NA	-56.31	-79.509
39	1	39	21.631	17.765	0	2	108.333	3.868	0.991	NA	0.041	NA	0	56.31
40	1	40	21.591	17.724	0	2	96.806	3.925	0.967	NA	0.058	NA	-135	-135
41	1	41	21.55	17.684	0	2	45.333	3.983	0.947	NA	0.058	NA	-135	0
42	1	42	21.347	17.317	0	2	25.139	4.402	1.011	NA	0.419	NA	-119.055	15.945
43	1	43	21.509	17.724	0	2	130.889	4.84	0.893	NA	0.438	NA	68.199	-172.747
44	1	44	21.509	17.724	0	2	140.639	4.84	0.893	NA	0	NA	0	-68.199
45	1	45	21.509	17.562	0	2	120.472	5.003	0.971	NA	0.163	NA	-90	-90
46	1	46	21.509	17.562	0	2	118.167	5.003	0.971	NA	0	NA	0	90
47	1	47	21.591	17.562	0	2	111.944	5.085	1.04	NA	0.081	NA	0	0
48	1	48	21.387	17.358	0	2	85.806	5.372	1.008	NA	0.288	NA	-135	-135
49	1	49	21.469	17.399	0	2	80.667	5.463	1.038	NA	0.091	NA	26.565	161.565
50	1	50	21.306	17.358	0	2	69.917	5.631	0.954	NA	0.168	NA	-165.964	167.471
51	1	51	21.591	17.317	0	2	97.222	5.919	1.183	NA	0.288	NA	-8.13	157.834
52	1	52	21.428	17.317	0	2	89.333	6.082	1.065	NA	0.163	NA	180	-171.87
53	1	53	21.469	17.277	0	2	98.75	6.139	1.123	NA	0.058	NA	-45	135
54	1	54	21.265	17.195	0	2	69.278	6.358	1.061	NA	0.219	NA	-158.199	-113.199
55	1	55	21.713	17.236	0	2	11.444	6.808	1.329	NA	0.45	NA	5.194	163.393
56	1	56	21.631	17.073	0	2	42.944	6.99	1.383	NA	0.182	NA	-116.565	-121.759
57	1	57	21.591	16.951	0	2	10.528	7.119	1.449	NA	0.129	NA	-108.435	8.13
58	3	1	23.036	20.573	0	2	168.167	0	0	NA	NA	NA	NA	NA
59	3	2	23.158	20.472	0	2	185.222	0.159	0.159	NA	0.159	NA	-39.806	NA
60	3	3	23.239	20.39	0	2	220.333	0.274	0.274	NA	0.115	NA	-45	-5.194
61	3	4	23.239	20.39	0	2	219.667	0.274	0.274	NA	0	NA	0	45
62	3	5	23.239	20.39	0	2	247	0.274	0.274	NA	0	NA	0	0
63	3	6	23.321	20.309	0	2	27.333	0.389	0.389	NA	0.115	NA	-45	-45
64	3	7	23.911	21.387	0	2	50.444	1.619	1.195	NA	1.229	NA	61.314	106.314
65	3	8	23.911	21.347	0	2	62.722	1.659	1.168	NA	0.041	NA	-90	-151.314
66	3	9	23.911	21.347	0	2	55.944	1.659	1.168	NA	0	NA	0	90
67	3	10	23.911	21.448	0	2	16.056	1.761	1.237	NA	0.102	NA	90	90
68	3	11	23.789	21.448	0	2	38.944	1.883	1.154	NA	0.122	NA	180	90
69	3	12	23.789	21.448	0	2	94.222	1.883	1.154	NA	0	NA	0	-180
70	3	13	23.951	21.489	0	2	27.5	2.051	1.295	NA	0.168	NA	14.036	14.036
71	3	14	23.789	21.367	0	2	51.833	2.254	1.094	NA	0.203	NA	-143.13	-157.166
72	3	15	23.89	21.448	0	2	115.222	2.385	1.223	NA	0.13	NA	38.66	-178.21
73	3	16	24.114	21.57	0	2	73.833	2.64	1.469	NA	0.255	NA	28.61	-10.049
74	3	17	23.951	21.509	0	2	35.667	2.814	1.31	NA	0.174	NA	-159.444	171.946
75	3	18	23.911	21.408	0	2	73.833	2.923	1.209	NA	0.11	NA	-111.801	47.643
76	3	19	23.89	21.245	0	2	49.333	3.087	1.087	NA	0.164	NA	-97.125	14.676
77	3	20	23.687	21.245	0	2	49	3.291	0.935	NA	0.203	NA	180	-82.875
78	3	21	23.87	21.326	0	2	79.5	3.491	1.124	NA	0.2	NA	23.962	-156.038
79	3	22	23.87	21.245	0	2	115.5	3.573	1.071	NA	0.081	NA	-90	-113.962
80	3	23	23.768	21.408	0	2	98.889	3.765	1.11	NA	0.192	NA	122.005	-147.995
81	3	24	23.768	21.428	0	2	79.5	3.785	1.126	NA	0.02	NA	90	-32.005
82	3	25	23.789	21.448	0	2	67.611	3.814	1.154	NA	0.029	NA	45	-45
83	3	26	24.033	21.387	0	2	69.694	4.065	1.287	NA	0.252	NA	-14.036	-59.036
84	3	27	23.911	21.245	0	2	49	4.253	1.103	NA	0.188	NA	-130.601	-116.565
85	3	28	24.134	21.347	0	2	69.611	4.499	1.344	NA	0.246	NA	24.444	155.045
86	3	29	24.053	21.347	0	2	54.5	4.58	1.278	NA	0.081	NA	180	155.556
87	3	30	24.073	21.326	0	2	44.556	4.609	1.282	NA	0.029	NA	-45	135
88	3	31	24.134	21.306	0	2	54.833	4.673	1.321	NA	0.064	NA	-18.435	26.565
89	3	32	24.134	21.306	0	2	35.333	4.673	1.321	NA	0	NA	0	18.435
90	3	33	24.114	21.286	0	2	52	4.702	1.292	NA	0.029	NA	-135	-135
91	3	34	24.114	21.286	0	2	43.833	4.702	1.292	NA	0	NA	0	135
92	3	35	24.094	21.245	0	2	43.667	4.748	1.253	NA	0.046	NA	-116.565	-116.565
93	3	36	24.318	21.428	0	2	38.25	5.037	1.541	NA	0.289	NA	39.289	155.854
94	3	37	24.318	21.367	0	2	63.167	5.098	1.508	NA	0.061	NA	-90	-129.289
95	3	38	24.358	21.408	0	2	43.667	5.155	1.564	NA	0.058	NA	45	135
96	3	39	24.338	21.509	0	2	56.778	5.259	1.604	NA	0.104	NA	101.31	56.31
97	3	40	24.297	21.448	0	2	60	5.333	1.535	NA	0.073	NA	-123.69	135
98	3	41	24.297	21.469	0	2	51.833	5.353	1.547	NA	0.02	NA	90	-146.31
99	3	42	24.155	21.387	0	2	49.139	5.517	1.384	NA	0.164	NA	-150.255	119.745
100	3	43	24.175	21.489	0	2	66	5.621	1.462	NA	0.104	NA	78.69	-131.055
101	3	44	24.257	21.428	0	2	35.5	5.723	1.49	NA	0.102	NA	-36.87	-115.56
102	3	45	24.257	21.509	0	2	9.778	5.804	1.539	NA	0.081	NA	90	126.87
103	3	46	24.318	21.469	0	2	16.611	5.877	1.564	NA	0.073	NA	-33.69	-123.69
104	3	47	24.358	21.428	0	2	16.25	5.935	1.575	NA	0.058	NA	-45	-11.31
105	3	48	24.358	21.245	0	2	65.5	6.118	1.483	NA	0.183	NA	-90	-45
106	3	49	24.44	21.286	0	2	42.889	6.209	1.574	NA	0.091	NA	26.565	116.565
107	3	50	24.44	21.265	0	2	47.194	6.229	1.565	NA	0.02	NA	-90	-116.565
108	3	51	24.44	21.245	0	2	16	6.25	1.556	NA	0.02	NA	-90	0
109	3	52	24.114	21.204	0	2	76.833	6.578	1.249	NA	0.328	NA	-172.875	-82.875
110	3	53	24.155	21.265	0	2	102.25	6.651	1.316	NA	0.073	NA	56.31	-130.815
111	3	54	24.196	21.326	0	2	138.556	6.725	1.383	NA	0.073	NA	56.31	0
112	3	55	24.318	21.448	0	2	77.611	6.897	1.552	NA	0.173	NA	45	-11.31
113	3	56	24.379	21.448	0	2	40.222	6.958	1.603	NA	0.061	NA	0	-45
114	3	57	24.257	21.225	0	2	127.222	7.213	1.384	NA	0.255	NA	-118.61	-118.61
115	3	58	24.338	21.001	0	2	82	7.451	1.371	NA	0.238	NA	-70.017	48.594
116	3	59	24.318	21.143	0	2	62.25	7.595	1.403	NA	0.144	NA	98.13	168.147
117	3	60	24.318	20.98	0	2	31.944	7.758	1.345	NA	0.163	NA	-90	171.87
118	3	61	24.257	20.96	0	2	50.889	7.822	1.281	NA	0.064	NA	-161.565	-71.565
119	3	62	24.134	20.919	0	2	60.444	7.951	1.152	NA	0.129	NA	-161.565	0
120	3	63	24.134	20.919	0	2	98.778	7.951	1.152	NA	0	NA	0	161.565
121	3	64	24.094	20.94	0	2	126.333	7.997	1.12	NA	0.046	NA	153.435	153.435
122	3	65	24.094	20.94	0	2	57.333	7.997	1.12	NA	0	NA	0	-153.435
123	3	66	24.297	21.001	0	2	165	8.209	1.332	NA	0.212	NA	16.699	16.699
124	3	67	24.297	21.041	0	2	65.667	8.25	1.346	NA	0.041	NA	90	73.301
125	3	68	24.297	21.143	0	2	149	8.352	1.384	NA	0.102	NA	90	0
126	3	69	24.297	21.163	0	2	49.333	8.372	1.393	NA	0.02	NA	90	0
127	3	70	24.196	21.265	0	2	52.806	8.516	1.351	NA	0.144	NA	135	45
128	3	71	24.236	21.225	0	2	93.417	8.573	1.366	NA	0.058	NA	-45	180
129	3	72	24.318	21.265	0	2	92.083	8.664	1.457	NA	0.091	NA	26.565	71.565
130	3	73	24.277	21.347	0	2	154.806	8.755	1.462	NA	0.091	NA	116.565	90
131	3	74	24.216	21.408	0	2	89.444	8.842	1.445	NA	0.086	NA	135	18.435
132	3	75	24.318	21.509	0	2	34.944	8.986	1.587	NA	0.144	NA	45	-90
133	3	76	24.338	21.428	0	2	60.5	9.07	1.558	NA	0.084	NA	-75.964	-120.964
134	3	77	24.338	21.428	0	2	99	9.07	1.558	NA	0	NA	0	75.964
135	3	78	24.338	21.469	0	2	71.167	9.11	1.58	NA	0.041	NA	90	90
136	3	79	24.338	21.448	0	2	85.889	9.131	1.569	NA	0.02	NA	-90	-180
137	3	80	24.338	21.367	0	2	143	9.212	1.525	NA	0.081	NA	-90	0
138	3	81	24.541	21.448	0	2	137.667	9.431	1.742	NA	0.219	NA	21.801	111.801
139	4	1	17.358	20.594	0	2	205.778	0	0	NA	NA	NA	NA	NA
140	4	2	17.663	20.655	0	2	126.167	0.311	0.311	NA	0.311	NA	11.31	NA
141	4	3	17.521	20.655	0	2	165.417	0.454	0.174	NA	0.142	NA	180	168.69
142	4	4	17.521	20.655	0	2	211.917	0.454	0.174	NA	0	NA	0	-180
143	4	5	17.501	20.655	0	2	115.167	0.474	0.155	NA	0.02	NA	180	180
144	4	6	17.562	20.655	0	2	213.472	0.535	0.212	NA	0.061	NA	0	-180
145	4	7	17.562	20.655	0	2	182.083	0.535	0.212	NA	0	NA	0	0
146	4	8	17.724	20.655	0	2	206.389	0.698	0.371	NA	0.163	NA	0	0
147	4	9	17.724	20.655	0	2	217.333	0.698	0.371	NA	0	NA	0	0
148	4	10	17.724	20.655	0	2	208.944	0.698	0.371	NA	0	NA	0	0
149	4	11	17.745	20.553	0	2	91.444	0.802	0.389	NA	0.104	NA	-78.69	-78.69
150	4	12	17.745	20.533	0	2	145.889	0.822	0.391	NA	0.02	NA	-90	-11.31
151	4	13	17.765	20.431	0	2	123.667	0.926	0.438	NA	0.104	NA	-78.69	11.31
152	4	14	17.948	20.573	0	2	190	1.158	0.59	NA	0.232	NA	37.875	116.565
153	4	15	17.969	20.553	0	2	134.667	1.187	0.612	NA	0.029	NA	-45	-82.875
154	4	16	17.969	20.553	0	2	60.278	1.187	0.612	NA	0	NA	0	45
155	4	17	18.009	20.512	0	2	210	1.244	0.656	NA	0.058	NA	-45	-45
156	4	18	18.03	20.411	0	2	156.667	1.348	0.696	NA	0.104	NA	-78.69	-33.69
157	4	19	17.948	20.166	0	2	115.5	1.605	0.729	NA	0.257	NA	-108.435	-29.745
158	4	20	17.969	20.227	0	2	164.944	1.67	0.712	NA	0.064	NA	71.565	-180
159	4	21	17.969	20.248	0	2	132.694	1.69	0.702	NA	0.02	NA	90	18.435
160	4	22	18.03	20.126	0	2	199.056	1.827	0.819	NA	0.137	NA	-63.435	-153.435
161	4	23	17.419	19.23	0	2	167.667	2.91	1.365	NA	1.084	NA	-124.287	-60.852
162	4	24	17.969	19.841	0	2	214.75	3.732	0.969	NA	0.821	NA	48.013	172.3
163	4	25	17.948	20.105	0	2	192.333	3.997	0.766	NA	0.265	NA	94.399	46.386
164	4	26	17.826	19.983	0	2	148.667	4.17	0.769	NA	0.173	NA	-135	130.601
165	4	27	17.867	20.024	0	2	104.667	4.227	0.764	NA	0.058	NA	45	180
166	4	28	17.969	20.024	0	2	162.333	4.329	0.835	NA	0.102	NA	0	-45
167	4	29	18.192	20.411	0	2	71	4.776	0.854	NA	0.447	NA	59.931	59.931
168	4	30	18.294	20.553	0	2	144.833	4.951	0.937	NA	0.175	NA	54.462	-5.469
169	4	31	18.172	20.533	0	2	123.639	5.074	0.816	NA	0.124	NA	-170.538	135
170	4	32	18.192	20.472	0	2	110	5.139	0.843	NA	0.064	NA	-71.565	98.973
171	4	33	18.192	20.431	0	2	65.667	5.179	0.85	NA	0.041	NA	-90	-18.435
172	4	34	18.274	20.39	0	2	60	5.27	0.938	NA	0.091	NA	-26.565	63.435
173	4	35	18.416	20.451	0	2	86.583	5.425	1.068	NA	0.155	NA	23.199	49.764
174	4	36	18.538	20.634	0	2	99	5.646	1.181	NA	0.22	NA	56.31	33.111
175	4	37	18.416	20.573	0	2	156.667	5.782	1.058	NA	0.137	NA	-153.435	150.255
176	4	38	18.498	20.451	0	2	94.75	5.929	1.148	NA	0.147	NA	-56.31	97.125
177	4	39	18.559	20.553	0	2	154.333	6.047	1.201	NA	0.119	NA	59.036	115.346
178	4	40	18.64	20.472	0	2	189.222	6.163	1.288	NA	0.115	NA	-45	-104.036
179	4	41	18.64	20.268	0	2	87.667	6.366	1.323	NA	0.203	NA	-90	-45
180	4	42	18.844	20.553	0	2	190.889	6.716	1.486	NA	0.35	NA	54.462	144.462
181	4	43	18.844	20.573	0	2	168	6.737	1.486	NA	0.02	NA	90	35.538
182	4	44	18.844	20.573	0	2	126.5	6.737	1.486	NA	0	NA	0	-90
183	4	45	18.844	20.573	0	2	115.5	6.737	1.486	NA	0	NA	0	0
184	4	46	18.823	20.451	0	2	80.917	6.86	1.472	NA	0.124	NA	-99.462	-99.462
185	4	47	18.905	20.695	0	2	174.75	7.118	1.55	NA	0.257	NA	71.565	171.027
186	4	48	18.905	20.695	0	2	173.417	7.118	1.55	NA	0	NA	0	-71.565
187	4	49	18.905	20.695	0	2	129.25	7.118	1.55	NA	0	NA	0	0
188	4	50	18.905	20.716	0	2	172.611	7.138	1.551	NA	0.02	NA	90	90
189	4	51	18.986	20.594	0	2	54.833	7.285	1.628	NA	0.147	NA	-56.31	-146.31
190	4	52	18.864	20.736	0	2	145.917	7.472	1.513	NA	0.188	NA	130.601	-173.089
191	4	53	18.844	20.818	0	2	88	7.556	1.502	NA	0.084	NA	104.036	-26.565
192	4	54	18.844	20.818	0	2	43.833	7.556	1.502	NA	0	NA	0	-104.036
193	4	55	18.966	20.858	0	2	84.056	7.685	1.629	NA	0.129	NA	18.435	18.435
194	4	56	19.006	20.818	0	2	77	7.743	1.663	NA	0.058	NA	-45	-63.435
195	4	57	19.19	21.001	0	2	124.167	8.002	1.876	NA	0.259	NA	45	90
196	4	58	19.169	20.777	0	2	123.333	8.226	1.82	NA	0.225	NA	-95.194	-140.194
197	4	59	19.149	20.756	0	2	132	8.255	1.798	NA	0.029	NA	-135	-39.806
198	4	60	19.149	20.756	0	2	90.333	8.255	1.798	NA	0	NA	0	135
199	4	61	19.027	20.716	0	2	102.444	8.384	1.673	NA	0.129	NA	-161.565	-161.565
200	4	62	19.23	20.695	0	2	82.25	8.588	1.875	NA	0.205	NA	-5.711	155.854
201	4	63	19.169	20.736	0	2	44	8.662	1.817	NA	0.073	NA	146.31	152.021
202	4	64	19.067	20.594	0	2	51.889	8.837	1.709	NA	0.175	NA	-125.538	88.152
203	4	65	19.169	20.879	0	2	115	9.139	1.833	NA	0.303	NA	70.346	-164.116
204	4	66	19.169	20.879	0	2	16	9.139	1.833	NA	0	NA	0	-70.346
205	4	67	19.108	20.695	0	2	154.75	9.332	1.753	NA	0.193	NA	-108.435	-108.435
206	4	68	18.823	19.902	0	2	231.667	10.176	1.62	NA	0.843	NA	-109.747	-1.312
207	4	69	19.393	21.082	0	2	147.556	11.486	2.093	NA	1.311	NA	64.231	173.978
208	4	70	19.373	21.123	0	2	115.333	11.532	2.083	NA	0.046	NA	116.565	52.334
209	4	71	19.658	21.367	0	2	215	11.907	2.426	NA	0.375	NA	40.601	-75.964
210	4	72	19.597	21.306	0	2	90.5	11.993	2.349	NA	0.086	NA	-135	-175.601
211	4	73	19.413	21.326	0	2	76.667	12.178	2.182	NA	0.184	NA	173.66	-51.34
212	4	74	19.454	21.306	0	2	93.333	12.223	2.214	NA	0.046	NA	-26.565	159.775
213	4	75	19.393	21.163	0	2	79.556	12.378	2.113	NA	0.155	NA	-113.199	-86.634
214	4	76	18.518	20.024	0	2	93	13.815	1.292	NA	1.437	NA	-127.519	-14.321
215	4	77	18.701	20.309	0	2	96.111	14.153	1.373	NA	0.339	NA	57.265	-175.216
216	4	78	18.722	20.37	0	2	146.611	14.218	1.382	NA	0.064	NA	71.565	14.3
217	4	79	18.722	20.207	0	2	154.167	14.381	1.417	NA	0.163	NA	-90	-161.565
218	4	80	18.722	20.349	0	2	95.333	14.523	1.385	NA	0.142	NA	90	180
219	4	81	18.762	20.268	0	2	209.333	14.614	1.441	NA	0.091	NA	-63.435	-153.435
220	5	1	16.178	20.288	0	2	119.583	0	0	NA	NA	NA	NA	NA
221	5	2	16.341	20.227	0	2	97	0.174	0.174	NA	0.174	NA	-20.556	NA
222	5	3	16.422	20.207	0	2	111.5	0.258	0.257	NA	0.084	NA	-14.036	6.52
223	5	4	16.442	20.207	0	2	157	0.278	0.277	NA	0.02	NA	0	14.036
224	5	5	16.422	20.207	0	2	78	0.298	0.257	NA	0.02	NA	180	180
225	5	6	16.544	20.207	0	2	94.5	0.421	0.375	NA	0.122	NA	0	-180
226	5	7	16.544	20.207	0	2	107	0.421	0.375	NA	0	NA	0	0
227	5	8	16.544	20.187	0	2	115.5	0.441	0.38	NA	0.02	NA	-90	-90
228	5	9	16.585	20.187	0	2	138.667	0.482	0.42	NA	0.041	NA	0	90
229	5	10	16.605	20.187	0	2	159.333	0.502	0.439	NA	0.02	NA	0	0
230	5	11	16.646	20.146	0	2	54.667	0.56	0.489	NA	0.058	NA	-45	-45
231	5	12	16.666	19.983	0	2	99.167	0.724	0.576	NA	0.164	NA	-82.875	-37.875
232	5	13	16.707	20.166	0	2	120.528	0.911	0.543	NA	0.188	NA	77.471	160.346
233	5	14	16.585	19.719	0	2	95.75	1.375	0.7	NA	0.464	NA	-105.255	177.274
234	5	15	16.89	19.963	0	2	55	1.766	0.783	NA	0.391	NA	38.66	143.915
235	5	16	16.361	19.942	0	2	5.333	2.296	0.391	NA	0.529	NA	-177.797	143.543
236	5	17	16.707	20.024	0	2	46.333	2.651	0.592	NA	0.355	NA	13.241	-168.962
237	5	18	16.87	19.963	0	2	65.75	2.825	0.765	NA	0.174	NA	-20.556	-33.797
238	5	19	16.87	19.841	0	2	39.417	2.947	0.824	NA	0.122	NA	-90	-69.444
239	5	20	16.809	19.841	0	2	82.333	3.008	0.774	NA	0.061	NA	180	-90
240	5	21	16.748	19.841	0	2	49	3.069	0.725	NA	0.061	NA	180	0
241	5	22	16.666	20.207	0	2	119.75	3.444	0.495	NA	0.375	NA	102.529	-77.471
242	5	23	16.687	20.39	0	2	115	3.629	0.519	NA	0.184	NA	83.66	-18.869
243	5	24	16.687	20.431	0	2	21.778	3.669	0.528	NA	0.041	NA	90	6.34
244	5	25	16.727	20.268	0	2	16	3.837	0.55	NA	0.168	NA	-75.964	-165.964
245	6	1	19.129	23.463	0	2	42.944	0	0	NA	NA	NA	NA	NA
246	6	2	19.129	23.463	0	2	31.167	0	0	NA	0	NA	0	NA
247	6	3	19.129	23.463	0	2	62.111	0	0	NA	0	NA	0	0
248	6	4	19.129	23.463	0	2	124.944	0	0	NA	0	NA	0	0
249	6	5	19.129	23.463	0	2	57.611	0	0	NA	0	NA	0	0
250	6	6	19.312	23.443	0	2	90.667	0.184	0.184	NA	0.184	NA	-6.34	-6.34
251	6	7	19.312	23.443	0	2	82.5	0.184	0.184	NA	0	NA	0	6.34
252	6	8	19.312	23.443	0	2	68.333	0.184	0.184	NA	0	NA	0	0
253	6	9	19.312	23.585	0	2	25.306	0.327	0.22	NA	0.142	NA	90	90
254	6	10	19.312	23.585	0	2	83.917	0.327	0.22	NA	0	NA	0	-90
255	6	11	19.759	24.073	0	2	38.528	0.989	0.878	NA	0.663	NA	47.49	47.49
256	6	12	19.413	23.605	0	2	99	1.571	0.319	NA	0.582	NA	-126.469	-173.959
257	6	13	19.393	23.585	0	2	47.194	1.6	0.291	NA	0.029	NA	-135	-8.531
258	6	14	19.474	23.789	0	2	116.833	1.819	0.475	NA	0.219	NA	68.199	-156.801
259	6	15	19.495	23.727	0	2	73.222	1.884	0.452	NA	0.064	NA	-71.565	-139.764
260	6	16	19.658	23.687	0	2	33	2.051	0.574	NA	0.168	NA	-14.036	57.529
261	6	17	19.902	23.748	0	2	41	2.303	0.824	NA	0.252	NA	14.036	28.072
262	6	18	19.739	23.809	0	2	43.667	2.477	0.702	NA	0.174	NA	159.444	145.408
263	6	19	19.759	24.094	0	2	85.722	2.763	0.892	NA	0.286	NA	85.914	-73.53
264	6	20	19.922	23.992	0	2	52	2.955	0.954	NA	0.192	NA	-32.005	-117.92
265	6	21	19.881	23.87	0	2	35.75	3.083	0.856	NA	0.129	NA	-108.435	-76.43
266	6	22	20.085	24.501	0	2	54.667	3.746	1.411	NA	0.663	NA	72.121	-179.444
267	6	23	20.512	25.01	0	2	33	4.41	2.075	NA	0.664	NA	49.97	-22.152
268	6	24	20.309	24.725	0	2	57.333	4.761	1.728	NA	0.35	NA	-125.538	-175.507
269	6	25	19.536	23.748	0	2	90.5	6.006	0.497	NA	1.246	NA	-128.367	-2.83
270	6	26	19.698	23.463	0	2	69.611	6.335	0.57	NA	0.328	NA	-60.255	68.112
271	6	27	19.658	23.361	0	2	60	6.444	0.539	NA	0.11	NA	-111.801	-51.546
272	6	28	19.536	23.198	0	2	33	6.648	0.485	NA	0.203	NA	-126.87	-15.068
273	6	29	20.166	24.196	0	2	76.056	7.828	1.27	NA	1.18	NA	57.68	-175.45
274	6	30	20.675	24.745	0	2	32.889	8.576	2.009	NA	0.749	NA	47.203	-10.478
275	6	31	20.98	25.233	0	2	31.667	9.152	2.562	NA	0.576	NA	57.995	10.792
276	6	32	21.306	25.376	0	2	31.583	9.508	2.898	NA	0.355	NA	23.629	-34.365
277	7	1	22.588	20.838	0	2	87.667	0	0	NA	NA	NA	NA	NA
278	7	2	22.995	22.547	0	2	51	1.757	1.757	NA	1.757	NA	76.608	NA
279	7	3	23.117	24.501	0	2	91.778	3.715	3.701	NA	1.957	NA	86.424	9.816
280	8	1	22.791	21.062	0	2	74.167	0	0	NA	NA	NA	NA	NA
281	8	2	22.771	21.326	0	2	123.5	0.265	0.265	NA	0.265	NA	94.399	NA
282	8	3	22.893	21.794	0	2	115.5	0.749	0.74	NA	0.484	NA	75.379	-19.02
283	8	4	23.015	22.079	0	2	74	1.059	1.042	NA	0.31	NA	66.801	-8.578
284	8	5	22.954	21.774	0	2	66	1.37	0.731	NA	0.311	NA	-101.31	-168.111
285	8	6	22.954	21.774	0	2	60.333	1.37	0.731	NA	0	NA	0	101.31
286	8	7	22.934	21.611	0	2	132.333	1.534	0.568	NA	0.164	NA	-97.125	-97.125
287	8	8	22.832	21.143	0	2	60.5	2.013	0.091	NA	0.479	NA	-102.265	-5.14
288	8	9	22.608	20.695	0	2	41	2.514	0.41	NA	0.501	NA	-116.565	-14.3
289	8	10	22.649	20.716	0	2	46.5	2.559	0.374	NA	0.046	NA	26.565	143.13
290	8	11	22.873	20.98	0	2	38.111	2.906	0.115	NA	0.347	NA	49.764	23.199
291	8	12	22.649	20.695	0	2	37	3.268	0.393	NA	0.362	NA	-128.157	-177.921
292	9	1	22.975	25.681	0	2	65.556	0	0	NA	NA	NA	NA	NA
293	9	2	22.832	26.699	0	2	38	1.027	1.027	NA	1.027	NA	97.97	NA
294	9	3	22.873	27.065	0	2	16.444	1.396	1.388	NA	0.369	NA	83.66	-14.31
295	9	4	22.934	26.8	0	2	10.75	1.667	1.12	NA	0.271	NA	-77.005	-160.665
296	9	5	22.975	26.699	0	2	9.167	1.777	1.017	NA	0.11	NA	-68.199	8.807
297	10	1	33.882	27.329	0	2	58.833	0	0	NA	NA	NA	NA	NA
298	10	2	33.76	27.411	0	2	57.5	0.147	0.147	NA	0.147	NA	146.31	NA
299	10	3	33.8	27.411	0	2	86.417	0.187	0.115	NA	0.041	NA	0	-146.31
300	10	4	33.8	27.411	0	2	109.75	0.187	0.115	NA	0	NA	0	0
301	10	5	33.841	27.411	0	2	115.417	0.228	0.091	NA	0.041	NA	0	0
302	10	6	33.841	27.329	0	2	78.694	0.31	0.041	NA	0.081	NA	-90	-90
303	10	7	33.76	27.329	0	2	105.75	0.391	0.122	NA	0.081	NA	180	-90
304	10	8	33.841	27.614	0	2	64.667	0.687	0.288	NA	0.296	NA	74.055	-105.945
305	10	9	33.8	27.411	0	2	58.917	0.895	0.115	NA	0.208	NA	-101.31	-175.365
306	10	10	33.8	27.411	0	2	22	0.895	0.115	NA	0	NA	0	101.31
307	10	11	33.8	27.411	0	2	72.417	0.895	0.115	NA	0	NA	0	0
308	10	12	33.678	27.451	0	2	99.111	1.023	0.237	NA	0.129	NA	161.565	161.565
309	10	13	33.678	27.451	0	2	38.361	1.023	0.237	NA	0	NA	0	-161.565
310	10	14	33.678	27.329	0	2	90.667	1.146	0.203	NA	0.122	NA	-90	-90
311	10	15	33.678	27.329	0	2	59.972	1.146	0.203	NA	0	NA	0	90
312	10	16	33.841	27.289	0	2	102.833	1.313	0.058	NA	0.168	NA	-14.036	-14.036
313	10	17	33.841	27.289	0	2	91.667	1.313	0.058	NA	0	NA	0	14.036
314	10	18	33.841	27.492	0	2	77.528	1.517	0.168	NA	0.203	NA	90	90
315	10	19	33.841	27.411	0	2	87.75	1.598	0.091	NA	0.081	NA	-90	-180
316	10	20	33.841	27.411	0	2	61.583	1.598	0.091	NA	0	NA	0	90
317	10	21	33.841	27.329	0	2	58.167	1.68	0.041	NA	0.081	NA	-90	-90
318	10	22	33.882	27.533	0	2	65.75	1.887	0.203	NA	0.208	NA	78.69	168.69
319	10	23	34.207	27.37	0	2	14.25	2.251	0.328	NA	0.364	NA	-26.565	-105.255
320	10	24	33.963	27.329	0	2	42.611	2.499	0.081	NA	0.248	NA	-170.538	-143.973
321	10	25	33.963	27.207	0	2	57.667	2.621	0.147	NA	0.122	NA	-90	80.538
322	10	26	34.207	27.289	0	2	46.25	2.878	0.328	NA	0.257	NA	18.435	108.435
323	10	27	34.085	27.451	0	2	52.556	3.082	0.237	NA	0.203	NA	126.87	108.435
324	10	28	34.085	27.329	0	2	20.722	3.204	0.203	NA	0.122	NA	-90	143.13
325	10	29	34.085	27.289	0	2	29.75	3.245	0.208	NA	0.041	NA	-90	0
326	10	30	34.004	27.289	0	2	61.75	3.326	0.129	NA	0.081	NA	180	-90
327	10	31	33.923	27.085	0	2	69.25	3.545	0.248	NA	0.219	NA	-111.801	68.199
328	10	32	33.923	27.085	0	2	109	3.545	0.248	NA	0	NA	0	111.801
329	10	33	34.614	27.533	0	2	66	4.369	0.76	NA	0.824	NA	32.905	32.905
330	10	34	36.08	28.51	0	2	36.75	6.13	2.495	NA	1.761	NA	33.69	0.785
331	11	1	30.748	19.352	0	2	107	0	0	NA	NA	NA	NA	NA
332	11	2	30.829	19.352	0	2	140.25	0.081	0.081	NA	0.081	NA	0	NA
333	11	3	30.911	19.271	0	2	132.972	0.197	0.182	NA	0.115	NA	-45	-45
334	11	4	30.911	19.271	0	2	82.222	0.197	0.182	NA	0	NA	0	45
335	11	5	30.911	19.271	0	2	121.639	0.197	0.182	NA	0	NA	0	0
336	11	6	30.952	19.23	0	2	136	0.254	0.237	NA	0.058	NA	-45	-45
337	11	7	30.952	19.23	0	2	86.5	0.254	0.237	NA	0	NA	0	45
338	11	8	30.952	19.108	0	2	152.5	0.376	0.318	NA	0.122	NA	-90	-90
339	11	9	30.992	19.841	0	2	102.667	1.11	0.546	NA	0.734	NA	86.82	176.82
340	11	10	30.829	19.312	0	2	83.417	1.663	0.091	NA	0.554	NA	-107.103	166.077
341	11	11	30.87	19.759	0	2	51.361	2.113	0.425	NA	0.45	NA	84.806	-168.092
342	11	12	30.829	19.637	0	2	116.75	2.242	0.296	NA	0.129	NA	-108.435	166.759
343	11	13	30.585	19.637	0	2	91.833	2.486	0.328	NA	0.244	NA	180	-71.565
344	11	14	30.748	20.085	0	2	82.25	2.962	0.733	NA	0.476	NA	70.017	-109.983
345	11	15	30.748	20.207	0	2	126.417	3.084	0.855	NA	0.122	NA	90	19.983
346	11	16	30.829	20.451	0	2	78.25	3.342	1.102	NA	0.257	NA	71.565	-18.435
347	11	17	30.829	20.126	0	2	63	3.667	0.778	NA	0.326	NA	-90	-161.565
348	11	18	30.829	19.963	0	2	82.5	3.83	0.616	NA	0.163	NA	-90	0
349	11	19	30.87	19.434	0	2	154.222	4.361	0.147	NA	0.531	NA	-85.601	4.399
350	11	20	30.87	19.352	0	2	95.833	4.442	0.122	NA	0.081	NA	-90	-4.399
351	11	21	30.829	19.352	0	2	99	4.483	0.081	NA	0.041	NA	180	-90
352	11	22	30.829	19.352	0	2	86.5	4.483	0.081	NA	0	NA	0	-180
353	11	23	31.074	19.149	0	2	79.5	4.801	0.384	NA	0.318	NA	-39.806	-39.806
354	11	24	31.074	19.149	0	2	50.417	4.801	0.384	NA	0	NA	0	39.806
355	11	25	31.074	19.149	0	2	38.25	4.801	0.384	NA	0	NA	0	0
356	11	26	30.992	19.352	0	2	103.25	5.02	0.244	NA	0.219	NA	111.801	111.801
357	11	27	30.748	19.352	0	2	74	5.264	0	NA	0.244	NA	180	68.199
358	11	28	30.911	19.352	0	2	99.917	5.427	0.163	NA	0.163	NA	0	-180
359	11	29	30.911	19.312	0	2	72.333	5.468	0.168	NA	0.041	NA	-90	-90
360	11	30	30.952	19.312	0	2	100.083	5.508	0.208	NA	0.041	NA	0	90
361	11	31	31.033	19.067	0	2	70.583	5.766	0.403	NA	0.257	NA	-71.565	-71.565
362	11	32	31.074	19.352	0	2	82	6.053	0.326	NA	0.288	NA	81.87	153.435
363	11	33	31.074	19.434	0	2	42.167	6.135	0.336	NA	0.081	NA	90	8.13
364	11	34	31.074	19.434	0	2	43.583	6.135	0.336	NA	0	NA	0	-90
365	11	35	31.074	19.393	0	2	67	6.176	0.328	NA	0.041	NA	-90	-90
366	11	36	31.074	19.393	0	2	100.167	6.176	0.328	NA	0	NA	0	90
367	11	37	31.074	19.393	0	2	75.333	6.176	0.328	NA	0	NA	0	0
368	11	38	31.074	19.393	0	2	16.25	6.176	0.328	NA	0	NA	0	0
369	11	39	31.114	19.23	0	2	69.833	6.343	0.386	NA	0.168	NA	-75.964	-75.964
370	11	40	31.155	19.19	0	2	54.639	6.401	0.438	NA	0.058	NA	-45	30.964
371	11	41	31.155	19.19	0	2	78.306	6.401	0.438	NA	0	NA	0	45
372	11	42	31.155	19.19	0	2	62.722	6.401	0.438	NA	0	NA	0	0
373	11	43	31.155	19.149	0	2	38.917	6.442	0.455	NA	0.041	NA	-90	-90
374	12	1	26.515	19.312	0	2	59.056	0	0	NA	NA	NA	NA	NA
375	12	2	26.719	19.312	0	2	74.889	0.203	0.203	NA	0.203	NA	0	NA
376	12	3	26.719	19.312	0	2	32.528	0.203	0.203	NA	0	NA	0	0
377	12	4	28.388	18.416	0	2	21.75	2.097	2.075	NA	1.894	NA	-28.217	-28.217
378	12	5	28.713	19.271	0	2	87.583	3.012	2.198	NA	0.915	NA	69.146	97.363
379	12	6	29.039	20.004	0	2	163.611	3.813	2.616	NA	0.802	NA	66.038	-3.108
380	12	7	29.079	20.126	0	2	49.889	3.942	2.69	NA	0.129	NA	71.565	5.528
381	12	8	30.138	21.102	0	2	70.111	5.382	4.041	NA	1.44	NA	42.709	-28.856
382	12	9	30.138	20.858	0	2	42.194	5.626	3.939	NA	0.244	NA	-90	-132.709
383	12	10	30.422	20.777	0	2	70.889	5.923	4.173	NA	0.296	NA	-15.945	74.055
384	12	11	30.667	20.818	0	2	50.833	6.17	4.416	NA	0.248	NA	9.462	25.408
385	12	12	30.178	21.306	0	2	58.667	6.861	4.171	NA	0.691	NA	135	125.538
386	13	1	31.806	22.405	0	2	20.5	0	0	NA	NA	NA	NA	NA
387	13	2	33.109	21.957	0	2	64.611	1.377	1.377	NA	1.377	NA	-18.97	NA
388	13	3	32.539	20.288	0	2	88.917	3.14	2.24	NA	1.763	NA	-108.853	-89.883
389	13	4	32.498	20.085	0	2	97.75	3.348	2.421	NA	0.208	NA	-101.31	7.543
390	13	5	32.498	20.085	0	2	78	3.348	2.421	NA	0	NA	0	101.31
391	13	6	32.498	20.085	0	2	112.583	3.348	2.421	NA	0	NA	0	0
392	13	7	32.661	20.085	0	2	65.75	3.511	2.472	NA	0.163	NA	0	0
393	13	8	32.661	20.085	0	2	37	3.511	2.472	NA	0	NA	0	0
394	13	9	32.661	19.881	0	2	39.583	3.714	2.664	NA	0.203	NA	-90	-90
395	13	10	32.824	19.922	0	2	69.25	3.882	2.683	NA	0.168	NA	14.036	104.036
396	13	11	32.864	19.922	0	2	41.694	3.923	2.699	NA	0.041	NA	0	-14.036
397	13	12	32.864	20.044	0	2	83.333	4.045	2.587	NA	0.122	NA	90	90
398	13	13	32.864	20.207	0	2	74	4.208	2.439	NA	0.163	NA	90	0
399	13	14	32.987	20.166	0	2	87.583	4.336	2.531	NA	0.129	NA	-18.435	-108.435
400	13	15	32.987	20.166	0	2	31.278	4.336	2.531	NA	0	NA	0	18.435
401	13	16	32.987	20.085	0	2	67.083	4.418	2.603	NA	0.081	NA	-90	-90
402	13	17	32.987	20.044	0	2	78.222	4.458	2.639	NA	0.041	NA	-90	0
403	13	18	32.987	20.044	0	2	121.444	4.458	2.639	NA	0	NA	0	90
404	13	19	32.987	20.044	0	2	13.333	4.458	2.639	NA	0	NA	0	0
405	13	20	32.864	19.881	0	2	6.806	4.662	2.736	NA	0.203	NA	-126.87	-126.87
406	13	21	32.783	19.881	0	2	24.5	4.743	2.706	NA	0.081	NA	180	-53.13
407	13	22	32.905	19.881	0	2	56.083	4.865	2.752	NA	0.122	NA	0	-180
408	13	23	32.905	19.637	0	2	35.25	5.11	2.978	NA	0.244	NA	-90	-90
409	13	24	32.742	19.19	0	2	57.667	5.586	3.349	NA	0.476	NA	-109.983	-19.983
410	13	25	33.027	19.434	0	2	68.5	5.961	3.212	NA	0.375	NA	40.601	150.584
411	14	1	35.673	23.544	0	2	16.917	0	0	NA	NA	NA	NA	NA
412	14	2	35.673	23.544	0	2	48.694	0	0	NA	0	NA	0	NA
413	14	3	35.795	23.87	0	2	46.25	0.348	0.348	NA	0.348	NA	69.444	69.444
414	14	4	35.795	23.87	0	2	110.25	0.348	0.348	NA	0	NA	0	-69.444
415	14	5	35.958	24.114	0	2	107	0.641	0.637	NA	0.293	NA	56.31	56.31
416	14	6	35.958	24.073	0	2	85	0.682	0.601	NA	0.041	NA	-90	-146.31
417	14	7	35.917	23.87	0	2	53.583	0.889	0.407	NA	0.208	NA	-101.31	-11.31
418	14	8	35.835	23.666	0	2	53.583	1.109	0.203	NA	0.219	NA	-111.801	-10.491
419	14	9	35.835	23.666	0	2	27.25	1.109	0.203	NA	0	NA	0	111.801
420	14	10	36.039	23.951	0	2	32.389	1.459	0.548	NA	0.35	NA	54.462	54.462
421	14	11	35.958	23.748	0	2	37	1.678	0.35	NA	0.219	NA	-111.801	-166.264
422	14	12	35.917	23.707	0	2	51.25	1.735	0.293	NA	0.058	NA	-135	-23.199
423	14	13	36.08	23.789	0	2	76.917	1.917	0.475	NA	0.182	NA	26.565	161.565
424	14	14	36.08	23.87	0	2	70	1.999	0.521	NA	0.081	NA	90	63.435
425	14	15	36.08	23.87	0	2	49.25	1.999	0.521	NA	0	NA	0	-90
426	14	16	36.039	23.87	0	2	56.167	2.04	0.49	NA	0.041	NA	180	180
427	14	17	35.998	23.789	0	2	68.778	2.131	0.407	NA	0.091	NA	-116.565	63.435
428	14	18	35.998	23.789	0	2	32.389	2.131	0.407	NA	0	NA	0	116.565
429	14	19	35.998	23.789	0	2	38.944	2.131	0.407	NA	0	NA	0	0
430	14	20	36.283	23.951	0	2	115.361	2.459	0.734	NA	0.328	NA	29.745	29.745
431	14	21	36.324	23.992	0	2	86.5	2.516	0.79	NA	0.058	NA	45	15.255
432	14	22	35.998	23.789	0	2	33.778	2.9	0.407	NA	0.384	NA	-147.995	167.005
433	14	23	36.202	23.87	0	2	49.5	3.119	0.621	NA	0.219	NA	21.801	169.796
434	14	24	36.283	23.87	0	2	64.417	3.201	0.692	NA	0.081	NA	0	-21.801
435	14	25	36.487	24.033	0	2	97.083	3.461	0.949	NA	0.261	NA	38.66	38.66
436	14	26	36.609	24.277	0	2	71.361	3.734	1.189	NA	0.273	NA	63.435	24.775
437	14	27	36.365	24.196	0	2	73.444	3.992	0.95	NA	0.257	NA	-161.565	135
438	14	28	36.446	24.196	0	2	82.25	4.073	1.011	NA	0.081	NA	0	161.565
439	14	29	36.446	24.196	0	2	109.833	4.073	1.011	NA	0	NA	0	0
440	14	30	36.609	24.318	0	2	229.194	4.277	1.214	NA	0.203	NA	36.87	36.87
441	15	1	31.196	22.649	0	2	49.25	0	0	NA	NA	NA	NA	NA
442	15	2	30.992	22.242	0	2	57.139	0.455	0.455	NA	0.455	NA	-116.565	NA
443	15	3	30.911	21.876	0	2	128.667	0.83	0.824	NA	0.375	NA	-102.529	14.036
444	15	4	30.382	21.754	0	2	72.056	1.373	1.21	NA	0.543	NA	-167.005	-64.477
445	15	5	29.568	21.347	0	2	80.25	2.283	2.085	NA	0.91	NA	-153.435	13.57
446	15	6	29.568	21.306	0	2	99.167	2.324	2.11	NA	0.041	NA	-90	63.435
447	15	7	29.364	21.102	0	2	53.583	2.612	2.397	NA	0.288	NA	-135	-45
448	15	8	29.405	21.102	0	2	98.056	2.652	2.366	NA	0.041	NA	0	135
449	15	9	29.812	21.509	0	2	83	3.228	1.793	NA	0.576	NA	45	45
450	15	10	30.015	21.591	0	2	91.139	3.447	1.585	NA	0.219	NA	21.801	-23.199
451	15	11	29.771	21.347	0	2	48.556	3.793	1.93	NA	0.345	NA	-135	-156.801
452	15	12	29.731	21.835	0	2	56.167	4.283	1.676	NA	0.49	NA	94.764	-130.236
453	15	13	29.771	21.55	0	2	110.083	4.57	1.799	NA	0.288	NA	-81.87	-176.634
454	15	14	29.771	21.713	0	2	121.278	4.733	1.705	NA	0.163	NA	90	171.87
455	15	15	29.771	21.55	0	2	90.75	4.896	1.799	NA	0.163	NA	-90	-180
456	15	16	29.771	21.509	0	2	76	4.937	1.824	NA	0.041	NA	-90	0
457	15	17	29.893	21.306	0	2	83.667	5.174	1.871	NA	0.237	NA	-59.036	30.964
458	15	18	29.731	21.143	0	2	66	5.404	2.101	NA	0.23	NA	-135	-75.964
459	15	19	29.731	21.143	0	2	60.25	5.404	2.101	NA	0	NA	0	135
460	15	20	29.69	21.225	0	2	104.889	5.495	2.073	NA	0.091	NA	116.565	116.565
461	15	21	29.893	21.306	0	2	61.833	5.714	1.871	NA	0.219	NA	21.801	-94.764
462	15	22	29.893	21.306	0	2	134.917	5.714	1.871	NA	0	NA	0	-21.801
463	15	23	29.934	21.469	0	2	135.667	5.882	1.728	NA	0.168	NA	75.964	75.964
464	15	24	30.015	21.713	0	2	84.722	6.14	1.506	NA	0.257	NA	71.565	-4.399
465	15	25	30.219	21.591	0	2	87.917	6.377	1.44	NA	0.237	NA	-30.964	-102.529
466	15	26	30.626	21.509	0	2	60.5	6.792	1.274	NA	0.415	NA	-11.31	19.654
467	15	27	30.748	21.591	0	2	31.278	6.939	1.149	NA	0.147	NA	33.69	45
468	15	28	30.422	21.428	0	2	113.833	7.303	1.445	NA	0.364	NA	-153.435	172.875
469	15	29	30.422	21.428	0	2	108.417	7.303	1.445	NA	0	NA	0	153.435
470	15	30	30.504	21.306	0	2	101.75	7.45	1.511	NA	0.147	NA	-56.31	-56.31
471	15	31	30.26	21.062	0	2	30.25	7.795	1.843	NA	0.345	NA	-135	-78.69
472	15	32	30.422	21.265	0	2	78.417	8.055	1.585	NA	0.261	NA	51.34	-173.66
473	15	33	30.3	21.143	0	2	62.361	8.228	1.752	NA	0.173	NA	-135	173.66
474	15	34	30.422	21.265	0	2	73.444	8.401	1.585	NA	0.173	NA	45	180
475	15	35	30.463	21.102	0	2	27.5	8.569	1.711	NA	0.168	NA	-75.964	-120.964
476	15	36	30.829	21.754	0	2	16.25	9.316	0.967	NA	0.747	NA	60.642	136.606
477	16	1	26.963	19.271	0	2	52.639	0	0	NA	NA	NA	NA	NA
478	16	2	26.882	19.597	0	2	8	0.336	0.336	NA	0.336	NA	104.036	NA
479	16	3	27.085	19.556	0	2	41.278	0.543	0.31	NA	0.208	NA	-11.31	-115.346
480	16	4	27.085	19.556	0	2	46.333	0.543	0.31	NA	0	NA	0	11.31
481	16	5	26.882	19.515	0	2	101.778	0.751	0.257	NA	0.208	NA	-168.69	-168.69
482	16	6	26.882	19.515	0	2	84.778	0.751	0.257	NA	0	NA	0	168.69
483	16	7	27.126	19.556	0	2	22.917	0.998	0.328	NA	0.248	NA	9.462	9.462
484	16	8	26.271	19.108	0	2	0	1.963	0.711	NA	0.965	NA	-152.354	-161.816
485	16	9	26.76	19.474	0	2	35.667	2.574	0.288	NA	0.61	NA	36.87	-170.776
486	16	10	27.207	19.312	0	2	4.444	3.05	0.248	NA	0.476	NA	-19.983	-56.853
487	16	11	27.248	19.637	0	2	58.583	3.378	0.464	NA	0.328	NA	82.875	102.858
488	16	12	27.655	20.248	0	2	94.917	4.112	1.197	NA	0.734	NA	56.31	-26.565
489	16	13	27.492	20.248	0	2	88.778	4.275	1.111	NA	0.163	NA	180	123.69
490	16	14	27.492	20.166	0	2	79.778	4.356	1.04	NA	0.081	NA	-90	90
491	16	15	27.492	20.166	0	2	82	4.356	1.04	NA	0	NA	0	90
492	16	16	27.492	20.166	0	2	77.833	4.356	1.04	NA	0	NA	0	0
493	16	17	27.492	20.166	0	2	99.972	4.356	1.04	NA	0	NA	0	0
494	16	18	27.696	20.695	0	2	86.333	4.923	1.602	NA	0.567	NA	68.962	68.962
495	16	19	27.696	20.411	0	2	105.333	5.208	1.355	NA	0.285	NA	-90	-158.962
496	16	20	27.696	20.411	0	2	96.167	5.208	1.355	NA	0	NA	0	90
497	16	21	27.696	20.695	0	2	79.333	5.493	1.602	NA	0.285	NA	90	90
498	16	22	27.696	20.777	0	2	99.528	5.574	1.675	NA	0.081	NA	90	0
499	16	23	27.696	20.614	0	2	43.389	5.737	1.53	NA	0.163	NA	-90	-180
500	16	24	27.858	20.736	0	2	15.694	5.94	1.717	NA	0.203	NA	36.87	126.87
501	16	25	27.858	20.777	0	2	59.889	5.981	1.752	NA	0.041	NA	90	53.13
502	16	26	27.736	20.614	0	2	16.417	6.184	1.55	NA	0.203	NA	-126.87	143.13
503	16	27	27.777	20.777	0	2	71.5	6.352	1.712	NA	0.168	NA	75.964	-157.166
504	16	28	27.777	20.736	0	2	27.5	6.393	1.676	NA	0.041	NA	-90	-165.964
505	16	29	27.533	20.736	0	2	86.167	6.637	1.572	NA	0.244	NA	180	-90
506	16	30	27.614	20.695	0	2	90.5	6.728	1.566	NA	0.091	NA	-26.565	153.435
507	16	31	27.94	21.143	0	2	12.306	7.282	2.112	NA	0.554	NA	53.973	80.538
508	16	32	27.981	21.184	0	2	37.083	7.339	2.167	NA	0.058	NA	45	-8.973
509	16	33	27.981	21.265	0	2	34.306	7.421	2.239	NA	0.081	NA	90	45
510	16	34	28.225	21.794	0	2	33.917	8.003	2.821	NA	0.583	NA	65.225	-24.775
511	16	35	28.265	22.079	0	2	4.083	8.291	3.096	NA	0.288	NA	81.87	16.645
