Nr	TID	PID	x [micron]	y [micron]	t [sec]	c [idx]	I [val]	Len [micron]	D2S [micron]	D2R [micron]	D2P [micron]	v [micron/sec]	? [deg]	?? [deg]
1	1	1	27.122	27.831	0	2	23	0	0	NA	NA	NA	NA	NA
2	1	2	26.909	28.754	0	2	34	0.947	0.947	NA	0.947	NA	102.995	NA
3	1	3	26.696	29.109	0	2	11	1.36	1.346	NA	0.414	NA	120.964	17.969
4	1	4	26.058	29.676	0	2	11	2.215	2.13	NA	0.854	NA	138.366	17.403
5	1	5	26.483	30.315	0	2	11	2.982	2.564	NA	0.767	NA	56.31	-82.057
6	1	6	25.632	30.953	0	2	11	4.047	3.459	NA	1.064	NA	143.13	86.82
7	1	7	25.49	30.812	0	2	11	4.247	3.398	NA	0.201	NA	-135	81.87
8	1	8	25.632	31.024	0	2	46	4.503	3.523	NA	0.256	NA	56.31	-168.69
9	1	9	24.639	31.734	0	2	23	5.724	4.626	NA	1.221	NA	144.462	88.152
10	1	10	24.71	32.089	0	2	0	6.086	4.893	NA	0.362	NA	78.69	-65.772
11	1	11	24.213	32.443	0	2	46	6.696	5.453	NA	0.61	NA	144.462	65.772
12	1	12	24	32.372	0	2	23	6.92	5.511	NA	0.224	NA	-161.565	53.973
13	1	13	23.858	32.514	0	2	46	7.121	5.708	NA	0.201	NA	135	-63.435
14	1	14	24.142	32.585	0	2	11	7.414	5.611	NA	0.293	NA	14.036	-120.964
15	2	1	23.574	34.146	0	2	11	0	0	NA	NA	NA	NA	NA
16	2	2	24.142	34.217	0	2	11	0.572	0.572	NA	0.572	NA	7.125	NA
17	2	3	24.426	34.217	0	2	0	0.856	0.854	NA	0.284	NA	0	-7.125
18	2	4	24.426	34.217	0	2	11	0.856	0.854	NA	0	NA	0	0
19	2	5	24.284	34.146	0	2	11	1.015	0.71	NA	0.159	NA	-153.435	-153.435
20	2	6	24.284	34.217	0	2	23	1.085	0.713	NA	0.071	NA	90	-116.565
21	2	7	24.568	34.359	0	2	11	1.403	1.016	NA	0.317	NA	26.565	-63.435
22	2	8	23.787	34.501	0	2	11	2.196	0.414	NA	0.793	NA	169.695	143.13
23	2	9	24.355	34.217	0	2	34	2.831	0.784	NA	0.635	NA	-26.565	163.74
24	2	10	24.78	34.217	0	2	0	3.256	1.208	NA	0.426	NA	0	26.565
25	3	1	30.812	26.98	0	2	34	0	0	NA	NA	NA	NA	NA
26	3	2	31.024	26.98	0	2	46	0.213	0.213	NA	0.213	NA	0	NA
27	3	3	30.599	27.477	0	2	46	0.867	0.54	NA	0.654	NA	130.601	130.601
28	3	4	30.102	28.044	0	2	34	1.621	1.279	NA	0.754	NA	131.186	0.585
29	3	5	30.031	28.47	0	2	23	2.053	1.682	NA	0.432	NA	99.462	-31.724
30	3	6	30.031	28.612	0	2	0	2.195	1.809	NA	0.142	NA	90	-9.462
31	3	7	29.889	29.463	0	2	11	3.058	2.649	NA	0.863	NA	99.462	9.462
32	3	8	29.747	29.038	0	2	23	3.507	2.317	NA	0.449	NA	-108.435	152.103
33	4	1	33.792	27.193	0	2	0	0	0	NA	NA	NA	NA	NA
34	4	2	32.727	28.044	0	2	34	1.363	1.363	NA	1.363	NA	141.34	NA
35	4	3	32.585	28.47	0	2	23	1.812	1.757	NA	0.449	NA	108.435	-32.905
36	4	4	31.805	28.825	0	2	11	2.669	2.571	NA	0.857	NA	155.556	47.121
37	4	5	31.734	28.967	0	2	58	2.828	2.717	NA	0.159	NA	116.565	-38.991
38	4	6	31.166	29.321	0	2	11	3.497	3.38	NA	0.669	NA	147.995	31.43
39	4	7	31.166	29.605	0	2	34	3.781	3.565	NA	0.284	NA	90	-57.995
40	4	8	31.166	29.18	0	2	34	4.207	3.292	NA	0.426	NA	-90	-180
41	4	9	31.166	29.18	0	2	23	4.207	3.292	NA	0	NA	0	90
42	4	10	31.521	29.534	0	2	0	4.708	3.262	NA	0.502	NA	45	45
43	4	11	31.379	29.818	0	2	11	5.026	3.565	NA	0.317	NA	116.565	71.565
44	4	12	31.024	29.818	0	2	0	5.38	3.814	NA	0.355	NA	180	63.435
45	4	13	31.095	30.031	0	2	34	5.605	3.915	NA	0.224	NA	71.565	-108.435
46	4	14	30.812	29.96	0	2	23	5.897	4.067	NA	0.293	NA	-165.964	122.471
47	4	15	30.953	29.889	0	2	0	6.056	3.915	NA	0.159	NA	-26.565	139.399
48	4	16	31.379	29.747	0	2	46	6.505	3.513	NA	0.449	NA	-18.435	8.13
49	4	17	31.308	30.031	0	2	11	6.797	3.771	NA	0.293	NA	104.036	122.471
50	4	18	31.095	29.676	0	2	11	7.211	3.666	NA	0.414	NA	-120.964	135
51	4	19	31.024	29.889	0	2	23	7.435	3.864	NA	0.224	NA	108.435	-130.601
52	4	20	30.882	29.605	0	2	11	7.753	3.779	NA	0.317	NA	-116.565	135
53	4	21	31.237	29.605	0	2	11	8.107	3.513	NA	0.355	NA	0	116.565
54	4	22	31.166	30.102	0	2	34	8.609	3.919	NA	0.502	NA	98.13	98.13
55	4	23	30.953	30.102	0	2	46	8.822	4.064	NA	0.213	NA	180	81.87
56	4	24	31.095	30.741	0	2	23	9.476	4.456	NA	0.654	NA	77.471	-102.529
57	4	25	30.315	31.734	0	2	11	10.739	5.719	NA	1.263	NA	128.157	50.686
58	5	1	32.089	41.313	0	2	0	0	0	NA	NA	NA	NA	NA
59	5	2	32.16	41.313	0	2	23	0.071	0.071	NA	0.071	NA	0	NA
60	5	3	32.16	41.313	0	2	23	0.071	0.071	NA	0	NA	0	0
61	5	4	32.16	41.313	0	2	0	0.071	0.071	NA	0	NA	0	0
62	6	1	32.16	41.313	0	2	23	0	0	NA	NA	NA	NA	NA
63	6	2	31.876	41.313	0	2	11	0.284	0.284	NA	0.284	NA	180	NA
64	6	3	32.231	41.313	0	2	0	0.639	0.071	NA	0.355	NA	0	-180
65	6	4	32.231	41.313	0	2	11	0.639	0.071	NA	0	NA	0	0
66	6	5	32.231	41.313	0	2	11	0.639	0.071	NA	0	NA	0	0
67	6	6	32.231	41.313	0	2	11	0.639	0.071	NA	0	NA	0	0
68	6	7	32.231	41.384	0	2	0	0.71	0.1	NA	0.071	NA	90	90
69	6	8	32.302	41.384	0	2	0	0.78	0.159	NA	0.071	NA	0	-90
70	6	9	32.302	41.384	0	2	0	0.78	0.159	NA	0	NA	0	0
71	6	10	32.372	41.313	0	2	0	0.881	0.213	NA	0.1	NA	-45	-45
72	6	11	32.302	41.313	0	2	11	0.952	0.142	NA	0.071	NA	180	-135
73	6	12	32.302	41.313	0	2	11	0.952	0.142	NA	0	NA	0	-180
74	6	13	32.302	41.313	0	2	11	0.952	0.142	NA	0	NA	0	0
75	6	14	32.16	41.242	0	2	0	1.11	0.071	NA	0.159	NA	-153.435	-153.435
76	6	15	32.372	41.171	0	2	0	1.335	0.256	NA	0.224	NA	-18.435	135
77	6	16	32.231	41.455	0	2	11	1.652	0.159	NA	0.317	NA	116.565	135
78	6	17	32.372	41.525	0	2	0	1.811	0.301	NA	0.159	NA	26.565	-90
79	6	18	32.231	41.313	0	2	0	2.067	0.071	NA	0.256	NA	-123.69	-150.255
80	6	19	32.16	41.313	0	2	23	2.138	0	NA	0.071	NA	180	-56.31
81	6	20	32.231	41.455	0	2	11	2.296	0.159	NA	0.159	NA	63.435	-116.565
82	6	21	32.231	41.313	0	2	0	2.438	0.071	NA	0.142	NA	-90	-153.435
83	6	22	32.514	41.171	0	2	0	2.755	0.382	NA	0.317	NA	-26.565	63.435
84	6	23	32.372	41.1	0	2	11	2.914	0.301	NA	0.159	NA	-153.435	-126.87
85	6	24	32.443	41.1	0	2	0	2.985	0.355	NA	0.071	NA	0	153.435
86	6	25	32.443	41.029	0	2	23	3.056	0.401	NA	0.071	NA	-90	-90
87	6	26	32.443	41.029	0	2	0	3.056	0.401	NA	0	NA	0	90
88	6	27	32.443	41.029	0	2	0	3.056	0.401	NA	0	NA	0	0
89	6	28	32.443	41.029	0	2	0	3.056	0.401	NA	0	NA	0	0
90	6	29	32.443	41.029	0	2	0	3.056	0.401	NA	0	NA	0	0
91	6	30	32.443	41.1	0	2	0	3.127	0.355	NA	0.071	NA	90	90
92	6	31	32.16	41.242	0	2	11	3.444	0.071	NA	0.317	NA	153.435	63.435
93	6	32	32.302	41.313	0	2	11	3.603	0.142	NA	0.159	NA	26.565	-126.87
94	6	33	32.372	41.242	0	2	23	3.703	0.224	NA	0.1	NA	-45	-71.565
95	6	34	32.089	41.171	0	2	0	3.996	0.159	NA	0.293	NA	-165.964	-120.964
96	6	35	32.16	41.171	0	2	0	4.067	0.142	NA	0.071	NA	0	165.964
97	6	36	32.16	41.455	0	2	0	4.351	0.142	NA	0.284	NA	90	90
98	6	37	32.018	41.313	0	2	11	4.551	0.142	NA	0.201	NA	-135	135
99	6	38	32.018	41.313	0	2	34	4.551	0.142	NA	0	NA	0	135
100	6	39	32.231	41.242	0	2	0	4.776	0.1	NA	0.224	NA	-18.435	-18.435
101	6	40	32.018	41.242	0	2	0	4.989	0.159	NA	0.213	NA	180	-161.565
102	6	41	32.018	41.242	0	2	23	4.989	0.159	NA	0	NA	0	-180
103	6	42	32.018	41.313	0	2	0	5.059	0.142	NA	0.071	NA	90	90
104	6	43	31.663	41.455	0	2	34	5.442	0.517	NA	0.382	NA	158.199	68.199
105	6	44	31.663	41.455	0	2	11	5.442	0.517	NA	0	NA	0	-158.199
106	7	1	31.166	41.525	0	2	11	0	0	NA	NA	NA	NA	NA
107	7	2	31.308	41.738	0	2	0	0.256	0.256	NA	0.256	NA	56.31	NA
108	8	1	31.237	41.809	0	2	23	0	0	NA	NA	NA	NA	NA
109	8	2	31.521	41.525	0	2	11	0.401	0.401	NA	0.401	NA	-45	NA
110	8	3	31.521	41.525	0	2	11	0.401	0.401	NA	0	NA	0	45
111	8	4	31.095	41.525	0	2	0	0.827	0.317	NA	0.426	NA	180	180
112	8	5	31.308	41.738	0	2	11	1.128	0.1	NA	0.301	NA	45	-135
113	8	6	31.308	41.667	0	2	11	1.199	0.159	NA	0.071	NA	-90	-135
114	8	7	31.521	41.667	0	2	0	1.412	0.317	NA	0.213	NA	0	90
115	8	8	31.308	41.667	0	2	0	1.625	0.159	NA	0.213	NA	180	180
116	8	9	31.45	41.667	0	2	11	1.767	0.256	NA	0.142	NA	0	-180
117	8	10	31.308	41.738	0	2	0	1.925	0.1	NA	0.159	NA	153.435	153.435
118	8	11	31.095	41.88	0	2	0	2.181	0.159	NA	0.256	NA	146.31	-7.125
119	8	12	31.237	41.88	0	2	0	2.323	0.071	NA	0.142	NA	0	-146.31
120	8	13	31.379	41.596	0	2	0	2.64	0.256	NA	0.317	NA	-63.435	-63.435
121	8	14	31.521	41.738	0	2	0	2.841	0.293	NA	0.201	NA	45	108.435
122	8	15	31.521	41.809	0	2	0	2.912	0.284	NA	0.071	NA	90	45
123	8	16	31.663	41.809	0	2	0	3.054	0.426	NA	0.142	NA	0	-90
124	8	17	31.45	41.809	0	2	0	3.267	0.213	NA	0.213	NA	180	180
125	8	18	31.308	41.667	0	2	0	3.467	0.159	NA	0.201	NA	-135	45
126	8	19	31.379	41.596	0	2	0	3.568	0.256	NA	0.1	NA	-45	90
127	8	20	31.663	41.596	0	2	0	3.852	0.476	NA	0.284	NA	0	45
128	8	21	31.521	41.738	0	2	23	4.052	0.293	NA	0.201	NA	135	135
129	8	22	31.308	41.667	0	2	11	4.277	0.159	NA	0.224	NA	-161.565	63.435
130	8	23	31.805	41.596	0	2	0	4.778	0.606	NA	0.502	NA	-8.13	153.435
131	8	24	31.592	41.384	0	2	11	5.079	0.554	NA	0.301	NA	-135	-126.87
132	8	25	31.521	41.667	0	2	11	5.372	0.317	NA	0.293	NA	104.036	-120.964
133	8	26	31.663	41.667	0	2	11	5.514	0.449	NA	0.142	NA	0	-104.036
134	9	1	33.862	25.206	0	2	34	0	0	NA	NA	NA	NA	NA
135	9	2	33.933	25.845	0	2	0	0.643	0.643	NA	0.643	NA	83.66	NA
136	9	3	33.933	26.129	0	2	0	0.926	0.925	NA	0.284	NA	90	6.34
137	9	4	34.004	26.27	0	2	0	1.085	1.074	NA	0.159	NA	63.435	-26.565
138	9	5	33.792	26.27	0	2	11	1.298	1.067	NA	0.213	NA	180	116.565
139	9	6	34.146	26.129	0	2	0	1.68	0.965	NA	0.382	NA	-21.801	158.199
140	9	7	34.146	26.129	0	2	0	1.68	0.965	NA	0	NA	0	21.801
141	9	8	34.146	25.987	0	2	0	1.822	0.83	NA	0.142	NA	-90	-90
142	9	9	34.146	25.916	0	2	11	1.893	0.764	NA	0.071	NA	-90	0
143	10	1	33.862	26.412	0	2	11	0	0	NA	NA	NA	NA	NA
144	10	2	34.217	26.412	0	2	23	0.355	0.355	NA	0.355	NA	0	NA
145	10	3	34.288	26.554	0	2	23	0.513	0.449	NA	0.159	NA	63.435	63.435
146	10	4	34.004	26.412	0	2	0	0.831	0.142	NA	0.317	NA	-153.435	143.13
147	10	5	33.933	26.483	0	2	11	0.931	0.1	NA	0.1	NA	135	-71.565
148	10	6	33.437	26.412	0	2	0	1.433	0.426	NA	0.502	NA	-171.87	53.13
