Nr	TID	PID	x [micron]	y [micron]	t [sec]	c [idx]	I [val]	Len [micron]	D2S [micron]	D2R [micron]	D2P [micron]	v [micron/sec]	? [deg]	?? [deg]
1	2	1	16.54	17.868	0	2	223	0	0	NA	NA	NA	NA	NA
2	2	2	17.921	18.028	0	2	102	1.391	1.391	NA	1.391	NA	6.582	NA
3	2	3	18.081	17.39	0	2	74	2.048	1.614	NA	0.657	NA	-75.964	-82.546
4	2	4	18.081	17.39	0	2	93	2.048	1.614	NA	0	NA	0	75.964
5	2	5	18.187	17.018	0	2	74	2.435	1.854	NA	0.387	NA	-74.055	-74.055
6	2	6	18.081	17.071	0	2	46	2.554	1.735	NA	0.119	NA	153.435	-132.51
7	2	7	17.921	17.284	0	2	55	2.819	1.5	NA	0.266	NA	126.87	-26.565
8	2	8	18.506	16.965	0	2	46	3.485	2.164	NA	0.666	NA	-28.61	-155.48
9	2	9	18.559	16.965	0	2	83	3.538	2.212	NA	0.053	NA	0	28.61
10	2	10	18.506	16.912	0	2	74	3.614	2.186	NA	0.075	NA	-135	-135
11	2	11	18.612	16.858	0	2	37	3.732	2.305	NA	0.119	NA	-26.565	108.435
12	2	12	18.825	16.487	0	2	55	4.161	2.67	NA	0.428	NA	-60.255	-33.69
13	2	13	18.506	16.54	0	2	102	4.484	2.373	NA	0.323	NA	170.538	-129.207
14	2	14	18.4	16.752	0	2	37	4.722	2.169	NA	0.238	NA	116.565	-53.973
15	2	15	17.284	17.071	0	2	255	5.882	1.09	NA	1.161	NA	164.055	47.49
16	2	16	16.912	17.23	0	2	255	6.287	0.738	NA	0.405	NA	156.801	-7.253
17	2	17	15.689	17.23	0	2	37	7.509	1.063	NA	1.222	NA	180	23.199
18	2	18	15.317	17.124	0	2	18	7.896	1.431	NA	0.387	NA	-164.055	15.945
19	2	19	15.743	17.018	0	2	37	8.334	1.165	NA	0.438	NA	-14.036	150.018
20	2	20	15.743	17.018	0	2	65	8.334	1.165	NA	0	NA	0	14.036
21	2	21	15.583	17.018	0	2	83	8.494	1.28	NA	0.159	NA	180	180
22	2	22	15.636	17.284	0	2	27	8.765	1.076	NA	0.271	NA	78.69	-101.31
23	2	23	15.264	17.23	0	2	18	9.14	1.426	NA	0.376	NA	-171.87	109.44
24	3	1	16.593	19.143	0	2	149	0	0	NA	NA	NA	NA	NA
25	3	2	16.593	19.143	0	2	186	0	0	NA	0	NA	0	NA
26	3	3	16.593	19.143	0	2	177	0	0	NA	0	NA	0	0
27	3	4	16.593	19.197	0	2	102	0.053	0.053	NA	0.053	NA	90	90
28	3	5	16.487	19.25	0	2	93	0.172	0.15	NA	0.119	NA	153.435	63.435
29	3	6	16.487	19.303	0	2	55	0.225	0.192	NA	0.053	NA	90	-63.435
30	3	7	16.38	19.356	0	2	65	0.344	0.301	NA	0.119	NA	153.435	63.435
31	3	8	16.38	18.931	0	2	121	0.769	0.301	NA	0.425	NA	-90	116.565
32	3	9	16.38	18.931	0	2	93	0.769	0.301	NA	0	NA	0	90
33	3	10	16.38	18.878	0	2	186	0.822	0.34	NA	0.053	NA	-90	-90
34	3	11	16.274	18.559	0	2	158	1.158	0.666	NA	0.336	NA	-108.435	-18.435
35	3	12	16.274	18.559	0	2	255	1.158	0.666	NA	0	NA	0	108.435
36	3	13	15.955	18.878	0	2	186	1.609	0.691	NA	0.451	NA	135	135
37	3	14	15.636	18.772	0	2	177	1.945	1.026	NA	0.336	NA	-161.565	63.435
38	3	15	15.636	18.772	0	2	111	1.945	1.026	NA	0	NA	0	161.565
39	3	16	15.583	18.878	0	2	139	2.064	1.044	NA	0.119	NA	116.565	116.565
40	3	17	15.583	18.878	0	2	102	2.064	1.044	NA	0	NA	0	-116.565
41	3	18	15.796	18.984	0	2	149	2.302	0.813	NA	0.238	NA	26.565	26.565
42	3	19	15.743	19.09	0	2	167	2.421	0.852	NA	0.119	NA	116.565	90
43	3	20	15.743	19.143	0	2	158	2.474	0.85	NA	0.053	NA	90	-26.565
44	3	21	15.636	19.197	0	2	205	2.593	0.958	NA	0.119	NA	153.435	63.435
45	3	22	15.636	19.197	0	2	130	2.593	0.958	NA	0	NA	0	-153.435
46	3	23	15.477	19.409	0	2	93	2.858	1.147	NA	0.266	NA	126.87	126.87
47	3	24	15.477	19.515	0	2	149	2.964	1.176	NA	0.106	NA	90	-36.87
48	3	25	15.53	19.622	0	2	74	3.083	1.165	NA	0.119	NA	63.435	-26.565
49	3	26	15.317	19.675	0	2	139	3.302	1.382	NA	0.219	NA	165.964	102.529
50	3	27	15.264	19.887	0	2	139	3.522	1.523	NA	0.219	NA	104.036	-61.928
51	3	28	15.211	19.941	0	2	65	3.597	1.595	NA	0.075	NA	135	30.964
52	3	29	15.158	19.675	0	2	130	3.868	1.53	NA	0.271	NA	-101.31	123.69
53	3	30	15.264	19.569	0	2	74	4.018	1.395	NA	0.15	NA	-45	56.31
54	3	31	15.317	19.569	0	2	55	4.071	1.344	NA	0.053	NA	0	45
55	3	32	15.583	19.675	0	2	74	4.357	1.141	NA	0.286	NA	21.801	21.801
56	3	33	15.53	19.622	0	2	102	4.432	1.165	NA	0.075	NA	-135	-156.801
57	4	1	18.825	13.511	0	2	177	0	0	NA	NA	NA	NA	NA
58	4	2	18.825	13.511	0	2	167	0	0	NA	0	NA	0	NA
59	4	3	18.825	13.511	0	2	74	0	0	NA	0	NA	0	0
60	4	4	18.931	13.511	0	2	205	0.106	0.106	NA	0.106	NA	0	0
61	4	5	18.718	13.564	0	2	149	0.325	0.119	NA	0.219	NA	165.964	165.964
62	4	6	18.665	13.617	0	2	65	0.401	0.192	NA	0.075	NA	135	-30.964
63	4	7	18.665	13.617	0	2	186	0.401	0.192	NA	0	NA	0	-135
64	4	8	18.612	13.511	0	2	177	0.519	0.213	NA	0.119	NA	-116.565	-116.565
65	4	9	18.612	13.511	0	2	139	0.519	0.213	NA	0	NA	0	116.565
66	4	10	18.612	13.564	0	2	167	0.572	0.219	NA	0.053	NA	90	90
67	4	11	18.878	13.564	0	2	149	0.838	0.075	NA	0.266	NA	0	-90
68	4	12	19.25	13.564	0	2	18	1.21	0.428	NA	0.372	NA	0	0
69	4	13	19.25	13.564	0	2	111	1.21	0.428	NA	0	NA	0	0
70	4	14	18.931	13.723	0	2	205	1.567	0.238	NA	0.356	NA	153.435	153.435
71	4	15	19.09	13.723	0	2	214	1.726	0.34	NA	0.159	NA	0	-153.435
72	4	16	19.09	13.723	0	2	139	1.726	0.34	NA	0	NA	0	0
73	4	17	19.09	13.723	0	2	195	1.726	0.34	NA	0	NA	0	0
74	4	18	19.143	13.617	0	2	46	1.845	0.336	NA	0.119	NA	-63.435	-63.435
75	4	19	19.143	13.617	0	2	65	1.845	0.336	NA	0	NA	0	63.435
76	4	20	19.143	13.617	0	2	46	1.845	0.336	NA	0	NA	0	0
77	4	21	19.197	13.617	0	2	65	1.898	0.387	NA	0.053	NA	0	0
78	4	22	19.356	13.564	0	2	55	2.066	0.534	NA	0.168	NA	-18.435	-18.435
79	4	23	19.197	13.351	0	2	93	2.332	0.405	NA	0.266	NA	-126.87	-108.435
80	4	24	16.593	14.999	0	2	130	5.413	2.682	NA	3.081	NA	147.68	-85.45
81	5	1	18.346	20.153	0	2	46	0	0	NA	NA	NA	NA	NA
82	5	2	18.346	20.1	0	2	102	0.053	0.053	NA	0.053	NA	-90	NA
83	5	3	18.346	20.1	0	2	139	0.053	0.053	NA	0	NA	0	90
84	5	4	18.346	20.1	0	2	121	0.053	0.053	NA	0	NA	0	0
85	5	5	18.346	20.1	0	2	55	0.053	0.053	NA	0	NA	0	0
86	5	6	18.346	20.047	0	2	74	0.106	0.106	NA	0.053	NA	-90	-90
87	5	7	18.346	20.047	0	2	65	0.106	0.106	NA	0	NA	0	90
88	5	8	18.453	19.994	0	2	55	0.225	0.192	NA	0.119	NA	-26.565	-26.565
89	5	9	18.453	19.994	0	2	74	0.225	0.192	NA	0	NA	0	26.565
90	5	10	18.4	19.994	0	2	149	0.278	0.168	NA	0.053	NA	180	180
91	5	11	18.4	19.994	0	2	121	0.278	0.168	NA	0	NA	0	-180
92	5	12	18.293	19.941	0	2	111	0.397	0.219	NA	0.119	NA	-153.435	-153.435
93	5	13	18.293	19.941	0	2	121	0.397	0.219	NA	0	NA	0	153.435
94	5	14	18.24	19.887	0	2	55	0.472	0.286	NA	0.075	NA	-135	-135
95	5	15	18.028	19.941	0	2	74	0.691	0.383	NA	0.219	NA	165.964	-59.036
96	5	16	17.921	20.153	0	2	83	0.929	0.425	NA	0.238	NA	116.565	-49.399
97	5	17	17.868	20.153	0	2	139	0.982	0.478	NA	0.053	NA	180	63.435
98	5	18	17.868	20.153	0	2	139	0.982	0.478	NA	0	NA	0	-180
99	5	19	17.815	20.153	0	2	9	1.035	0.531	NA	0.053	NA	180	180
100	5	20	17.974	19.994	0	2	121	1.261	0.405	NA	0.225	NA	-45	135
101	6	1	19.515	18.878	0	2	93	0	0	NA	NA	NA	NA	NA
102	6	2	19.515	18.984	0	2	158	0.106	0.106	NA	0.106	NA	90	NA
103	6	3	19.356	19.25	0	2	102	0.416	0.405	NA	0.31	NA	120.964	30.964
104	6	4	19.569	19.409	0	2	55	0.682	0.534	NA	0.266	NA	36.87	-84.094
105	6	5	19.515	19.569	0	2	74	0.85	0.691	NA	0.168	NA	108.435	71.565
106	6	6	19.515	19.728	0	2	55	1.009	0.85	NA	0.159	NA	90	-18.435
107	6	7	19.462	19.675	0	2	9	1.084	0.799	NA	0.075	NA	-135	135
108	6	8	19.515	19.569	0	2	65	1.203	0.691	NA	0.119	NA	-63.435	71.565
109	6	9	19.515	19.569	0	2	37	1.203	0.691	NA	0	NA	0	63.435
110	6	10	19.303	19.356	0	2	55	1.504	0.523	NA	0.301	NA	-135	-135
111	6	11	19.303	19.303	0	2	83	1.557	0.475	NA	0.053	NA	-90	45
112	6	12	19.197	19.515	0	2	74	1.795	0.713	NA	0.238	NA	116.565	-153.435
113	6	13	18.931	19.462	0	2	111	2.066	0.827	NA	0.271	NA	-168.69	74.745
114	6	14	19.037	19.462	0	2	83	2.172	0.755	NA	0.106	NA	0	168.69
115	6	15	18.984	19.462	0	2	74	2.225	0.79	NA	0.053	NA	180	180
116	6	16	18.931	20.472	0	2	139	3.236	1.698	NA	1.011	NA	93.013	-86.987
117	6	17	18.878	20.419	0	2	130	3.311	1.668	NA	0.075	NA	-135	131.987
118	6	18	18.825	20.472	0	2	158	3.386	1.737	NA	0.075	NA	135	-90
119	6	19	19.037	19.887	0	2	102	4.008	1.117	NA	0.622	NA	-70.017	154.983
120	6	20	18.559	20.206	0	2	46	4.583	1.637	NA	0.575	NA	146.31	-143.673
121	6	21	18.24	20.1	0	2	55	4.919	1.766	NA	0.336	NA	-161.565	52.125
122	6	22	18.134	20.313	0	2	65	5.157	1.992	NA	0.238	NA	116.565	-81.87
123	6	23	18.081	20.419	0	2	74	5.276	2.106	NA	0.119	NA	116.565	0
124	6	24	18.081	20.472	0	2	83	5.329	2.145	NA	0.053	NA	90	-26.565
125	7	1	12.714	24.989	0	2	177	0	0	NA	NA	NA	NA	NA
126	7	2	12.767	24.829	0	2	158	0.168	0.168	NA	0.168	NA	-71.565	NA
127	7	3	13.086	24.989	0	2	177	0.525	0.372	NA	0.356	NA	26.565	98.13
128	7	4	13.086	25.042	0	2	111	0.578	0.376	NA	0.053	NA	90	63.435
129	7	5	13.936	25.201	0	2	93	1.443	1.241	NA	0.865	NA	10.62	-79.38
130	7	6	14.361	25.201	0	2	37	1.868	1.661	NA	0.425	NA	0	-10.62
131	7	7	16.593	25.255	0	2	0	4.1	3.888	NA	2.232	NA	1.364	1.364
132	7	8	13.883	25.255	0	2	111	6.81	1.199	NA	2.71	NA	180	178.636
133	7	9	13.404	25.68	0	2	74	7.45	0.977	NA	0.64	NA	138.366	-41.634
134	8	1	14.892	26.583	0	2	37	0	0	NA	NA	NA	NA	NA
135	8	2	14.892	26.583	0	2	9	0	0	NA	0	NA	0	NA
136	8	3	14.892	26.583	0	2	37	0	0	NA	0	NA	0	0
137	8	4	14.892	26.583	0	2	18	0	0	NA	0	NA	0	0
138	8	5	15.264	26.53	0	2	18	0.376	0.376	NA	0.376	NA	-8.13	-8.13
139	8	6	15.264	26.53	0	2	18	0.376	0.376	NA	0	NA	0	8.13
140	8	7	16.487	26.477	0	2	9	1.599	1.598	NA	1.223	NA	-2.49	-2.49
141	8	8	15.424	26.264	0	2	27	2.683	0.62	NA	1.084	NA	-168.69	-166.201
142	8	9	15.371	26.317	0	2	55	2.758	0.547	NA	0.075	NA	135	-56.31
143	8	10	15.371	26.317	0	2	18	2.758	0.547	NA	0	NA	0	-135
144	8	11	15.105	26.317	0	2	65	3.024	0.34	NA	0.266	NA	180	180
145	8	12	15.105	26.317	0	2	27	3.024	0.34	NA	0	NA	0	-180
146	8	13	15.105	26.317	0	2	46	3.024	0.34	NA	0	NA	0	0
147	8	14	15.317	26.37	0	2	46	3.243	0.475	NA	0.219	NA	14.036	14.036
148	8	15	15.636	26.211	0	2	83	3.599	0.832	NA	0.356	NA	-26.565	-40.601
149	9	1	13.67	25.839	0	2	46	0	0	NA	NA	NA	NA	NA
150	9	2	13.67	25.839	0	2	83	0	0	NA	0	NA	0	NA
151	9	3	13.511	25.839	0	2	37	0.159	0.159	NA	0.159	NA	180	180
152	9	4	13.776	25.68	0	2	74	0.469	0.192	NA	0.31	NA	-30.964	149.036
153	9	5	13.83	25.68	0	2	55	0.522	0.225	NA	0.053	NA	0	30.964
154	9	6	13.989	25.627	0	2	27	0.69	0.383	NA	0.168	NA	-18.435	-18.435
155	9	7	14.574	25.733	0	2	93	1.285	0.91	NA	0.594	NA	10.305	28.74
156	9	8	14.786	25.733	0	2	130	1.497	1.121	NA	0.213	NA	0	-10.305
157	9	9	14.945	25.786	0	2	130	1.665	1.276	NA	0.168	NA	18.435	18.435
158	9	10	15.158	25.786	0	2	9	1.878	1.489	NA	0.213	NA	0	-18.435
159	9	11	14.786	25.998	0	2	83	2.306	1.127	NA	0.428	NA	150.255	150.255
160	9	12	14.839	26.052	0	2	102	2.381	1.188	NA	0.075	NA	45	-105.255
161	9	13	15.264	26.052	0	2	65	2.806	1.608	NA	0.425	NA	0	-45
162	9	14	15.371	26.105	0	2	18	2.925	1.721	NA	0.119	NA	26.565	26.565
163	9	15	15.317	25.839	0	2	83	3.196	1.647	NA	0.271	NA	-101.31	-127.875
164	9	16	15.317	25.68	0	2	55	3.356	1.655	NA	0.159	NA	-90	11.31
165	9	17	15.211	25.733	0	2	65	3.474	1.545	NA	0.119	NA	153.435	-116.565
166	9	18	14.945	25.68	0	2	18	3.745	1.285	NA	0.271	NA	-168.69	37.875
167	9	19	15.211	25.892	0	2	111	4.086	1.542	NA	0.34	NA	38.66	-152.65
168	9	20	14.999	26.105	0	2	111	4.386	1.355	NA	0.301	NA	135	96.34
169	9	21	15.052	26.052	0	2	55	4.461	1.398	NA	0.075	NA	-45	-180
170	9	22	14.786	25.998	0	2	65	4.732	1.127	NA	0.271	NA	-168.69	-123.69
171	9	23	14.786	25.998	0	2	74	4.732	1.127	NA	0	NA	0	168.69
172	9	24	15.105	26.052	0	2	65	5.056	1.45	NA	0.323	NA	9.462	9.462
173	9	25	15.105	26.052	0	2	27	5.056	1.45	NA	0	NA	0	-9.462
174	9	26	15.317	26.105	0	2	37	5.275	1.669	NA	0.219	NA	14.036	14.036
175	9	27	15.371	26.052	0	2	111	5.35	1.714	NA	0.075	NA	-45	-59.036
176	9	28	15.902	26.211	0	2	27	5.905	2.263	NA	0.555	NA	16.699	61.699
177	9	29	15.902	26.211	0	2	46	5.905	2.263	NA	0	NA	0	-16.699
178	9	30	15.796	26.211	0	2	27	6.011	2.158	NA	0.106	NA	180	180
179	9	31	16.168	26.211	0	2	37	6.383	2.525	NA	0.372	NA	0	-180
180	9	32	16.274	25.945	0	2	37	6.669	2.606	NA	0.286	NA	-68.199	-68.199
181	9	33	15.796	26.105	0	2	37	7.173	2.142	NA	0.504	NA	161.565	-130.236
182	9	34	15.636	25.892	0	2	9	7.439	1.967	NA	0.266	NA	-126.87	71.565
183	9	35	15.636	25.892	0	2	18	7.439	1.967	NA	0	NA	0	126.87
184	9	36	15.689	25.839	0	2	46	7.514	2.019	NA	0.075	NA	-45	-45
185	9	37	15.902	25.998	0	2	27	7.78	2.238	NA	0.266	NA	36.87	81.87
186	9	38	15.583	26.105	0	2	55	8.116	1.931	NA	0.336	NA	161.565	124.695
187	9	39	15.743	26.158	0	2	37	8.284	2.097	NA	0.168	NA	18.435	-143.13
188	9	40	15.583	26.052	0	2	74	8.475	1.925	NA	0.192	NA	-146.31	-164.745
189	10	1	15.477	27.805	0	2	27	0	0	NA	NA	NA	NA	NA
190	10	2	13.989	27.752	0	2	65	1.489	1.489	NA	1.489	NA	-177.955	NA
191	10	3	13.776	27.752	0	2	46	1.701	1.701	NA	0.213	NA	180	-2.045
192	10	4	13.617	27.752	0	2	83	1.861	1.861	NA	0.159	NA	180	0
193	10	5	13.617	27.752	0	2	46	1.861	1.861	NA	0	NA	0	-180
194	10	6	13.617	27.752	0	2	65	1.861	1.861	NA	0	NA	0	0
195	11	1	19.622	22.438	0	2	27	0	0	NA	NA	NA	NA	NA
196	11	2	19.622	22.438	0	2	37	0	0	NA	0	NA	0	NA
197	11	3	19.622	22.491	0	2	27	0.053	0.053	NA	0.053	NA	90	90
198	11	4	19.675	22.491	0	2	65	0.106	0.075	NA	0.053	NA	0	-90
199	11	5	19.728	22.491	0	2	27	0.159	0.119	NA	0.053	NA	0	0
200	11	6	19.887	22.279	0	2	93	0.425	0.31	NA	0.266	NA	-53.13	-53.13
201	11	7	19.834	22.438	0	2	65	0.593	0.213	NA	0.168	NA	108.435	161.565
202	11	8	19.941	22.544	0	2	37	0.743	0.336	NA	0.15	NA	45	-63.435
203	11	9	19.994	22.651	0	2	74	0.862	0.428	NA	0.119	NA	63.435	18.435
204	11	10	20.1	22.863	0	2	18	1.1	0.64	NA	0.238	NA	63.435	0
205	11	11	20.366	23.023	0	2	46	1.41	0.946	NA	0.31	NA	30.964	-32.471
206	11	12	20.206	23.076	0	2	46	1.578	0.865	NA	0.168	NA	161.565	130.601
207	11	13	20.206	23.076	0	2	27	1.578	0.865	NA	0	NA	0	-161.565
208	11	14	20.685	22.97	0	2	18	2.068	1.188	NA	0.49	NA	-12.529	-12.529
209	11	15	20.738	23.182	0	2	9	2.287	1.341	NA	0.219	NA	75.964	88.493
210	12	1	21.694	22.651	0	2	37	0	0	NA	NA	NA	NA	NA
211	12	2	21.428	22.438	0	2	46	0.34	0.34	NA	0.34	NA	-141.34	NA
212	12	3	21.11	22.279	0	2	9	0.697	0.693	NA	0.356	NA	-153.435	-12.095
213	12	4	21.163	22.279	0	2	27	0.75	0.649	NA	0.053	NA	0	153.435
214	12	5	21.269	22.279	0	2	37	0.856	0.565	NA	0.106	NA	0	0
215	12	6	21.375	22.279	0	2	37	0.962	0.49	NA	0.106	NA	0	0
216	12	7	21.322	22.226	0	2	55	1.038	0.565	NA	0.075	NA	-135	-135
217	12	8	21.322	22.226	0	2	37	1.038	0.565	NA	0	NA	0	135
218	12	9	21.057	22.226	0	2	27	1.303	0.766	NA	0.266	NA	180	180
219	12	10	21.11	22.226	0	2	74	1.356	0.723	NA	0.053	NA	0	-180
220	12	11	21.11	22.226	0	2	46	1.356	0.723	NA	0	NA	0	0
221	12	12	20.897	21.747	0	2	55	1.88	1.205	NA	0.523	NA	-113.962	-113.962
222	12	13	20.791	22.013	0	2	65	2.166	1.106	NA	0.286	NA	111.801	-134.236
223	12	14	20.631	22.172	0	2	55	2.391	1.165	NA	0.225	NA	135	23.199
224	12	15	20.844	22.226	0	2	46	2.61	0.951	NA	0.219	NA	14.036	-120.964
225	12	16	21.003	22.279	0	2	18	2.779	0.785	NA	0.168	NA	18.435	4.399
226	12	17	21.11	22.279	0	2	0	2.885	0.693	NA	0.106	NA	0	-18.435
227	12	18	21.057	22.279	0	2	18	2.938	0.738	NA	0.053	NA	180	180
228	12	19	21.163	22.279	0	2	27	3.044	0.649	NA	0.106	NA	0	-180
229	12	20	21.163	22.385	0	2	37	3.151	0.594	NA	0.106	NA	90	90
230	12	21	20.844	22.651	0	2	0	3.566	0.85	NA	0.415	NA	140.194	50.194
231	12	22	21.11	22.651	0	2	18	3.831	0.585	NA	0.266	NA	0	-140.194
232	12	23	21.535	22.651	0	2	18	4.256	0.159	NA	0.425	NA	0	0
233	12	24	21.747	22.757	0	2	27	4.494	0.119	NA	0.238	NA	26.565	26.565
234	12	25	21.535	22.757	0	2	27	4.707	0.192	NA	0.213	NA	180	153.435
235	12	26	21.269	22.704	0	2	37	4.978	0.428	NA	0.271	NA	-168.69	11.31
236	12	27	20.897	22.438	0	2	121	5.435	0.825	NA	0.457	NA	-144.462	24.228
237	12	28	20.897	22.332	0	2	65	5.541	0.858	NA	0.106	NA	-90	54.462
238	12	29	20.525	22.119	0	2	74	5.969	1.284	NA	0.428	NA	-150.255	-60.255
239	12	30	20.525	22.013	0	2	55	6.076	1.332	NA	0.106	NA	-90	60.255
240	12	31	20.525	22.013	0	2	83	6.076	1.332	NA	0	NA	0	90
241	12	32	20.897	22.013	0	2	55	6.448	1.021	NA	0.372	NA	0	0
242	12	33	20.791	22.066	0	2	65	6.566	1.076	NA	0.119	NA	153.435	153.435
243	12	34	20.95	22.172	0	2	18	6.758	0.884	NA	0.192	NA	33.69	-119.745
244	12	35	20.95	22.119	0	2	27	6.811	0.914	NA	0.053	NA	-90	-123.69
245	12	36	21.057	22.013	0	2	37	6.961	0.902	NA	0.15	NA	-45	45
246	12	37	21.163	22.172	0	2	27	7.153	0.715	NA	0.192	NA	56.31	101.31
247	12	38	21.057	22.491	0	2	65	7.489	0.657	NA	0.336	NA	108.435	52.125
248	12	39	21.641	22.81	0	2	27	8.155	0.168	NA	0.666	NA	28.61	-79.824
249	12	40	21.428	22.651	0	2	55	8.421	0.266	NA	0.266	NA	-143.13	-171.741
250	12	41	21.216	22.704	0	2	37	8.64	0.481	NA	0.219	NA	165.964	-50.906
251	12	42	21.216	22.704	0	2	0	8.64	0.481	NA	0	NA	0	-165.964
252	12	43	21.482	22.704	0	2	83	8.905	0.219	NA	0.266	NA	0	0
253	13	1	18.878	20.685	0	2	186	0	0	NA	NA	NA	NA	NA
254	13	2	19.25	21.588	0	2	55	0.977	0.977	NA	0.977	NA	67.62	NA
255	13	3	18.559	21.588	0	2	83	1.668	0.958	NA	0.691	NA	180	112.38
256	13	4	18.612	21.747	0	2	18	1.836	1.095	NA	0.168	NA	71.565	-108.435
257	13	5	18.825	21.747	0	2	18	2.048	1.064	NA	0.213	NA	0	-71.565
258	13	6	18.772	21.694	0	2	55	2.124	1.015	NA	0.075	NA	-135	-135
259	13	7	18.825	21.269	0	2	139	2.552	0.587	NA	0.428	NA	-82.875	52.125
260	13	8	19.197	21.003	0	2	158	3.009	0.451	NA	0.457	NA	-35.538	47.337
261	13	9	19.197	21.003	0	2	158	3.009	0.451	NA	0	NA	0	35.538
262	13	10	19.197	21.003	0	2	111	3.009	0.451	NA	0	NA	0	0
263	13	11	19.09	20.95	0	2	74	3.128	0.34	NA	0.119	NA	-153.435	-153.435
264	13	12	19.09	20.95	0	2	74	3.128	0.34	NA	0	NA	0	153.435
265	13	13	19.143	21.11	0	2	102	3.296	0.501	NA	0.168	NA	71.565	71.565
266	13	14	19.143	21.163	0	2	121	3.349	0.547	NA	0.053	NA	90	18.435
267	13	15	19.143	21.163	0	2	93	3.349	0.547	NA	0	NA	0	-90
268	13	16	19.09	21.163	0	2	83	3.402	0.523	NA	0.053	NA	180	180
269	14	1	23.129	20.1	0	2	37	0	0	NA	NA	NA	NA	NA
270	14	2	23.023	20.206	0	2	27	0.15	0.15	NA	0.15	NA	135	NA
271	14	3	23.129	20.419	0	2	46	0.388	0.319	NA	0.238	NA	63.435	-71.565
272	14	4	22.97	20.525	0	2	46	0.58	0.454	NA	0.192	NA	146.31	82.875
273	14	5	22.704	20.578	0	2	46	0.851	0.64	NA	0.271	NA	168.69	22.38
274	14	6	22.757	20.578	0	2	46	0.904	0.606	NA	0.053	NA	0	-168.69
275	14	7	22.491	20.1	0	2	27	1.451	0.638	NA	0.547	NA	-119.055	-119.055
276	14	8	22.491	20.047	0	2	37	1.504	0.64	NA	0.053	NA	-90	29.055
277	14	9	22.544	19.994	0	2	55	1.579	0.594	NA	0.075	NA	-45	45
278	14	10	22.491	19.941	0	2	65	1.654	0.657	NA	0.075	NA	-135	-90
279	14	11	22.491	19.941	0	2	93	1.654	0.657	NA	0	NA	0	135
280	14	12	22.438	19.941	0	2	55	1.707	0.709	NA	0.053	NA	180	180
281	14	13	22.172	19.941	0	2	83	1.973	0.97	NA	0.266	NA	180	0
282	14	14	22.172	19.994	0	2	83	2.026	0.962	NA	0.053	NA	90	-90
283	14	15	22.172	19.994	0	2	55	2.026	0.962	NA	0	NA	0	-90
284	14	16	22.226	19.994	0	2	27	2.079	0.91	NA	0.053	NA	0	0
285	14	17	22.119	19.994	0	2	65	2.186	1.015	NA	0.106	NA	180	180
286	14	18	22.066	19.941	0	2	111	2.261	1.075	NA	0.075	NA	-135	45
287	14	19	22.066	19.941	0	2	37	2.261	1.075	NA	0	NA	0	135
288	14	20	22.279	19.515	0	2	65	2.736	1.032	NA	0.475	NA	-63.435	-63.435
289	14	21	21.907	19.887	0	2	46	3.262	1.241	NA	0.526	NA	135	-161.565
290	14	22	22.013	19.675	0	2	37	3.5	1.194	NA	0.238	NA	-63.435	161.565
291	14	23	22.013	19.994	0	2	37	3.819	1.121	NA	0.319	NA	90	153.435
292	14	24	21.96	19.728	0	2	55	4.09	1.227	NA	0.271	NA	-101.31	168.69
293	14	25	21.96	19.834	0	2	83	4.196	1.199	NA	0.106	NA	90	-168.69
294	14	26	21.96	19.834	0	2	46	4.196	1.199	NA	0	NA	0	-90
295	14	27	22.013	19.834	0	2	27	4.249	1.147	NA	0.053	NA	0	0
296	14	28	22.066	19.941	0	2	55	4.368	1.075	NA	0.119	NA	63.435	63.435
297	14	29	22.066	19.941	0	2	37	4.368	1.075	NA	0	NA	0	-63.435
298	14	30	21.96	20.153	0	2	9	4.605	1.17	NA	0.238	NA	116.565	116.565
299	14	31	21.96	20.419	0	2	46	4.871	1.212	NA	0.266	NA	90	-26.565
300	14	32	22.226	20.578	0	2	9	5.181	1.022	NA	0.31	NA	30.964	-59.036
301	14	33	22.279	20.525	0	2	37	5.256	0.951	NA	0.075	NA	-45	-75.964
302	14	34	22.226	20.525	0	2	18	5.309	0.998	NA	0.053	NA	180	-135
303	14	35	22.172	20.313	0	2	27	5.528	0.98	NA	0.219	NA	-104.036	75.964
304	14	36	22.172	20.419	0	2	27	5.635	1.008	NA	0.106	NA	90	-165.964
305	14	37	22.385	20.525	0	2	55	5.872	0.857	NA	0.238	NA	26.565	-63.435
306	14	38	22.226	20.206	0	2	27	6.229	0.91	NA	0.356	NA	-116.565	-143.13
307	14	39	22.332	20.525	0	2	37	6.565	0.903	NA	0.336	NA	71.565	-171.87
308	14	40	22.598	20.631	0	2	27	6.851	0.752	NA	0.286	NA	21.801	-49.764
309	14	41	22.385	20.685	0	2	27	7.07	0.946	NA	0.219	NA	165.964	144.162
310	14	42	22.598	20.366	0	2	18	7.453	0.594	NA	0.383	NA	-56.31	137.726
311	14	43	22.757	20.578	0	2	9	7.719	0.606	NA	0.266	NA	53.13	109.44
312	14	44	22.544	20.578	0	2	18	7.932	0.755	NA	0.213	NA	180	126.87
313	14	45	22.704	20.578	0	2	9	8.091	0.64	NA	0.159	NA	0	-180
314	14	46	22.385	20.578	0	2	18	8.41	0.884	NA	0.319	NA	180	180
315	14	47	22.172	20.685	0	2	46	8.647	1.121	NA	0.238	NA	153.435	-26.565
316	14	48	22.544	20.685	0	2	27	9.019	0.827	NA	0.372	NA	0	-153.435
317	15	1	14.999	28.443	0	2	65	0	0	NA	NA	NA	NA	NA
318	15	2	14.999	28.443	0	2	46	0	0	NA	0	NA	0	NA
319	15	3	15.743	28.39	0	2	46	0.746	0.746	NA	0.746	NA	-4.086	-4.086
320	15	4	15.955	28.337	0	2	37	0.965	0.962	NA	0.219	NA	-14.036	-9.951
321	15	5	15.743	28.496	0	2	18	1.231	0.746	NA	0.266	NA	143.13	157.166
322	15	6	15.317	28.337	0	2	37	1.685	0.336	NA	0.454	NA	-159.444	57.426
323	15	7	15.477	28.337	0	2	83	1.844	0.49	NA	0.159	NA	0	159.444
324	15	8	15.477	28.39	0	2	27	1.897	0.481	NA	0.053	NA	90	90
325	15	9	15.796	28.337	0	2	27	2.22	0.804	NA	0.323	NA	-9.462	-99.462
326	15	10	16.168	27.805	0	2	0	2.869	1.332	NA	0.649	NA	-55.008	-45.546
327	15	11	15.902	28.071	0	2	18	3.245	0.977	NA	0.376	NA	135	-169.992
328	15	12	15.636	28.071	0	2	55	3.511	0.738	NA	0.266	NA	180	45
329	15	13	15.477	28.124	0	2	18	3.679	0.575	NA	0.168	NA	161.565	-18.435
330	16	1	16.54	17.124	0	2	27	0	0	NA	NA	NA	NA	NA
331	16	2	16.327	17.23	0	2	27	0.238	0.238	NA	0.238	NA	153.435	NA
332	16	3	15.902	17.018	0	2	111	0.713	0.646	NA	0.475	NA	-153.435	53.13
333	16	4	15.902	16.858	0	2	55	0.872	0.691	NA	0.159	NA	-90	63.435
334	16	5	15.902	16.858	0	2	93	0.872	0.691	NA	0	NA	0	90
335	16	6	15.636	16.646	0	2	74	1.213	1.022	NA	0.34	NA	-141.34	-141.34
336	16	7	15.689	16.699	0	2	93	1.288	0.951	NA	0.075	NA	45	-173.66
337	16	8	15.636	16.912	0	2	93	1.507	0.928	NA	0.219	NA	104.036	59.036
338	16	9	15.636	16.965	0	2	121	1.56	0.917	NA	0.053	NA	90	-14.036
339	16	10	15.371	16.965	0	2	93	1.826	1.18	NA	0.266	NA	180	90
340	16	11	15.902	16.593	0	2	65	2.474	0.83	NA	0.649	NA	-34.992	145.008
341	17	1	23.235	12.182	0	2	46	0	0	NA	NA	NA	NA	NA
342	17	2	23.235	12.182	0	2	74	0	0	NA	0	NA	0	NA
343	17	3	23.82	12.182	0	2	55	0.585	0.585	NA	0.585	NA	0	0
344	17	4	24.511	11.704	0	2	74	1.425	1.362	NA	0.84	NA	-34.695	-34.695
345	17	5	24.617	11.757	0	2	65	1.544	1.446	NA	0.119	NA	26.565	61.26
346	17	6	24.776	11.863	0	2	46	1.735	1.574	NA	0.192	NA	33.69	7.125
347	17	7	26.53	12.182	0	2	74	3.518	3.295	NA	1.782	NA	10.305	-23.385
348	17	8	26.796	11.81	0	2	186	3.975	3.58	NA	0.457	NA	-54.462	-64.767
349	17	9	27.168	11.97	0	2	93	4.379	3.938	NA	0.405	NA	23.199	77.661
350	17	10	27.168	11.97	0	2	83	4.379	3.938	NA	0	NA	0	-23.199
351	17	11	27.008	12.182	0	2	18	4.645	3.773	NA	0.266	NA	126.87	126.87
352	17	12	26.796	12.501	0	2	46	5.028	3.575	NA	0.383	NA	123.69	-3.18
353	17	13	26.689	12.076	0	2	111	5.466	3.456	NA	0.438	NA	-104.036	132.274
354	17	14	26.317	12.076	0	2	65	5.838	3.084	NA	0.372	NA	180	-75.964
355	17	15	26.37	12.129	0	2	102	5.914	3.136	NA	0.075	NA	45	-135
356	17	16	26.37	12.129	0	2	121	5.914	3.136	NA	0	NA	0	-45
357	17	17	26.477	12.129	0	2	93	6.02	3.242	NA	0.106	NA	0	0
358	17	18	26.742	12.129	0	2	65	6.286	3.508	NA	0.266	NA	0	0
359	17	19	26.636	12.129	0	2	46	6.392	3.401	NA	0.106	NA	180	180
360	17	20	26.583	12.129	0	2	93	6.445	3.348	NA	0.053	NA	180	0
361	17	21	27.327	12.076	0	2	55	7.191	4.093	NA	0.746	NA	-4.086	175.914
362	17	22	27.54	12.076	0	2	83	7.403	4.306	NA	0.213	NA	0	4.086
363	17	23	27.114	11.81	0	2	121	7.905	3.897	NA	0.501	NA	-147.995	-147.995
364	17	24	27.114	11.81	0	2	93	7.905	3.897	NA	0	NA	0	147.995
365	17	25	27.114	11.81	0	2	93	7.905	3.897	NA	0	NA	0	0
366	17	26	27.061	11.81	0	2	74	7.958	3.844	NA	0.053	NA	180	180
367	17	27	26.689	11.651	0	2	74	8.363	3.495	NA	0.405	NA	-156.801	23.199
368	17	28	26.477	11.704	0	2	65	8.582	3.277	NA	0.219	NA	165.964	-37.235
369	18	1	21.907	10.163	0	2	37	0	0	NA	NA	NA	NA	NA
370	18	2	23.182	10.588	0	2	37	1.344	1.344	NA	1.344	NA	18.435	NA
371	18	3	23.979	10.801	0	2	74	2.169	2.168	NA	0.825	NA	14.931	-3.504
372	18	4	23.926	10.96	0	2	74	2.337	2.171	NA	0.168	NA	108.435	93.504
373	18	5	23.448	10.854	0	2	139	2.827	1.689	NA	0.49	NA	-167.471	84.094
374	18	6	23.554	10.854	0	2	55	2.934	1.786	NA	0.106	NA	0	167.471
375	19	1	24.989	25.467	0	2	27	0	0	NA	NA	NA	NA	NA
376	19	2	25.095	25.255	0	2	27	0.238	0.238	NA	0.238	NA	-63.435	NA
377	19	3	25.148	25.201	0	2	18	0.313	0.31	NA	0.075	NA	-45	18.435
378	19	4	25.68	25.148	0	2	55	0.847	0.761	NA	0.534	NA	-5.711	39.289
379	19	5	25.68	25.148	0	2	102	0.847	0.761	NA	0	NA	0	5.711
380	19	6	25.945	25.148	0	2	55	1.113	1.008	NA	0.266	NA	0	0
381	19	7	25.945	25.148	0	2	27	1.113	1.008	NA	0	NA	0	0
382	19	8	26.052	25.148	0	2	0	1.219	1.11	NA	0.106	NA	0	0
383	19	9	26.052	25.148	0	2	18	1.219	1.11	NA	0	NA	0	0
384	19	10	26.052	25.148	0	2	18	1.219	1.11	NA	0	NA	0	0
385	19	11	25.839	25.148	0	2	18	1.431	0.908	NA	0.213	NA	180	180
386	19	12	27.008	24.776	0	2	65	2.658	2.134	NA	1.227	NA	-17.65	162.35
387	19	13	27.061	25.042	0	2	46	2.929	2.116	NA	0.271	NA	78.69	96.34
388	19	14	26.849	24.564	0	2	27	3.453	2.068	NA	0.523	NA	-113.962	167.347
389	19	15	26.424	24.723	0	2	27	3.907	1.616	NA	0.454	NA	159.444	-86.594
390	20	1	21.96	24.404	0	2	27	0	0	NA	NA	NA	NA	NA
391	20	2	21.96	24.404	0	2	27	0	0	NA	0	NA	0	NA
392	20	3	21.96	24.404	0	2	37	0	0	NA	0	NA	0	0
393	20	4	22.013	24.192	0	2	9	0.219	0.219	NA	0.219	NA	-75.964	-75.964
394	20	5	22.757	24.139	0	2	18	0.965	0.84	NA	0.746	NA	-4.086	71.878
395	20	6	22.491	24.192	0	2	65	1.236	0.572	NA	0.271	NA	168.69	172.776
396	20	7	22.119	24.245	0	2	46	1.612	0.225	NA	0.376	NA	171.87	3.18
397	20	8	22.651	24.245	0	2	37	2.143	0.709	NA	0.531	NA	0	-171.87
398	20	9	22.279	24.085	0	2	65	2.548	0.451	NA	0.405	NA	-156.801	-156.801
399	20	10	22.491	23.979	0	2	37	2.785	0.681	NA	0.238	NA	-26.565	130.236
400	20	11	22.332	24.085	0	2	27	2.977	0.49	NA	0.192	NA	146.31	172.875
401	20	12	21.854	24.032	0	2	55	3.458	0.387	NA	0.481	NA	-173.66	40.03
402	20	13	22.119	23.926	0	2	18	3.744	0.504	NA	0.286	NA	-21.801	151.858
403	20	14	22.385	23.767	0	2	0	4.054	0.766	NA	0.31	NA	-30.964	-9.162
404	20	15	22.172	23.767	0	2	9	4.267	0.672	NA	0.213	NA	180	-149.036
405	20	16	22.226	23.873	0	2	37	4.386	0.594	NA	0.119	NA	63.435	-116.565
406	20	17	21.854	24.192	0	2	37	4.876	0.238	NA	0.49	NA	139.399	75.964
407	21	1	24.883	25.786	0	2	27	0	0	NA	NA	NA	NA	NA
408	21	2	24.67	25.945	0	2	37	0.266	0.266	NA	0.266	NA	143.13	NA
409	21	3	24.989	25.414	0	2	0	0.885	0.387	NA	0.62	NA	-59.036	157.834
410	21	4	25.68	25.255	0	2	37	1.594	0.958	NA	0.709	NA	-12.995	46.042
411	21	5	25.68	25.148	0	2	18	1.701	1.021	NA	0.106	NA	-90	-77.005
412	21	6	25.68	25.148	0	2	27	1.701	1.021	NA	0	NA	0	90
413	21	7	25.733	24.989	0	2	46	1.869	1.165	NA	0.168	NA	-71.565	-71.565
414	21	8	25.892	24.989	0	2	27	2.028	1.286	NA	0.159	NA	0	71.565
415	21	9	25.733	24.989	0	2	9	2.188	1.165	NA	0.159	NA	180	180
416	21	10	25.839	24.829	0	2	0	2.379	1.353	NA	0.192	NA	-56.31	123.69
417	21	11	25.627	24.723	0	2	37	2.617	1.297	NA	0.238	NA	-153.435	-97.125
418	21	12	25.255	24.776	0	2	9	2.993	1.076	NA	0.376	NA	171.87	-34.695
419	21	13	25.467	24.776	0	2	18	3.205	1.167	NA	0.213	NA	0	-171.87
420	21	14	25.414	24.67	0	2	18	3.324	1.236	NA	0.119	NA	-116.565	-116.565
421	21	15	25.361	24.776	0	2	18	3.443	1.117	NA	0.119	NA	116.565	-126.87
422	21	16	25.414	24.776	0	2	46	3.496	1.141	NA	0.053	NA	0	-116.565
423	21	17	25.467	25.255	0	2	18	3.977	0.79	NA	0.481	NA	83.66	83.66
424	21	18	25.627	25.414	0	2	9	4.203	0.832	NA	0.225	NA	45	-38.66
425	21	19	25.201	25.467	0	2	0	4.631	0.451	NA	0.428	NA	172.875	127.875
426	21	20	25.945	25.361	0	2	0	5.382	1.145	NA	0.752	NA	-8.13	178.995
427	21	21	25.786	25.361	0	2	9	5.542	0.998	NA	0.159	NA	180	-171.87
428	21	22	25.998	25.361	0	2	27	5.754	1.194	NA	0.213	NA	0	-180
429	21	23	25.414	25.361	0	2	102	6.339	0.681	NA	0.585	NA	180	180
430	21	24	25.308	25.414	0	2	65	6.458	0.565	NA	0.119	NA	153.435	-26.565
431	21	25	25.308	25.467	0	2	37	6.511	0.531	NA	0.053	NA	90	-63.435
432	21	26	25.042	25.627	0	2	0	6.821	0.225	NA	0.31	NA	149.036	59.036
433	21	27	25.042	25.68	0	2	65	6.874	0.192	NA	0.053	NA	90	-59.036
434	21	28	25.042	25.68	0	2	18	6.874	0.192	NA	0	NA	0	-90
435	21	29	25.095	25.786	0	2	46	6.993	0.213	NA	0.119	NA	63.435	63.435
436	21	30	25.042	25.892	0	2	37	7.112	0.192	NA	0.119	NA	116.565	53.13
437	21	31	24.883	26.052	0	2	65	7.337	0.266	NA	0.225	NA	135	18.435
438	21	32	24.829	25.998	0	2	37	7.412	0.219	NA	0.075	NA	-135	90
439	21	33	24.723	25.998	0	2	46	7.518	0.266	NA	0.106	NA	180	-45
440	21	34	24.564	25.998	0	2	46	7.678	0.383	NA	0.159	NA	180	0
441	22	1	16.646	28.283	0	2	37	0	0	NA	NA	NA	NA	NA
442	22	2	16.646	28.283	0	2	0	0	0	NA	0	NA	0	NA
443	22	3	16.646	28.283	0	2	27	0	0	NA	0	NA	0	0
444	22	4	16.646	28.283	0	2	18	0	0	NA	0	NA	0	0
445	22	5	16.274	28.39	0	2	27	0.387	0.387	NA	0.387	NA	164.055	164.055
446	22	6	16.38	28.443	0	2	55	0.506	0.31	NA	0.119	NA	26.565	-137.49
447	22	7	16.38	28.443	0	2	27	0.506	0.31	NA	0	NA	0	-26.565
448	22	8	16.593	28.602	0	2	18	0.771	0.323	NA	0.266	NA	36.87	36.87
449	22	9	16.274	28.868	0	2	9	1.186	0.693	NA	0.415	NA	140.194	103.325
450	22	10	15.902	29.24	0	2	27	1.712	1.212	NA	0.526	NA	135	-5.194
451	22	11	15.849	29.187	0	2	27	1.788	1.205	NA	0.075	NA	-135	90
452	23	1	13.298	22.066	0	2	9	0	0	NA	NA	NA	NA	NA
453	23	2	13.617	21.854	0	2	18	0.383	0.383	NA	0.383	NA	-33.69	NA
454	23	3	13.617	21.8	0	2	37	0.436	0.415	NA	0.053	NA	-90	-56.31
455	23	4	13.511	22.013	0	2	46	0.674	0.219	NA	0.238	NA	116.565	-153.435
456	23	5	13.67	22.013	0	2	18	0.833	0.376	NA	0.159	NA	0	-116.565
457	23	6	13.776	22.013	0	2	37	0.94	0.481	NA	0.106	NA	0	0
458	23	7	14.414	21.428	0	2	46	1.805	1.285	NA	0.865	NA	-42.51	-42.51
459	23	8	14.414	21.322	0	2	46	1.911	1.341	NA	0.106	NA	-90	-47.49
460	23	9	14.52	21.269	0	2	27	2.03	1.459	NA	0.119	NA	-26.565	63.435
461	23	10	14.945	21.003	0	2	27	2.531	1.96	NA	0.501	NA	-32.005	-5.44
462	23	11	14.945	21.003	0	2	65	2.531	1.96	NA	0	NA	0	32.005
463	23	12	14.892	20.844	0	2	9	2.699	2.009	NA	0.168	NA	-108.435	-108.435
464	23	13	14.786	21.269	0	2	83	3.137	1.688	NA	0.438	NA	104.036	-147.529
465	23	14	14.945	21.375	0	2	46	3.329	1.786	NA	0.192	NA	33.69	-70.346
466	23	15	15.371	21.428	0	2	27	3.757	2.168	NA	0.428	NA	7.125	-26.565
467	24	1	19.728	13.776	0	2	27	0	0	NA	NA	NA	NA	NA
468	24	2	19.728	13.776	0	2	9	0	0	NA	0	NA	0	NA
469	24	3	19.622	13.936	0	2	18	0.192	0.192	NA	0.192	NA	123.69	123.69
470	24	4	19.515	13.936	0	2	37	0.298	0.266	NA	0.106	NA	180	56.31
471	24	5	19.675	13.989	0	2	18	0.466	0.219	NA	0.168	NA	18.435	-161.565
472	24	6	19.409	14.042	0	2	27	0.737	0.415	NA	0.271	NA	168.69	150.255
473	24	7	18.772	14.52	0	2	9	1.534	1.212	NA	0.797	NA	143.13	-25.56
474	24	8	18.878	14.095	0	2	37	1.972	0.908	NA	0.438	NA	-75.964	140.906
475	24	9	19.037	14.148	0	2	46	2.14	0.785	NA	0.168	NA	18.435	94.399
476	25	1	15.902	18.24	0	2	27	0	0	NA	NA	NA	NA	NA
477	25	2	15.902	18.24	0	2	37	0	0	NA	0	NA	0	NA
478	25	3	15.902	18.187	0	2	37	0.053	0.053	NA	0.053	NA	-90	-90
479	25	4	16.061	18.187	0	2	46	0.213	0.168	NA	0.159	NA	0	90
480	25	5	16.008	18.187	0	2	27	0.266	0.119	NA	0.053	NA	180	180
481	25	6	16.008	18.187	0	2	65	0.266	0.119	NA	0	NA	0	-180
482	25	7	16.221	18.134	0	2	18	0.485	0.336	NA	0.219	NA	-14.036	-14.036
483	25	8	16.274	18.134	0	2	27	0.538	0.387	NA	0.053	NA	0	14.036
484	25	9	16.327	18.134	0	2	37	0.591	0.438	NA	0.053	NA	0	0
485	25	10	16.38	18.4	0	2	37	0.862	0.504	NA	0.271	NA	78.69	78.69
486	25	11	16.433	18.4	0	2	9	0.915	0.555	NA	0.053	NA	0	-78.69
487	25	12	16.699	17.762	0	2	27	1.606	0.93	NA	0.691	NA	-67.38	-67.38
488	25	13	16.327	18.293	0	2	55	2.255	0.428	NA	0.649	NA	124.992	-167.628
489	26	1	27.008	13.032	0	2	27	0	0	NA	NA	NA	NA	NA
490	26	2	26.689	13.032	0	2	65	0.319	0.319	NA	0.319	NA	180	NA
491	26	3	26.796	13.032	0	2	46	0.425	0.213	NA	0.106	NA	0	-180
492	26	4	25.998	12.501	0	2	37	1.383	1.141	NA	0.958	NA	-146.31	-146.31
493	26	5	26.052	12.714	0	2	27	1.602	1.008	NA	0.219	NA	75.964	-137.726
494	26	6	26.424	12.448	0	2	102	2.059	0.827	NA	0.457	NA	-35.538	-111.501
495	26	7	27.114	12.448	0	2	93	2.75	0.594	NA	0.691	NA	0	35.538
496	26	8	26.849	12.554	0	2	55	3.036	0.504	NA	0.286	NA	158.199	158.199
497	26	9	27.114	12.448	0	2	18	3.322	0.594	NA	0.286	NA	-21.801	-180
