Nr	TID	PID	x [micron]	y [micron]	t [sec]	c [idx]	I [val]	Len [micron]	D2S [micron]	D2R [micron]	D2P [micron]	v [micron/sec]	? [deg]	?? [deg]
1	1	1	17.659	34.553	0	2	0	0	0	NA	NA	NA	NA	NA
2	1	2	17.659	34.553	0	2	9	0	0	NA	0	NA	0	NA
3	1	3	17.472	34.553	0	2	9	0.187	0.187	NA	0.187	NA	180	180
4	1	4	16.474	34.304	0	2	0	1.215	1.21	NA	1.028	NA	-165.964	14.036
5	1	5	16.661	34.366	0	2	4	1.412	1.015	NA	0.197	NA	18.435	-175.601
6	1	6	15.913	33.93	0	2	9	2.278	1.854	NA	0.866	NA	-149.744	-168.179
7	1	7	15.975	33.93	0	2	4	2.341	1.795	NA	0.062	NA	0	149.744
8	1	8	15.975	33.992	0	2	0	2.403	1.774	NA	0.062	NA	90	90
9	1	9	15.975	33.992	0	2	13	2.403	1.774	NA	0	NA	0	-90
10	1	10	15.726	34.055	0	2	0	2.66	1.996	NA	0.257	NA	165.964	165.964
11	1	11	15.664	34.055	0	2	18	2.723	2.056	NA	0.062	NA	180	14.036
12	1	12	15.477	34.055	0	2	13	2.91	2.238	NA	0.187	NA	180	0
13	1	13	15.477	34.117	0	2	27	2.972	2.225	NA	0.062	NA	90	-90
14	1	14	15.477	34.179	0	2	13	3.034	2.214	NA	0.062	NA	90	0
15	1	15	15.726	34.117	0	2	13	3.291	1.981	NA	0.257	NA	-14.036	-104.036
16	1	16	16.412	34.117	0	2	13	3.977	1.321	NA	0.686	NA	0	14.036
17	1	17	16.599	33.618	0	2	0	4.51	1.413	NA	0.533	NA	-69.444	-69.444
18	1	18	17.534	33.431	0	2	0	5.463	1.129	NA	0.954	NA	-11.31	58.134
19	1	19	17.347	33.431	0	2	0	5.65	1.165	NA	0.187	NA	180	-168.69
20	1	20	17.097	33.369	0	2	0	5.907	1.311	NA	0.257	NA	-165.964	14.036
21	1	21	17.347	33.244	0	2	0	6.186	1.346	NA	0.279	NA	-26.565	139.399
22	1	22	17.347	33.307	0	2	0	6.249	1.285	NA	0.062	NA	90	116.565
23	1	23	17.472	33.307	0	2	0	6.373	1.261	NA	0.125	NA	0	-90
24	1	24	17.721	33.244	0	2	0	6.63	1.311	NA	0.257	NA	-14.036	-14.036
25	1	25	16.848	33.556	0	2	0	7.557	1.285	NA	0.927	NA	160.346	174.382
26	1	26	16.038	33.681	0	2	0	8.377	1.841	NA	0.82	NA	171.254	10.908
27	2	1	11.923	33.618	0	2	0	0	0	NA	NA	NA	NA	NA
28	2	2	11.923	33.618	0	2	0	0	0	NA	0	NA	0	NA
29	2	3	11.549	33.805	0	2	0	0.418	0.418	NA	0.418	NA	153.435	153.435
30	2	4	11.237	33.868	0	2	0	0.736	0.73	NA	0.318	NA	168.69	15.255
31	2	5	11.798	33.681	0	2	0	1.328	0.139	NA	0.591	NA	-18.435	172.875
32	2	6	11.861	34.117	0	2	0	1.768	0.503	NA	0.441	NA	81.87	100.305
33	2	7	11.736	33.868	0	2	0	2.047	0.312	NA	0.279	NA	-116.565	161.565
34	2	8	10.988	33.868	0	2	0	2.795	0.968	NA	0.748	NA	180	-63.435
35	2	9	11.175	33.992	0	2	4	3.02	0.836	NA	0.225	NA	33.69	-146.31
36	2	10	11.549	34.304	0	2	0	3.507	0.781	NA	0.487	NA	39.806	6.116
37	2	11	11.674	34.366	0	2	9	3.646	0.789	NA	0.139	NA	26.565	-13.241
38	2	12	11.549	34.179	0	2	0	3.871	0.674	NA	0.225	NA	-123.69	-150.255
39	2	13	11.923	34.179	0	2	0	4.245	0.561	NA	0.374	NA	0	123.69
40	2	14	12.048	34.304	0	2	13	4.422	0.697	NA	0.176	NA	45	45
41	2	15	12.172	34.179	0	2	0	4.598	0.614	NA	0.176	NA	-45	-90
42	2	16	11.861	34.179	0	2	9	4.91	0.565	NA	0.312	NA	180	-135
43	2	17	12.297	34.304	0	2	9	5.363	0.781	NA	0.454	NA	15.945	-164.055
44	2	18	12.172	34.366	0	2	27	5.503	0.789	NA	0.139	NA	153.435	137.49
45	2	19	11.923	34.179	0	2	4	5.815	0.561	NA	0.312	NA	-143.13	63.435
46	2	20	12.172	34.179	0	2	4	6.064	0.614	NA	0.249	NA	0	143.13
47	2	21	11.798	34.055	0	2	0	6.458	0.454	NA	0.394	NA	-161.565	-161.565
48	2	22	11.861	34.055	0	2	0	6.521	0.441	NA	0.062	NA	0	161.565
49	2	23	11.549	34.179	0	2	0	6.856	0.674	NA	0.336	NA	158.199	158.199
50	2	24	11.798	34.117	0	2	4	7.113	0.514	NA	0.257	NA	-14.036	-172.235
51	2	25	11.923	34.055	0	2	0	7.253	0.436	NA	0.139	NA	-26.565	-12.529
52	2	26	11.923	34.242	0	2	0	7.44	0.623	NA	0.187	NA	90	116.565
53	2	27	11.923	34.429	0	2	0	7.627	0.81	NA	0.187	NA	90	0
54	2	28	11.861	34.366	0	2	0	7.715	0.751	NA	0.088	NA	-135	135
55	2	29	11.611	34.242	0	2	0	7.994	0.697	NA	0.279	NA	-153.435	-18.435
56	2	30	11.674	34.055	0	2	9	8.191	0.503	NA	0.197	NA	-71.565	81.87
57	2	31	11.985	34.242	0	2	0	8.554	0.627	NA	0.364	NA	30.964	102.529
58	2	32	11.736	34.117	0	2	0	8.833	0.533	NA	0.279	NA	-153.435	175.601
59	3	1	12.733	33.868	0	2	0	0	0	NA	NA	NA	NA	NA
60	3	2	13.98	33.868	0	2	0	1.247	1.247	NA	1.247	NA	0	NA
61	3	3	14.666	33.868	0	2	0	1.933	1.933	NA	0.686	NA	0	0
62	3	4	15.102	34.117	0	2	4	2.435	2.382	NA	0.503	NA	29.745	29.745
63	3	5	15.477	34.429	0	2	0	2.922	2.8	NA	0.487	NA	39.806	10.061
64	3	6	15.102	34.429	0	2	9	3.296	2.435	NA	0.374	NA	180	140.194
65	4	1	21.96	34.179	0	2	0	0	0	NA	NA	NA	NA	NA
66	4	2	20.526	34.99	0	2	0	1.647	1.647	NA	1.647	NA	150.524	NA
67	4	3	20.402	34.803	0	2	0	1.872	1.679	NA	0.225	NA	-123.69	85.786
68	4	4	19.529	35.052	0	2	0	2.78	2.583	NA	0.908	NA	164.055	-72.255
69	4	5	19.279	34.865	0	2	4	3.091	2.767	NA	0.312	NA	-143.13	52.815
70	4	6	19.279	34.865	0	2	4	3.091	2.767	NA	0	NA	0	143.13
71	4	7	18.968	34.865	0	2	4	3.403	3.07	NA	0.312	NA	180	180
72	4	8	19.716	34.927	0	2	0	4.154	2.366	NA	0.751	NA	4.764	-175.236
73	4	9	19.529	34.865	0	2	4	4.351	2.526	NA	0.197	NA	-161.565	-166.329
74	4	10	19.591	34.865	0	2	0	4.413	2.466	NA	0.062	NA	0	161.565
75	4	11	20.09	34.927	0	2	0	4.916	2.014	NA	0.503	NA	7.125	7.125
76	4	12	20.651	34.927	0	2	0	5.477	1.508	NA	0.561	NA	0	-7.125
77	4	13	20.713	34.553	0	2	0	5.856	1.302	NA	0.379	NA	-80.538	-80.538
78	4	14	21.15	34.74	0	2	0	6.331	0.986	NA	0.475	NA	23.199	103.736
79	4	15	20.838	34.74	0	2	0	6.643	1.255	NA	0.312	NA	180	156.801
80	4	16	20.526	34.927	0	2	0	7.006	1.617	NA	0.364	NA	149.036	-30.964
81	4	17	20.838	34.74	0	2	4	7.37	1.255	NA	0.364	NA	-30.964	-180
82	4	18	21.025	34.74	0	2	0	7.557	1.091	NA	0.187	NA	0	30.964
83	4	19	21.711	34.803	0	2	0	8.245	0.671	NA	0.689	NA	5.194	5.194
84	4	20	22.272	34.927	0	2	0	8.82	0.81	NA	0.575	NA	12.529	7.334
85	4	21	22.21	34.865	0	2	0	8.908	0.73	NA	0.088	NA	-135	-147.529
86	4	22	22.21	34.865	0	2	0	8.908	0.73	NA	0	NA	0	135
87	4	23	22.646	35.052	0	2	0	9.383	1.11	NA	0.475	NA	23.199	23.199
88	4	24	22.584	35.052	0	2	0	9.445	1.073	NA	0.062	NA	180	156.801
89	4	25	22.272	34.99	0	2	0	9.763	0.868	NA	0.318	NA	-168.69	11.31
90	4	26	21.212	35.114	0	2	0	10.83	1.198	NA	1.067	NA	173.29	-18.02
91	4	27	19.591	35.177	0	2	0	12.452	2.57	NA	1.622	NA	177.797	4.507
92	4	28	18.344	34.99	0	2	0	13.713	3.706	NA	1.261	NA	-171.469	10.733
93	4	29	17.222	34.803	0	2	9	14.851	4.779	NA	1.138	NA	-170.538	0.932
94	5	1	14.354	34.242	0	2	4	0	0	NA	NA	NA	NA	NA
95	5	2	16.848	34.304	0	2	9	2.494	2.494	NA	2.494	NA	1.432	NA
96	5	3	16.599	34.304	0	2	23	2.744	2.245	NA	0.249	NA	180	178.568
97	5	4	15.788	34.304	0	2	0	3.554	1.435	NA	0.81	NA	180	0
98	5	5	15.788	34.304	0	2	0	3.554	1.435	NA	0	NA	0	-180
99	5	6	15.477	34.242	0	2	4	3.872	1.122	NA	0.318	NA	-168.69	-168.69
100	5	7	15.726	34.179	0	2	27	4.129	1.373	NA	0.257	NA	-14.036	154.654
101	5	8	16.349	34.179	0	2	18	4.753	1.996	NA	0.623	NA	0	14.036
102	5	9	16.349	34.179	0	2	0	4.753	1.996	NA	0	NA	0	0
103	5	10	16.038	34.179	0	2	0	5.064	1.684	NA	0.312	NA	180	180
104	5	11	16.973	33.992	0	2	4	6.018	2.63	NA	0.954	NA	-11.31	168.69
105	5	12	17.097	33.743	0	2	0	6.297	2.788	NA	0.279	NA	-63.435	-52.125
106	5	13	16.599	33.743	0	2	4	6.796	2.299	NA	0.499	NA	180	-116.565
107	5	14	16.848	33.743	0	2	0	7.045	2.543	NA	0.249	NA	0	-180
108	5	15	16.91	33.743	0	2	9	7.107	2.604	NA	0.062	NA	0	0
109	5	16	17.284	33.805	0	2	0	7.487	2.962	NA	0.379	NA	9.462	9.462
110	5	17	17.284	33.805	0	2	0	7.487	2.962	NA	0	NA	0	-9.462
111	5	18	17.097	33.743	0	2	4	7.684	2.788	NA	0.197	NA	-161.565	-161.565
112	5	19	17.097	33.743	0	2	0	7.684	2.788	NA	0	NA	0	161.565
113	5	20	17.097	33.743	0	2	9	7.684	2.788	NA	0	NA	0	0
114	5	21	17.472	33.743	0	2	9	8.058	3.157	NA	0.374	NA	0	0
115	5	22	17.472	33.743	0	2	4	8.058	3.157	NA	0	NA	0	0
116	5	23	17.534	33.743	0	2	0	8.12	3.218	NA	0.062	NA	0	0
117	5	24	16.848	33.743	0	2	37	8.806	2.543	NA	0.686	NA	180	180
118	6	1	23.83	34.055	0	2	0	0	0	NA	NA	NA	NA	NA
119	6	2	22.646	34.678	0	2	0	1.339	1.339	NA	1.339	NA	152.241	NA
120	6	3	21.212	35.114	0	2	0	2.837	2.825	NA	1.499	NA	163.072	10.831
121	6	4	21.337	35.177	0	2	0	2.977	2.735	NA	0.139	NA	26.565	-136.507
122	6	5	20.277	35.301	0	2	0	4.044	3.766	NA	1.067	NA	173.29	146.725
123	6	6	19.529	35.239	0	2	4	4.795	4.462	NA	0.751	NA	-175.236	11.473
124	6	7	19.841	35.177	0	2	4	5.112	4.145	NA	0.318	NA	-11.31	163.926
125	6	8	20.464	35.052	0	2	0	5.748	3.511	NA	0.636	NA	-11.31	0
126	6	9	20.464	35.052	0	2	0	5.748	3.511	NA	0	NA	0	11.31
127	6	10	21.025	35.052	0	2	0	6.309	2.977	NA	0.561	NA	0	0
128	6	11	21.711	35.052	0	2	0	6.995	2.343	NA	0.686	NA	0	0
129	6	12	22.584	34.242	0	2	0	8.186	1.261	NA	1.191	NA	-42.879	-42.879
130	6	13	23.082	34.304	0	2	0	8.689	0.789	NA	0.503	NA	7.125	50.004
131	6	14	23.207	34.366	0	2	0	8.828	0.697	NA	0.139	NA	26.565	19.44
132	6	15	23.519	33.93	0	2	0	9.364	0.336	NA	0.536	NA	-54.462	-81.027
133	6	16	23.519	33.93	0	2	0	9.364	0.336	NA	0	NA	0	54.462
134	6	17	23.768	33.868	0	2	0	9.622	0.197	NA	0.257	NA	-14.036	-14.036
