Nr	TID	PID	x [micron]	y [micron]	t [sec]	c [idx]	I [val]	Len [micron]	D2S [micron]	D2R [micron]	D2P [micron]	v [micron/sec]	? [deg]	?? [deg]
1	1	1	9.828	10.751	0	2	46	0	0	NA	NA	NA	NA	NA
2	1	2	10.197	10.843	0	2	80	0.381	0.381	NA	0.381	NA	14.036	NA
3	1	3	10.043	11.028	0	2	53	0.621	0.351	NA	0.24	NA	129.806	115.769
4	1	4	10.043	10.997	0	2	33	0.652	0.327	NA	0.031	NA	-90	140.194
5	1	5	10.505	11.151	0	2	73	1.139	0.787	NA	0.487	NA	18.435	108.435
6	1	6	9.674	10.597	0	2	33	2.138	0.218	NA	0.999	NA	-146.31	-164.745
7	1	7	9.52	10.566	0	2	20	2.295	0.359	NA	0.157	NA	-168.69	-22.38
8	1	8	9.15	10.443	0	2	26	2.684	0.744	NA	0.389	NA	-161.565	7.125
9	2	1	8.535	11.028	0	2	40	0	0	NA	NA	NA	NA	NA
10	2	2	8.566	11.028	0	2	40	0.031	0.031	NA	0.031	NA	0	NA
11	2	3	8.566	11.028	0	2	46	0.031	0.031	NA	0	NA	0	0
12	2	4	8.566	11.028	0	2	26	0.031	0.031	NA	0	NA	0	0
13	2	5	8.196	11.09	0	2	40	0.405	0.344	NA	0.374	NA	170.538	170.538
14	2	6	8.381	11.121	0	2	53	0.593	0.179	NA	0.187	NA	9.462	-161.075
15	2	7	8.535	11.121	0	2	20	0.746	0.092	NA	0.154	NA	0	-9.462
16	2	8	8.412	11.121	0	2	53	0.87	0.154	NA	0.123	NA	180	180
17	2	9	8.566	11.059	0	2	46	1.035	0.044	NA	0.166	NA	-21.801	158.199
18	2	10	8.627	11.059	0	2	60	1.097	0.097	NA	0.062	NA	0	21.801
19	2	11	8.227	11.059	0	2	40	1.497	0.309	NA	0.4	NA	180	180
20	2	12	8.412	11.09	0	2	60	1.684	0.138	NA	0.187	NA	9.462	-170.538
21	2	13	8.504	11.121	0	2	53	1.782	0.097	NA	0.097	NA	18.435	8.973
22	2	14	8.504	11.398	0	2	26	2.059	0.371	NA	0.277	NA	90	71.565
23	3	1	10.536	12.752	0	2	174	0	0	NA	NA	NA	NA	NA
24	3	2	10.536	12.721	0	2	73	0.031	0.031	NA	0.031	NA	-90	NA
25	3	3	10.659	12.691	0	2	127	0.158	0.138	NA	0.127	NA	-14.036	75.964
26	3	4	10.628	12.691	0	2	73	0.188	0.111	NA	0.031	NA	180	-165.964
27	3	5	10.628	12.629	0	2	73	0.25	0.154	NA	0.062	NA	-90	90
28	3	6	10.628	12.598	0	2	93	0.281	0.179	NA	0.031	NA	-90	0
29	3	7	10.628	12.475	0	2	147	0.404	0.292	NA	0.123	NA	-90	0
30	3	8	10.69	12.444	0	2	67	0.473	0.344	NA	0.069	NA	-26.565	63.435
31	3	9	10.69	12.444	0	2	67	0.473	0.344	NA	0	NA	0	26.565
32	3	10	10.905	12.352	0	2	100	0.707	0.545	NA	0.234	NA	-23.199	-23.199
33	3	11	10.843	12.444	0	2	120	0.818	0.435	NA	0.111	NA	123.69	146.889
34	3	12	11.644	12.475	0	2	13	1.619	1.142	NA	0.801	NA	2.203	-121.487
35	3	13	12.075	12.475	0	2	13	2.05	1.564	NA	0.431	NA	0	-2.203
36	4	1	10.936	12.321	0	2	80	0	0	NA	NA	NA	NA	NA
37	4	2	10.659	12.136	0	2	53	0.333	0.333	NA	0.333	NA	-146.31	NA
38	4	3	10.69	12.044	0	2	73	0.43	0.371	NA	0.097	NA	-71.565	74.745
39	4	4	10.69	12.013	0	2	60	0.461	0.394	NA	0.031	NA	-90	-18.435
40	4	5	10.69	11.982	0	2	33	0.492	0.419	NA	0.031	NA	-90	0
41	4	6	10.597	11.921	0	2	33	0.603	0.524	NA	0.111	NA	-146.31	-56.31
42	4	7	10.443	11.798	0	2	33	0.8	0.719	NA	0.197	NA	-141.34	4.97
43	4	8	10.628	11.767	0	2	67	0.987	0.634	NA	0.187	NA	-9.462	131.878
44	4	9	10.505	11.859	0	2	53	1.141	0.632	NA	0.154	NA	143.13	152.592
45	4	10	10.474	11.859	0	2	46	1.172	0.653	NA	0.031	NA	180	36.87
46	4	11	10.474	11.798	0	2	46	1.234	0.698	NA	0.062	NA	-90	90
47	4	12	9.705	11.582	0	2	60	2.033	1.436	NA	0.799	NA	-164.358	-74.358
48	4	13	9.612	11.459	0	2	20	2.187	1.58	NA	0.154	NA	-126.87	37.488
49	4	14	9.735	11.367	0	2	40	2.341	1.534	NA	0.154	NA	-36.87	90
50	4	15	9.797	11.398	0	2	46	2.409	1.466	NA	0.069	NA	26.565	63.435
51	4	16	8.904	11.428	0	2	26	3.303	2.219	NA	0.893	NA	178.025	151.46
52	4	17	9.212	11.028	0	2	20	3.808	2.155	NA	0.505	NA	-52.431	129.544
53	4	18	10.043	11.028	0	2	140	4.639	1.571	NA	0.831	NA	0	52.431
54	4	19	9.766	10.967	0	2	87	4.922	1.79	NA	0.284	NA	-167.471	-167.471
55	4	20	9.551	10.843	0	2	167	5.171	2.025	NA	0.248	NA	-150.255	17.216
56	4	21	9.612	10.905	0	2	93	5.258	1.938	NA	0.087	NA	45	-164.745
57	4	22	9.643	10.751	0	2	73	5.415	2.034	NA	0.157	NA	-78.69	-123.69
58	4	23	9.797	10.813	0	2	120	5.58	1.89	NA	0.166	NA	21.801	100.491
59	4	24	10.012	10.813	0	2	80	5.796	1.769	NA	0.215	NA	0	-21.801
60	4	25	9.951	10.813	0	2	53	5.858	1.802	NA	0.062	NA	180	180
61	4	26	10.105	10.936	0	2	46	6.055	1.615	NA	0.197	NA	38.66	-141.34
62	4	27	10.382	10.905	0	2	73	6.333	1.521	NA	0.279	NA	-6.34	-45
63	4	28	10.413	10.936	0	2	107	6.377	1.481	NA	0.044	NA	45	51.34
64	4	29	10.197	11.059	0	2	67	6.625	1.462	NA	0.248	NA	150.255	105.255
65	4	30	10.351	10.997	0	2	127	6.791	1.447	NA	0.166	NA	-21.801	-172.057
66	4	31	10.382	10.905	0	2	100	6.888	1.521	NA	0.097	NA	-71.565	-49.764
67	4	32	10.413	10.843	0	2	67	6.957	1.568	NA	0.069	NA	-63.435	8.13
68	4	33	10.443	10.813	0	2	73	7.001	1.587	NA	0.044	NA	-45	18.435
69	4	34	10.659	10.72	0	2	67	7.235	1.625	NA	0.234	NA	-23.199	21.801
70	4	35	10.936	10.72	0	2	6	7.512	1.601	NA	0.277	NA	0	23.199
71	4	36	11.121	10.597	0	2	93	7.734	1.734	NA	0.222	NA	-33.69	-33.69
72	4	37	11.059	10.628	0	2	53	7.803	1.698	NA	0.069	NA	153.435	-172.875
73	4	38	11.428	10.628	0	2	46	8.172	1.763	NA	0.369	NA	0	-153.435
74	4	39	11.09	10.69	0	2	60	8.516	1.639	NA	0.344	NA	169.695	169.695
75	4	40	11.059	10.659	0	2	13	8.56	1.667	NA	0.044	NA	-135	55.305
76	4	41	11.09	10.659	0	2	73	8.591	1.669	NA	0.031	NA	0	135
77	4	42	11.09	10.659	0	2	46	8.591	1.669	NA	0	NA	0	0
78	4	43	11.675	10.566	0	2	46	9.183	1.904	NA	0.592	NA	-8.973	-8.973
79	5	1	12.136	10.751	0	2	40	0	0	NA	NA	NA	NA	NA
80	5	2	11.182	10.72	0	2	194	0.955	0.955	NA	0.955	NA	-178.152	NA
81	5	3	10.628	10.659	0	2	140	1.512	1.511	NA	0.558	NA	-173.66	4.493
82	5	4	10.043	10.566	0	2	80	2.104	2.101	NA	0.592	NA	-171.027	2.632
83	5	5	12.721	10.566	0	2	33	4.783	0.613	NA	2.678	NA	0	171.027
84	5	6	13.337	10.813	0	2	6	5.446	1.202	NA	0.663	NA	21.801	21.801
85	6	1	9.612	9.951	0	2	100	0	0	NA	NA	NA	NA	NA
86	6	2	10.659	9.397	0	2	60	1.184	1.184	NA	1.184	NA	-27.897	NA
87	6	3	10.289	9.612	0	2	93	1.612	0.757	NA	0.428	NA	149.744	177.641
88	6	4	10.351	9.674	0	2	73	1.699	0.789	NA	0.087	NA	45	-104.744
89	6	5	10.597	9.212	0	2	114	2.222	1.231	NA	0.523	NA	-61.928	-106.928
90	6	6	10.135	9.52	0	2	87	2.777	0.678	NA	0.555	NA	146.31	-151.763
91	6	7	10.289	9.581	0	2	80	2.943	0.771	NA	0.166	NA	21.801	-124.509
92	6	8	10.259	9.52	0	2	107	3.012	0.777	NA	0.069	NA	-116.565	-138.366
93	6	9	10.32	9.551	0	2	87	3.081	0.813	NA	0.069	NA	26.565	143.13
94	6	10	10.289	9.612	0	2	67	3.15	0.757	NA	0.069	NA	116.565	90
95	6	11	10.289	9.612	0	2	67	3.15	0.757	NA	0	NA	0	-116.565
96	6	12	10.289	9.551	0	2	73	3.211	0.787	NA	0.062	NA	-90	-90
97	6	13	10.197	9.705	0	2	80	3.391	0.635	NA	0.179	NA	120.964	-149.036
98	6	14	10.72	9.489	0	2	40	3.957	1.201	NA	0.566	NA	-22.38	-143.344
99	6	15	10.413	9.427	0	2	46	4.27	0.956	NA	0.314	NA	-168.69	-146.31
100	6	16	10.413	9.489	0	2	80	4.332	0.924	NA	0.062	NA	90	-101.31
101	6	17	10.536	9.458	0	2	33	4.459	1.047	NA	0.127	NA	-14.036	-104.036
102	6	18	10.536	9.427	0	2	80	4.49	1.061	NA	0.031	NA	-90	-75.964
103	6	19	10.259	9.458	0	2	40	4.769	0.813	NA	0.279	NA	173.66	-96.34
104	6	20	10.69	9.243	0	2	60	5.25	1.289	NA	0.482	NA	-26.565	159.775
105	6	21	10.566	9.397	0	2	107	5.447	1.103	NA	0.197	NA	128.66	155.225
106	6	22	10.628	9.397	0	2	80	5.509	1.157	NA	0.062	NA	0	-128.66
107	6	23	10.628	9.366	0	2	46	5.54	1.172	NA	0.031	NA	-90	-90
108	6	24	10.566	9.304	0	2	60	5.627	1.153	NA	0.087	NA	-135	-45
109	6	25	10.782	9.335	0	2	13	5.845	1.322	NA	0.218	NA	8.13	143.13
110	6	26	10.751	9.274	0	2	13	5.913	1.325	NA	0.069	NA	-116.565	-124.695
111	6	27	10.566	9.12	0	2	73	6.154	1.265	NA	0.24	NA	-140.194	-23.629
112	6	28	10.628	9.12	0	2	40	6.215	1.313	NA	0.062	NA	0	140.194
113	6	29	10.72	9.12	0	2	60	6.308	1.385	NA	0.092	NA	0	0
114	6	30	10.751	9.181	0	2	114	6.377	1.375	NA	0.069	NA	63.435	63.435
115	6	31	10.874	9.397	0	2	40	6.625	1.378	NA	0.248	NA	60.255	-3.18
116	6	32	10.69	9.366	0	2	100	6.812	1.226	NA	0.187	NA	-170.538	129.207
117	6	33	10.474	9.058	0	2	40	7.188	1.241	NA	0.376	NA	-124.992	45.546
118	7	1	11.767	10.69	0	2	13	0	0	NA	NA	NA	NA	NA
119	7	2	11.367	10.628	0	2	120	0.405	0.405	NA	0.405	NA	-171.254	NA
120	7	3	10.936	10.751	0	2	53	0.853	0.833	NA	0.448	NA	164.055	-24.692
121	7	4	11.151	10.659	0	2	60	1.088	0.616	NA	0.234	NA	-23.199	172.747
122	7	5	11.398	10.536	0	2	93	1.363	0.4	NA	0.275	NA	-26.565	-3.366
123	7	6	11.398	10.628	0	2	93	1.455	0.374	NA	0.092	NA	90	116.565
124	7	7	11.459	10.597	0	2	13	1.524	0.321	NA	0.069	NA	-26.565	-116.565
125	7	8	11.859	10.536	0	2	46	1.929	0.179	NA	0.405	NA	-8.746	17.819
126	7	9	11.736	10.474	0	2	6	2.067	0.218	NA	0.138	NA	-153.435	-144.689
127	7	10	12.136	10.659	0	2	26	2.507	0.371	NA	0.441	NA	24.775	178.21
128	7	11	11.859	10.566	0	2	6	2.799	0.154	NA	0.292	NA	-161.565	173.66
129	7	12	11.982	10.536	0	2	33	2.926	0.265	NA	0.127	NA	-14.036	147.529
130	8	1	9.828	8.196	0	2	6	0	0	NA	NA	NA	NA	NA
131	8	2	9.828	8.196	0	2	13	0	0	NA	0	NA	0	NA
132	8	3	9.828	8.196	0	2	53	0	0	NA	0	NA	0	0
133	8	4	10.012	8.196	0	2	13	0.185	0.185	NA	0.185	NA	0	0
134	8	5	10.351	8.288	0	2	20	0.536	0.531	NA	0.351	NA	15.255	15.255
135	8	6	10.166	8.104	0	2	13	0.797	0.351	NA	0.261	NA	-135	-150.255
136	8	7	9.92	8.135	0	2	6	1.045	0.111	NA	0.248	NA	172.875	-52.125
137	8	8	10.012	8.442	0	2	20	1.366	0.308	NA	0.321	NA	73.301	-99.574
138	8	9	9.951	8.227	0	2	26	1.591	0.127	NA	0.224	NA	-105.945	-179.246
139	9	1	15.061	12.968	0	2	60	0	0	NA	NA	NA	NA	NA
140	9	2	15.153	12.875	0	2	140	0.131	0.131	NA	0.131	NA	-45	NA
141	9	3	15.153	12.875	0	2	46	0.131	0.131	NA	0	NA	0	45
142	9	4	15.246	12.629	0	2	20	0.394	0.386	NA	0.263	NA	-69.444	-69.444
143	9	5	15.43	12.598	0	2	40	0.581	0.522	NA	0.187	NA	-9.462	59.982
144	9	6	15.43	12.783	0	2	46	0.766	0.413	NA	0.185	NA	90	99.462
145	9	7	15.307	12.783	0	2	87	0.889	0.308	NA	0.123	NA	180	90
146	9	8	15.276	12.752	0	2	73	0.932	0.305	NA	0.044	NA	-135	45
147	9	9	15.153	12.691	0	2	40	1.07	0.292	NA	0.138	NA	-153.435	-18.435
148	9	10	15.153	12.691	0	2	60	1.07	0.292	NA	0	NA	0	153.435
149	9	11	15.184	12.598	0	2	26	1.167	0.389	NA	0.097	NA	-71.565	-71.565
150	9	12	15.184	12.598	0	2	60	1.167	0.389	NA	0	NA	0	71.565
151	9	13	15.153	12.567	0	2	53	1.211	0.411	NA	0.044	NA	-135	-135
152	9	14	15.153	12.567	0	2	67	1.211	0.411	NA	0	NA	0	135
153	9	15	15.092	12.506	0	2	40	1.298	0.463	NA	0.087	NA	-135	-135
154	9	16	15.03	12.352	0	2	60	1.464	0.616	NA	0.166	NA	-111.801	23.199
155	9	17	14.999	12.352	0	2	20	1.494	0.619	NA	0.031	NA	180	-68.199
156	9	18	14.999	12.106	0	2	67	1.741	0.864	NA	0.246	NA	-90	90
157	10	1	16.261	12.783	0	2	0	0	0	NA	NA	NA	NA	NA
158	10	2	16.015	13.337	0	2	53	0.606	0.606	NA	0.606	NA	113.962	NA
159	10	3	15.83	13.091	0	2	53	0.914	0.53	NA	0.308	NA	-126.87	119.168
160	10	4	15.892	12.844	0	2	33	1.168	0.374	NA	0.254	NA	-75.964	50.906
161	10	5	15.738	12.844	0	2	60	1.322	0.527	NA	0.154	NA	180	-104.036
162	10	6	15.707	12.937	0	2	140	1.419	0.575	NA	0.097	NA	108.435	-71.565
163	10	7	15.615	12.968	0	2	53	1.517	0.672	NA	0.097	NA	161.565	53.13
164	10	8	16.107	12.814	0	2	6	2.033	0.157	NA	0.516	NA	-17.354	-178.919
165	10	9	15.923	12.906	0	2	33	2.239	0.36	NA	0.207	NA	153.435	170.789
166	10	10	15.892	12.998	0	2	26	2.337	0.428	NA	0.097	NA	108.435	-45
167	10	11	15.707	13.152	0	2	13	2.577	0.666	NA	0.24	NA	140.194	31.759
168	10	12	16.077	13.214	0	2	40	2.951	0.469	NA	0.374	NA	9.462	-130.732
169	10	13	16.2	13.152	0	2	60	3.089	0.374	NA	0.138	NA	-26.565	-36.027
170	10	14	16.2	13.06	0	2	40	3.181	0.284	NA	0.092	NA	-90	-63.435
171	10	15	16.231	13.337	0	2	53	3.46	0.555	NA	0.279	NA	83.66	173.66
172	10	16	15.954	13.368	0	2	60	3.739	0.661	NA	0.279	NA	173.66	90
173	10	17	16.046	13.275	0	2	40	3.87	0.538	NA	0.131	NA	-45	141.34
174	10	18	16.077	13.522	0	2	26	4.118	0.762	NA	0.248	NA	82.875	127.875
175	10	19	16.015	13.337	0	2	53	4.312	0.606	NA	0.195	NA	-108.435	168.69
176	10	20	15.984	13.337	0	2	40	4.343	0.62	NA	0.031	NA	180	-71.565
177	10	21	15.892	13.368	0	2	73	4.441	0.692	NA	0.097	NA	161.565	-18.435
178	10	22	15.984	13.275	0	2	26	4.571	0.565	NA	0.131	NA	-45	153.435
179	10	23	15.984	13.214	0	2	40	4.633	0.512	NA	0.062	NA	-90	-45
180	10	24	15.984	13.214	0	2	20	4.633	0.512	NA	0	NA	0	90
181	10	25	15.984	13.214	0	2	60	4.633	0.512	NA	0	NA	0	0
182	10	26	15.892	13.214	0	2	33	4.725	0.568	NA	0.092	NA	180	180
183	10	27	15.584	13.214	0	2	20	5.033	0.803	NA	0.308	NA	180	0
184	10	28	15.615	13.245	0	2	40	5.076	0.794	NA	0.044	NA	45	-135
185	10	29	15.83	13.245	0	2	33	5.292	0.632	NA	0.215	NA	0	-45
186	10	30	16.046	13.121	0	2	33	5.54	0.401	NA	0.248	NA	-29.745	-29.745
187	10	31	16.261	13.214	0	2	40	5.775	0.431	NA	0.234	NA	23.199	52.943
188	10	32	16.138	13.275	0	2	13	5.912	0.508	NA	0.138	NA	153.435	130.236
189	10	33	15.984	13.245	0	2	6	6.069	0.538	NA	0.157	NA	-168.69	37.875
190	10	34	15.984	13.245	0	2	46	6.069	0.538	NA	0	NA	0	168.69
191	10	35	16.077	13.06	0	2	26	6.276	0.333	NA	0.207	NA	-63.435	-63.435
192	10	36	16.323	12.721	0	2	26	6.694	0.087	NA	0.419	NA	-53.973	9.462
193	10	37	16.446	12.783	0	2	20	6.832	0.185	NA	0.138	NA	26.565	80.538
194	11	1	15.369	14.753	0	2	20	0	0	NA	NA	NA	NA	NA
195	11	2	14.999	14.753	0	2	20	0.369	0.369	NA	0.369	NA	180	NA
196	11	3	15.122	14.722	0	2	33	0.496	0.248	NA	0.127	NA	-14.036	165.964
197	11	4	15.215	14.753	0	2	20	0.594	0.154	NA	0.097	NA	18.435	32.471
198	11	5	15.215	14.753	0	2	13	0.594	0.154	NA	0	NA	0	-18.435
199	11	6	16.107	14.722	0	2	6	1.487	0.739	NA	0.893	NA	-1.975	-1.975
200	11	7	18.139	14.353	0	2	40	3.552	2.799	NA	2.065	NA	-10.305	-8.33
201	11	8	17.831	14.384	0	2	87	3.861	2.49	NA	0.309	NA	174.289	-175.406
202	11	9	19.001	14.23	0	2	46	5.041	3.67	NA	1.18	NA	-7.496	178.215
203	11	10	20.171	14.322	0	2	20	6.215	4.822	NA	1.173	NA	4.514	12.01
204	11	11	20.51	14.291	0	2	6	6.555	5.162	NA	0.34	NA	-5.194	-9.708
205	12	1	14.168	15.092	0	2	46	0	0	NA	NA	NA	NA	NA
206	12	2	15.677	14.568	0	2	20	1.597	1.597	NA	1.597	NA	-19.134	NA
207	12	3	16.169	14.23	0	2	20	2.194	2.179	NA	0.598	NA	-34.509	-15.375
208	12	4	16.077	14.23	0	2	6	2.287	2.094	NA	0.092	NA	180	-145.491
209	12	5	16.046	14.291	0	2	13	2.355	2.041	NA	0.069	NA	116.565	-63.435
210	12	6	15.892	13.922	0	2	0	2.756	2.083	NA	0.4	NA	-112.62	130.815
211	12	7	16.2	13.706	0	2	13	3.131	2.459	NA	0.376	NA	-34.992	77.628
212	13	1	14.168	6.288	0	2	46	0	0	NA	NA	NA	NA	NA
213	13	2	15.246	6.503	0	2	87	1.099	1.099	NA	1.099	NA	11.31	NA
214	13	3	15.738	6.503	0	2	100	1.591	1.585	NA	0.493	NA	0	-11.31
215	13	4	16.077	6.657	0	2	60	1.963	1.944	NA	0.372	NA	24.444	24.444
216	13	5	16.231	6.688	0	2	87	2.12	2.101	NA	0.157	NA	11.31	-13.134
217	13	6	16.231	6.78	0	2	114	2.213	2.12	NA	0.092	NA	90	78.69
218	13	7	15.492	6.688	0	2	127	2.957	1.383	NA	0.745	NA	-172.875	97.125
219	13	8	15.43	6.688	0	2	33	3.019	1.324	NA	0.062	NA	180	-7.125
220	13	9	15.276	6.688	0	2	67	3.173	1.178	NA	0.154	NA	180	0
221	13	10	15.43	6.688	0	2	73	3.327	1.324	NA	0.154	NA	0	-180
222	13	11	15.584	6.657	0	2	67	3.483	1.463	NA	0.157	NA	-11.31	-11.31
223	13	12	15.553	6.595	0	2	134	3.552	1.419	NA	0.069	NA	-116.565	-105.255
224	13	13	15.153	6.534	0	2	46	3.957	1.015	NA	0.405	NA	-171.254	-54.689
225	13	14	15.43	6.595	0	2	46	4.241	1.299	NA	0.284	NA	12.529	-176.217
226	13	15	15.399	6.565	0	2	67	4.285	1.262	NA	0.044	NA	-135	-147.529
227	13	16	15.461	6.595	0	2	46	4.353	1.329	NA	0.069	NA	26.565	161.565
228	13	17	15.461	6.565	0	2	26	4.384	1.322	NA	0.031	NA	-90	-116.565
229	13	18	15.338	6.719	0	2	60	4.581	1.247	NA	0.197	NA	128.66	-141.34
230	13	19	15.276	6.657	0	2	80	4.668	1.168	NA	0.087	NA	-135	96.34
231	13	20	15.738	6.503	0	2	53	5.155	1.585	NA	0.487	NA	-18.435	116.565
232	13	21	17	6.719	0	2	46	6.435	2.865	NA	1.28	NA	9.689	28.124
233	13	22	17.246	6.565	0	2	67	6.726	3.091	NA	0.29	NA	-32.005	-41.694
234	14	1	16.107	7.119	0	2	46	0	0	NA	NA	NA	NA	NA
235	14	2	16.169	7.334	0	2	80	0.224	0.224	NA	0.224	NA	74.055	NA
236	14	3	17.154	7.55	0	2	60	1.232	1.132	NA	1.008	NA	12.339	-61.716
237	14	4	14.63	7.149	0	2	13	3.788	1.478	NA	2.556	NA	-170.991	176.669
238	15	1	19.278	4.841	0	2	13	0	0	NA	NA	NA	NA	NA
239	15	2	19.524	4.964	0	2	6	0.275	0.275	NA	0.275	NA	26.565	NA
240	15	3	20.448	4.564	0	2	87	1.282	1.202	NA	1.006	NA	-23.429	-49.994
241	15	4	20.971	4.04	0	2	100	2.022	1.873	NA	0.74	NA	-45	-21.571
242	15	5	21.187	3.763	0	2	73	2.373	2.192	NA	0.351	NA	-52.125	-7.125
243	15	6	20.756	4.841	0	2	40	3.533	1.478	NA	1.16	NA	111.801	163.926
244	15	7	20.571	5.179	0	2	40	3.919	1.337	NA	0.386	NA	118.61	6.809
245	15	8	20.817	4.933	0	2	46	4.267	1.542	NA	0.348	NA	-45	-163.61
246	15	9	21.002	4.594	0	2	20	4.653	1.741	NA	0.386	NA	-61.39	-16.39
247	15	10	20.94	4.656	0	2	87	4.74	1.673	NA	0.087	NA	135	-163.61
248	15	11	19.894	5.364	0	2	26	6.004	0.808	NA	1.264	NA	145.923	10.923
249	15	12	19.894	5.241	0	2	40	6.127	0.734	NA	0.123	NA	-90	124.077
250	15	13	20.048	5.179	0	2	46	6.293	0.841	NA	0.166	NA	-21.801	68.199
251	15	14	19.925	5.395	0	2	53	6.541	0.851	NA	0.248	NA	119.745	141.546
252	15	15	19.832	5.456	0	2	26	6.652	0.828	NA	0.111	NA	146.31	26.565
253	15	16	19.771	5.333	0	2	53	6.789	0.697	NA	0.138	NA	-116.565	97.125
254	15	17	19.863	5.703	0	2	46	7.17	1.042	NA	0.381	NA	75.964	-167.471
255	15	18	19.463	5.61	0	2	67	7.581	0.791	NA	0.411	NA	-167.005	117.031
256	15	19	19.463	5.61	0	2	46	7.581	0.791	NA	0	NA	0	167.005
257	15	20	19.524	5.518	0	2	107	7.692	0.721	NA	0.111	NA	-56.31	-56.31
258	15	21	20.325	4.81	0	2	100	8.761	1.047	NA	1.069	NA	-41.496	14.813
259	16	1	19.986	6.749	0	2	13	0	0	NA	NA	NA	NA	NA
260	16	2	20.048	6.749	0	2	0	0.062	0.062	NA	0.062	NA	0	NA
261	16	3	19.986	6.657	0	2	20	0.173	0.092	NA	0.111	NA	-123.69	-123.69
262	16	4	19.401	6.565	0	2	40	0.765	0.613	NA	0.592	NA	-171.027	-47.337
263	16	5	19.524	6.565	0	2	40	0.888	0.497	NA	0.123	NA	0	171.027
264	16	6	19.586	6.288	0	2	33	1.172	0.611	NA	0.284	NA	-77.471	-77.471
265	16	7	19.586	6.195	0	2	46	1.264	0.684	NA	0.092	NA	-90	-12.529
266	16	8	19.648	6.226	0	2	46	1.333	0.623	NA	0.069	NA	26.565	116.565
267	16	9	19.494	6.318	0	2	33	1.512	0.654	NA	0.179	NA	149.036	122.471
268	16	10	19.278	6.318	0	2	26	1.728	0.829	NA	0.215	NA	180	30.964
269	16	11	19.124	6.657	0	2	67	2.1	0.867	NA	0.372	NA	114.444	-65.556
270	16	12	19.124	6.719	0	2	33	2.161	0.862	NA	0.062	NA	90	-24.444
271	16	13	19.124	6.78	0	2	20	2.223	0.862	NA	0.062	NA	90	0
272	16	14	19.186	6.78	0	2	67	2.284	0.801	NA	0.062	NA	0	-90
273	16	15	19.34	6.872	0	2	33	2.464	0.658	NA	0.179	NA	30.964	30.964
274	16	16	19.401	6.872	0	2	6	2.526	0.598	NA	0.062	NA	0	-30.964
275	16	17	19.34	6.842	0	2	20	2.594	0.653	NA	0.069	NA	-153.435	-153.435
276	16	18	19.34	6.626	0	2	13	2.81	0.658	NA	0.215	NA	-90	63.435
277	16	19	19.524	6.503	0	2	6	3.032	0.523	NA	0.222	NA	-33.69	56.31
278	16	20	19.432	6.842	0	2	33	3.383	0.562	NA	0.351	NA	105.255	138.945
279	16	21	19.494	6.565	0	2	20	3.667	0.526	NA	0.284	NA	-77.471	177.274
280	16	22	19.494	6.626	0	2	13	3.728	0.508	NA	0.062	NA	90	167.471
281	16	23	19.648	6.872	0	2	33	4.019	0.36	NA	0.29	NA	57.995	-32.005
282	16	24	19.74	6.657	0	2	40	4.253	0.263	NA	0.234	NA	-66.801	-124.796
283	16	25	19.771	6.595	0	2	6	4.322	0.265	NA	0.069	NA	-63.435	3.366
284	16	26	20.017	6.472	0	2	26	4.597	0.279	NA	0.275	NA	-26.565	36.87
285	16	27	20.048	6.257	0	2	13	4.815	0.496	NA	0.218	NA	-81.87	-55.305
286	17	1	19.955	8.196	0	2	26	0	0	NA	NA	NA	NA	NA
287	17	2	20.017	8.042	0	2	46	0.166	0.166	NA	0.166	NA	-68.199	NA
288	17	3	19.925	8.196	0	2	73	0.345	0.031	NA	0.179	NA	120.964	-170.838
289	17	4	20.294	8.196	0	2	33	0.715	0.339	NA	0.369	NA	0	-120.964
290	17	5	20.787	8.381	0	2	33	1.241	0.851	NA	0.526	NA	20.556	20.556
291	17	6	21.064	8.442	0	2	33	1.525	1.135	NA	0.284	NA	12.529	-8.027
292	17	7	21.371	8.781	0	2	0	1.982	1.532	NA	0.458	NA	47.726	35.198
293	17	8	21.279	8.535	0	2	26	2.245	1.366	NA	0.263	NA	-110.556	-158.282
294	17	9	21.587	8.658	0	2	26	2.577	1.696	NA	0.332	NA	21.801	132.357
295	17	10	21.772	8.75	0	2	73	2.783	1.899	NA	0.207	NA	26.565	4.764
296	17	11	22.326	9.366	0	2	60	3.612	2.643	NA	0.828	NA	48.013	21.448
297	17	12	22.48	9.304	0	2	40	3.777	2.757	NA	0.166	NA	-21.801	-69.814
298	17	13	22.541	9.304	0	2	33	3.839	2.813	NA	0.062	NA	0	21.801
299	17	14	23.434	9.181	0	2	26	4.74	3.615	NA	0.901	NA	-7.853	-7.853
300	18	1	10.135	8.412	0	2	174	0	0	NA	NA	NA	NA	NA
301	18	2	10.105	8.473	0	2	67	0.069	0.069	NA	0.069	NA	116.565	NA
302	18	3	10.074	8.442	0	2	140	0.112	0.069	NA	0.044	NA	-135	108.435
303	18	4	10.105	8.381	0	2	60	0.181	0.044	NA	0.069	NA	-63.435	71.565
304	18	5	10.105	8.196	0	2	154	0.366	0.218	NA	0.185	NA	-90	-26.565
305	18	6	9.951	8.288	0	2	107	0.545	0.222	NA	0.179	NA	149.036	-120.964
306	18	7	10.197	8.042	0	2	53	0.894	0.374	NA	0.348	NA	-45	165.964
307	18	8	10.536	7.95	0	2	20	1.245	0.611	NA	0.351	NA	-15.255	29.745
308	18	9	10.289	7.704	0	2	20	1.593	0.725	NA	0.348	NA	-135	-119.745
309	18	10	10.72	7.796	0	2	60	2.034	0.849	NA	0.441	NA	12.095	147.095
310	19	1	9.643	8.011	0	2	26	0	0	NA	NA	NA	NA	NA
311	19	2	10.751	7.765	0	2	100	1.135	1.135	NA	1.135	NA	-12.529	NA
312	19	3	11.213	7.673	0	2	33	1.606	1.606	NA	0.471	NA	-11.31	1.219
313	19	4	11.274	7.427	0	2	13	1.86	1.733	NA	0.254	NA	-75.964	-64.654
314	19	5	11.151	7.396	0	2	6	1.987	1.629	NA	0.127	NA	-165.964	-90
315	20	1	9.674	9.551	0	2	20	0	0	NA	NA	NA	NA	NA
316	20	2	9.643	9.397	0	2	26	0.157	0.157	NA	0.157	NA	-101.31	NA
317	20	3	9.643	9.243	0	2	13	0.311	0.309	NA	0.154	NA	-90	11.31
318	20	4	9.674	9.243	0	2	87	0.342	0.308	NA	0.031	NA	0	90
319	20	5	9.674	9.427	0	2	20	0.526	0.123	NA	0.185	NA	90	90
320	20	6	9.612	9.427	0	2	20	0.588	0.138	NA	0.062	NA	180	90
321	20	7	9.397	9.427	0	2	13	0.803	0.303	NA	0.215	NA	180	0
322	20	8	9.397	9.427	0	2	46	0.803	0.303	NA	0	NA	0	-180
323	20	9	9.458	9.397	0	2	33	0.872	0.265	NA	0.069	NA	-26.565	-26.565
324	20	10	9.458	9.489	0	2	26	0.965	0.224	NA	0.092	NA	90	116.565
325	20	11	9.274	9.304	0	2	46	1.226	0.47	NA	0.261	NA	-135	135
326	21	1	16.754	6.164	0	2	13	0	0	NA	NA	NA	NA	NA
327	21	2	17.246	5.918	0	2	13	0.551	0.551	NA	0.551	NA	-26.565	NA
328	21	3	17.493	6.01	0	2	13	0.814	0.755	NA	0.263	NA	20.556	47.121
329	21	4	17.801	6.041	0	2	33	1.123	1.054	NA	0.309	NA	5.711	-14.845
330	21	5	18.201	5.918	0	2	46	1.542	1.468	NA	0.419	NA	-17.103	-22.813
331	21	6	18.201	5.764	0	2	40	1.696	1.501	NA	0.154	NA	-90	-72.897
332	21	7	17.985	6.103	0	2	53	2.097	1.233	NA	0.401	NA	122.471	-147.529
333	21	8	18.201	6.441	0	2	33	2.498	1.473	NA	0.401	NA	57.529	-64.942
334	21	9	17.831	6.38	0	2	26	2.873	1.099	NA	0.374	NA	-170.538	131.934
335	21	10	18.509	6.38	0	2	26	3.55	1.768	NA	0.677	NA	0	170.538
336	21	11	17.031	6.472	0	2	100	5.031	0.414	NA	1.48	NA	176.424	176.424
337	21	12	15.061	6.257	0	2	13	7.013	1.696	NA	1.982	NA	-173.758	9.818
338	22	1	16.477	13.891	0	2	26	0	0	NA	NA	NA	NA	NA
339	22	2	16.631	14.045	0	2	60	0.218	0.218	NA	0.218	NA	45	NA
340	22	3	16.754	14.076	0	2	20	0.345	0.333	NA	0.127	NA	14.036	-30.964
341	22	4	16.908	14.107	0	2	13	0.502	0.482	NA	0.157	NA	11.31	-2.726
342	22	5	17.246	14.076	0	2	40	0.842	0.791	NA	0.34	NA	-5.194	-16.504
343	22	6	17.37	14.076	0	2	13	0.965	0.912	NA	0.123	NA	0	5.194
344	22	7	17.4	14.199	0	2	40	1.092	0.973	NA	0.127	NA	75.964	75.964
345	22	8	17.462	14.353	0	2	26	1.257	1.088	NA	0.166	NA	68.199	-7.765
346	22	9	17.246	14.168	0	2	46	1.541	0.818	NA	0.284	NA	-139.399	152.403
347	22	10	17.37	14.23	0	2	13	1.679	0.955	NA	0.138	NA	26.565	165.964
348	22	11	17.554	14.322	0	2	40	1.885	1.16	NA	0.207	NA	26.565	0
349	22	12	17.801	14.384	0	2	46	2.139	1.412	NA	0.254	NA	14.036	-12.529
350	22	13	17.831	14.414	0	2	13	2.183	1.452	NA	0.044	NA	45	30.964
351	22	14	17.677	14.599	0	2	26	2.423	1.394	NA	0.24	NA	129.806	84.806
352	22	15	17.647	14.476	0	2	13	2.55	1.308	NA	0.127	NA	-104.036	126.158
353	22	16	17.801	14.445	0	2	6	2.707	1.435	NA	0.157	NA	-11.31	92.726
354	22	17	18.17	14.507	0	2	6	3.082	1.802	NA	0.374	NA	9.462	20.772
355	22	18	17.954	14.384	0	2	20	3.33	1.558	NA	0.248	NA	-150.255	-159.717
356	22	19	17.862	14.753	0	2	6	3.711	1.632	NA	0.381	NA	104.036	-105.709
357	22	20	17.831	14.538	0	2	6	3.928	1.501	NA	0.218	NA	-98.13	157.834
358	22	21	17.924	14.753	0	2	26	4.163	1.684	NA	0.234	NA	66.801	164.932
359	22	22	17.801	14.784	0	2	20	4.29	1.597	NA	0.127	NA	165.964	99.162
360	22	23	18.293	14.63	0	2	13	4.806	1.961	NA	0.516	NA	-17.354	176.682
361	23	1	8.596	9.581	0	2	26	0	0	NA	NA	NA	NA	NA
362	23	2	8.935	9.766	0	2	40	0.386	0.386	NA	0.386	NA	28.61	NA
363	23	3	9.458	9.828	0	2	194	0.913	0.896	NA	0.527	NA	6.71	-21.901
364	23	4	9.15	10.012	0	2	87	1.272	0.702	NA	0.359	NA	149.036	142.326
365	23	5	9.12	10.043	0	2	127	1.315	0.698	NA	0.044	NA	135	-14.036
366	24	1	7.734	11.305	0	2	13	0	0	NA	NA	NA	NA	NA
367	24	2	7.888	11.305	0	2	0	0.154	0.154	NA	0.154	NA	0	NA
368	24	3	7.888	11.305	0	2	20	0.154	0.154	NA	0	NA	0	0
369	24	4	7.888	11.305	0	2	20	0.154	0.154	NA	0	NA	0	0
370	24	5	8.165	11.398	0	2	26	0.446	0.441	NA	0.292	NA	18.435	18.435
371	24	6	8.104	11.398	0	2	6	0.508	0.381	NA	0.062	NA	180	161.565
372	24	7	7.888	11.428	0	2	6	0.725	0.197	NA	0.218	NA	171.87	-8.13
373	24	8	8.011	11.552	0	2	13	0.899	0.371	NA	0.174	NA	45	-126.87
374	24	9	8.042	11.552	0	2	26	0.93	0.394	NA	0.031	NA	0	-45
375	24	10	8.104	11.459	0	2	53	1.041	0.4	NA	0.111	NA	-56.31	-56.31
376	24	11	8.135	11.459	0	2	0	1.072	0.429	NA	0.031	NA	0	56.31
377	25	1	16.939	14.63	0	2	13	0	0	NA	NA	NA	NA	NA
378	25	2	16.908	14.661	0	2	6	0.044	0.044	NA	0.044	NA	135	NA
379	25	3	16.815	14.507	0	2	46	0.223	0.174	NA	0.179	NA	-120.964	104.036
380	25	4	16.6	14.538	0	2	6	0.441	0.351	NA	0.218	NA	171.87	-67.166
381	25	5	16.323	14.507	0	2	20	0.719	0.628	NA	0.279	NA	-173.66	14.47
382	25	6	16.292	14.414	0	2	6	0.817	0.681	NA	0.097	NA	-108.435	65.225
383	25	7	16.231	14.353	0	2	26	0.904	0.76	NA	0.087	NA	-135	-26.565
384	25	8	16.508	14.784	0	2	0	1.416	0.458	NA	0.512	NA	57.265	-167.735
385	25	9	16.754	14.968	0	2	13	1.724	0.386	NA	0.308	NA	36.87	-20.395
386	25	10	16.754	14.999	0	2	13	1.755	0.413	NA	0.031	NA	90	53.13
387	25	11	17.647	14.907	0	2	6	2.652	0.76	NA	0.897	NA	-5.906	-95.906
388	25	12	17.77	14.876	0	2	20	2.779	0.867	NA	0.127	NA	-14.036	-8.13
389	25	13	17.77	14.999	0	2	20	2.902	0.91	NA	0.123	NA	90	104.036
390	25	14	18.078	14.999	0	2	13	3.21	1.197	NA	0.308	NA	0	-90
391	25	15	18.601	15.061	0	2	0	3.737	1.717	NA	0.527	NA	6.71	6.71
392	25	16	19.34	15.153	0	2	6	4.482	2.457	NA	0.745	NA	7.125	0.415
393	26	1	20.017	7.519	0	2	67	0	0	NA	NA	NA	NA	NA
394	26	2	20.263	7.611	0	2	40	0.263	0.263	NA	0.263	NA	20.556	NA
395	26	3	20.232	7.55	0	2	26	0.332	0.218	NA	0.069	NA	-116.565	-137.121
396	26	4	20.294	7.55	0	2	53	0.393	0.279	NA	0.062	NA	0	116.565
397	26	5	20.048	7.396	0	2	40	0.684	0.127	NA	0.29	NA	-147.995	-147.995
398	27	1	21.802	8.135	0	2	13	0	0	NA	NA	NA	NA	NA
399	27	2	21.895	8.258	0	2	6	0.154	0.154	NA	0.154	NA	53.13	NA
400	27	3	22.357	8.627	0	2	6	0.745	0.741	NA	0.591	NA	38.66	-14.47
