Nr	TID	PID	x [micron]	y [micron]	t [sec]	c [idx]	I [val]	Len [micron]	D2S [micron]	D2R [micron]	D2P [micron]	v [micron/sec]	? [deg]	?? [deg]
1	1	1	31.348	15.613	0	2	0	0	0	NA	NA	NA	NA	NA
2	1	2	30.997	15.893	0	2	0	0.45	0.45	NA	0.45	NA	141.34	NA
3	1	3	30.997	15.893	0	2	0	0.45	0.45	NA	0	NA	0	-141.34
4	1	4	30.997	15.893	0	2	0	0.45	0.45	NA	0	NA	0	0
5	1	5	31.067	15.823	0	2	0	0.549	0.351	NA	0.099	NA	-45	-45
6	1	6	30.645	15.683	0	2	11	0.993	0.706	NA	0.444	NA	-161.565	-116.565
7	1	7	30.716	15.683	0	2	23	1.064	0.636	NA	0.07	NA	0	161.565
8	1	8	30.926	15.823	0	2	0	1.317	0.471	NA	0.253	NA	33.69	33.69
9	1	9	30.926	15.893	0	2	0	1.387	0.507	NA	0.07	NA	90	56.31
10	1	10	30.926	15.964	0	2	11	1.457	0.549	NA	0.07	NA	90	0
11	1	11	30.926	15.964	0	2	0	1.457	0.549	NA	0	NA	0	-90
12	1	12	30.997	15.964	0	2	0	1.528	0.497	NA	0.07	NA	0	0
13	1	13	30.997	16.455	0	2	0	2.019	0.913	NA	0.492	NA	90	90
14	1	14	30.786	16.526	0	2	0	2.242	1.072	NA	0.222	NA	161.565	71.565
15	1	15	30.224	16.596	0	2	0	2.808	1.493	NA	0.566	NA	172.875	11.31
16	1	16	30.013	16.596	0	2	0	3.019	1.658	NA	0.211	NA	180	7.125
17	1	17	30.224	17.158	0	2	0	3.619	1.911	NA	0.6	NA	69.444	-110.556
18	1	18	30.154	17.158	0	2	0	3.689	1.953	NA	0.07	NA	180	110.556
19	1	19	30.364	17.158	0	2	0	3.9	1.832	NA	0.211	NA	0	-180
20	1	20	30.575	17.228	0	2	0	4.122	1.791	NA	0.222	NA	18.435	18.435
21	1	21	30.364	17.158	0	2	0	4.344	1.832	NA	0.222	NA	-161.565	-180
22	1	22	30.083	17.298	0	2	0	4.658	2.107	NA	0.314	NA	153.435	-45
23	1	23	30.083	17.579	0	2	0	4.939	2.338	NA	0.281	NA	90	-63.435
24	1	24	30.224	17.439	0	2	0	5.138	2.145	NA	0.199	NA	-45	-135
25	1	25	30.083	17.298	0	2	0	5.337	2.107	NA	0.199	NA	-135	-90
26	1	26	30.083	17.158	0	2	0	5.477	1.997	NA	0.14	NA	-90	45
27	2	1	21.935	14.559	0	2	0	0	0	NA	NA	NA	NA	NA
28	2	2	21.513	16.174	0	2	0	1.67	1.67	NA	1.67	NA	104.621	NA
29	2	3	21.373	16.666	0	2	0	2.181	2.181	NA	0.511	NA	105.945	1.325
30	2	4	20.881	17.158	0	2	0	2.877	2.805	NA	0.695	NA	135	29.055
31	2	5	20.811	17.72	0	2	0	3.443	3.355	NA	0.566	NA	97.125	-37.875
32	2	6	20.741	19.265	0	2	0	4.99	4.856	NA	1.547	NA	92.603	-4.522
33	2	7	20.319	19.898	0	2	0	5.75	5.578	NA	0.76	NA	123.69	31.088
34	2	8	20.389	20.741	0	2	0	6.596	6.372	NA	0.846	NA	85.236	-38.454
35	2	9	19.968	22.075	0	2	0	7.995	7.77	NA	1.4	NA	107.526	22.289
36	2	10	19.968	22.497	0	2	0	8.417	8.178	NA	0.421	NA	90	-17.526
37	2	11	19.898	23.129	0	2	0	9.053	8.809	NA	0.636	NA	96.34	6.34
38	2	12	20.108	23.199	0	2	11	9.275	8.831	NA	0.222	NA	18.435	-77.905
39	2	13	19.757	24.464	0	2	0	10.587	10.141	NA	1.312	NA	105.524	87.089
40	2	14	19.265	26.009	0	2	0	12.209	11.757	NA	1.622	NA	107.65	2.126
41	2	15	19.476	26.501	0	2	0	12.744	12.193	NA	0.535	NA	66.801	-40.849
42	2	16	19.265	27.063	0	2	11	13.344	12.786	NA	0.6	NA	110.556	43.755
43	2	17	19.406	26.782	0	2	0	13.659	12.482	NA	0.314	NA	-63.435	-173.991
44	2	18	18.844	26.431	0	2	0	14.321	12.268	NA	0.663	NA	-147.995	-84.56
45	2	19	19.125	25.307	0	2	0	15.48	11.109	NA	1.159	NA	-75.964	72.031
46	2	20	19.406	25.658	0	2	0	15.93	11.384	NA	0.45	NA	51.34	127.304
47	2	21	19.546	25.377	0	2	0	16.244	11.079	NA	0.314	NA	-63.435	-114.775
48	2	22	19.757	25.096	0	2	0	16.595	10.76	NA	0.351	NA	-53.13	10.305
49	2	23	20.249	23.831	0	2	0	17.952	9.425	NA	1.357	NA	-68.749	-15.619
50	2	24	19.476	23.831	0	2	0	18.724	9.593	NA	0.773	NA	180	-111.251
51	3	1	28.468	12.732	0	2	0	0	0	NA	NA	NA	NA	NA
52	3	2	28.889	12.732	0	2	11	0.421	0.421	NA	0.421	NA	0	NA
53	3	3	29.1	12.592	0	2	0	0.675	0.648	NA	0.253	NA	-33.69	-33.69
54	3	4	29.17	12.522	0	2	11	0.774	0.733	NA	0.099	NA	-45	-11.31
55	3	5	28.257	11.679	0	2	0	2.017	1.075	NA	1.243	NA	-137.291	-92.291
56	3	6	28.117	11.819	0	2	0	2.216	0.978	NA	0.199	NA	135	-87.709
57	4	1	28.468	12.241	0	2	11	0	0	NA	NA	NA	NA	NA
58	4	2	28.468	13.856	0	2	0	1.616	1.616	NA	1.616	NA	90	NA
59	4	3	28.468	14.84	0	2	0	2.599	2.599	NA	0.983	NA	90	0
60	4	4	28.608	16.245	0	2	11	4.011	4.007	NA	1.412	NA	84.289	-5.711
61	4	5	28.889	17.65	0	2	0	5.444	5.425	NA	1.433	NA	78.69	-5.599
62	4	6	29.732	18.141	0	2	0	6.42	6.035	NA	0.976	NA	30.256	-48.434
63	4	7	29.662	17.65	0	2	0	6.917	5.539	NA	0.497	NA	-98.13	-128.387
