Nr	TID	PID	x [micron]	y [micron]	t [sec]	c [idx]	I [val]	Len [micron]	D2S [micron]	D2R [micron]	D2P [micron]	v [micron/sec]	? [deg]	?? [deg]
1	1	1	16.872	24.758	0	2	55	0	0	NA	NA	NA	NA	NA
2	1	2	17.09	24.758	0	2	102	0.218	0.218	NA	0.218	NA	0	NA
3	1	3	17.264	24.497	0	2	242	0.532	0.471	NA	0.314	NA	-56.31	-56.31
4	1	4	17.438	24.497	0	2	74	0.706	0.624	NA	0.174	NA	0	56.31
5	1	5	17.656	24.497	0	2	46	0.924	0.827	NA	0.218	NA	0	0
6	1	6	17.656	24.497	0	2	65	0.924	0.827	NA	0	NA	0	0
7	1	7	17.656	24.497	0	2	55	0.924	0.827	NA	0	NA	0	0
8	1	8	18.353	24.104	0	2	27	1.724	1.619	NA	0.8	NA	-29.358	-29.358
9	2	1	15.521	25.542	0	2	65	0	0	NA	NA	NA	NA	NA
10	2	2	15.521	25.542	0	2	46	0	0	NA	0	NA	0	NA
11	2	3	15.739	25.542	0	2	74	0.218	0.218	NA	0.218	NA	0	0
12	2	4	15.739	25.542	0	2	9	0.218	0.218	NA	0	NA	0	0
13	2	5	15.565	25.542	0	2	9	0.392	0.044	NA	0.174	NA	180	180
14	2	6	15.565	25.542	0	2	74	0.392	0.044	NA	0	NA	0	-180
15	2	7	15.434	25.542	0	2	93	0.523	0.087	NA	0.131	NA	180	180
16	2	8	15.739	25.542	0	2	46	0.828	0.218	NA	0.305	NA	0	-180
17	2	9	15.957	25.281	0	2	65	1.168	0.508	NA	0.34	NA	-50.194	-50.194
18	2	10	15.521	25.324	0	2	55	1.606	0.218	NA	0.438	NA	174.289	-135.516
19	3	1	13.43	24.671	0	2	9	0	0	NA	NA	NA	NA	NA
20	3	2	13.43	24.671	0	2	37	0	0	NA	0	NA	0	NA
21	3	3	13.386	24.584	0	2	46	0.097	0.097	NA	0.097	NA	-116.565	-116.565
22	3	4	13.343	24.54	0	2	46	0.159	0.157	NA	0.062	NA	-135	-18.435
23	3	5	13.561	24.54	0	2	55	0.377	0.185	NA	0.218	NA	0	135
24	3	6	13.648	24.584	0	2	37	0.474	0.235	NA	0.097	NA	26.565	26.565
25	3	7	13.43	24.497	0	2	55	0.709	0.174	NA	0.235	NA	-158.199	175.236
26	3	8	13.996	24.54	0	2	74	1.277	0.581	NA	0.568	NA	4.399	162.597
27	3	9	14.127	24.714	0	2	46	1.495	0.698	NA	0.218	NA	53.13	48.731
28	3	10	13.866	24.627	0	2	27	1.77	0.438	NA	0.276	NA	-161.565	145.305
29	3	11	14.214	24.714	0	2	121	2.13	0.785	NA	0.359	NA	14.036	175.601
30	3	12	14.258	24.714	0	2	65	2.173	0.829	NA	0.044	NA	0	-14.036
31	3	13	14.127	24.932	0	2	46	2.427	0.745	NA	0.254	NA	120.964	120.964
32	3	14	14.432	24.714	0	2	65	2.802	1.003	NA	0.375	NA	-35.538	-156.501
33	3	15	13.866	24.976	0	2	9	3.426	0.532	NA	0.624	NA	155.225	-169.237
34	3	16	13.866	24.758	0	2	55	3.644	0.444	NA	0.218	NA	-90	114.775
35	3	17	13.866	24.845	0	2	74	3.731	0.469	NA	0.087	NA	90	180
36	3	18	13.779	24.889	0	2	9	3.828	0.411	NA	0.097	NA	153.435	63.435
37	3	19	13.343	24.845	0	2	65	4.266	0.195	NA	0.438	NA	-174.289	32.276
38	3	20	13.474	24.845	0	2	37	4.397	0.18	NA	0.131	NA	0	174.289
39	3	21	13.604	24.758	0	2	37	4.554	0.195	NA	0.157	NA	-33.69	-33.69
40	3	22	13.604	24.758	0	2	9	4.554	0.195	NA	0	NA	0	33.69
41	3	23	13.779	24.627	0	2	37	4.772	0.351	NA	0.218	NA	-36.87	-36.87
42	3	24	13.604	24.584	0	2	9	4.951	0.195	NA	0.18	NA	-165.964	-129.094
43	3	25	13.604	24.584	0	2	37	4.951	0.195	NA	0	NA	0	165.964
44	3	26	13.517	24.758	0	2	46	5.146	0.123	NA	0.195	NA	116.565	116.565
45	3	27	13.43	24.627	0	2	55	5.303	0.044	NA	0.157	NA	-123.69	119.745
46	3	28	13.517	24.845	0	2	27	5.538	0.195	NA	0.235	NA	68.199	-168.111
47	3	29	13.517	24.889	0	2	83	5.582	0.235	NA	0.044	NA	90	21.801
48	3	30	13.561	24.976	0	2	18	5.679	0.332	NA	0.097	NA	63.435	-26.565
49	3	31	13.561	24.976	0	2	0	5.679	0.332	NA	0	NA	0	-63.435
50	3	32	13.648	25.237	0	2	18	5.955	0.607	NA	0.276	NA	71.565	71.565
51	3	33	13.691	25.281	0	2	46	6.016	0.664	NA	0.062	NA	45	-26.565
52	3	34	13.561	25.194	0	2	27	6.173	0.539	NA	0.157	NA	-146.31	168.69
53	3	35	13.517	25.019	0	2	37	6.353	0.359	NA	0.18	NA	-104.036	42.274
54	3	36	13.474	24.758	0	2	27	6.618	0.097	NA	0.265	NA	-99.462	4.574
55	3	37	13.43	24.976	0	2	27	6.84	0.305	NA	0.222	NA	101.31	-159.228
56	3	38	13.691	24.976	0	2	9	7.101	0.402	NA	0.261	NA	0	-101.31
57	3	39	14.127	24.976	0	2	9	7.537	0.761	NA	0.436	NA	0	0
58	3	40	14.301	24.976	0	2	46	7.711	0.923	NA	0.174	NA	0	0
59	3	41	13.953	24.802	0	2	55	8.101	0.539	NA	0.39	NA	-153.435	-153.435
60	3	42	13.996	24.845	0	2	27	8.163	0.593	NA	0.062	NA	45	-161.565
61	3	43	13.996	25.063	0	2	37	8.381	0.689	NA	0.218	NA	90	45
62	3	44	14.127	25.019	0	2	37	8.518	0.779	NA	0.138	NA	-18.435	-108.435
63	3	45	14.301	24.976	0	2	37	8.698	0.923	NA	0.18	NA	-14.036	4.399
64	4	1	17.961	24.54	0	2	93	0	0	NA	NA	NA	NA	NA
65	4	2	18.092	24.671	0	2	27	0.185	0.185	NA	0.185	NA	45	NA
66	4	3	17.961	24.671	0	2	27	0.316	0.131	NA	0.131	NA	180	135
67	4	4	17.831	24.889	0	2	46	0.57	0.372	NA	0.254	NA	120.964	-59.036
68	4	5	18.135	24.845	0	2	37	0.878	0.351	NA	0.308	NA	-8.13	-129.094
69	5	1	15.042	25.804	0	2	18	0	0	NA	NA	NA	NA	NA
70	5	2	17.308	25.455	0	2	55	2.292	2.292	NA	2.292	NA	-8.746	NA
71	5	3	17.221	25.542	0	2	55	2.415	2.194	NA	0.123	NA	135	143.746
72	5	4	17.308	25.586	0	2	37	2.513	2.276	NA	0.097	NA	26.565	-108.435
73	5	5	17.264	25.455	0	2	27	2.651	2.249	NA	0.138	NA	-108.435	-135
74	5	6	15.957	25.847	0	2	9	4.015	0.916	NA	1.365	NA	163.301	-88.264
75	6	1	13.909	16.828	0	2	18	0	0	NA	NA	NA	NA	NA
76	6	2	14.084	17.003	0	2	74	0.246	0.246	NA	0.246	NA	45	NA
77	6	3	14.214	17.133	0	2	46	0.431	0.431	NA	0.185	NA	45	0
78	6	4	14.432	17.133	0	2	18	0.649	0.605	NA	0.218	NA	0	-45
79	6	5	14.519	17.438	0	2	46	0.966	0.863	NA	0.317	NA	74.055	74.055
80	6	6	14.65	17.351	0	2	27	1.123	0.907	NA	0.157	NA	-33.69	-107.745
81	7	1	15.347	17.177	0	2	18	0	0	NA	NA	NA	NA	NA
82	7	2	15.347	17.177	0	2	46	0	0	NA	0	NA	0	NA
83	7	3	15.347	17.482	0	2	27	0.305	0.305	NA	0.305	NA	90	90
84	7	4	15.304	18.092	0	2	9	0.916	0.916	NA	0.612	NA	94.086	4.086
85	7	5	15.304	18.092	0	2	18	0.916	0.916	NA	0	NA	0	-94.086
86	7	6	15.26	18.135	0	2	9	0.978	0.962	NA	0.062	NA	135	135
87	7	7	15.26	18.135	0	2	9	0.978	0.962	NA	0	NA	0	-135
88	7	8	15.129	18.048	0	2	18	1.135	0.898	NA	0.157	NA	-146.31	-146.31
89	7	9	15.478	18.005	0	2	27	1.486	0.838	NA	0.351	NA	-7.125	139.185
90	7	10	15.478	18.048	0	2	46	1.53	0.881	NA	0.044	NA	90	97.125
91	8	1	15.565	16.523	0	2	18	0	0	NA	NA	NA	NA	NA
92	8	2	16.218	16.959	0	2	9	0.785	0.785	NA	0.785	NA	33.69	NA
93	8	3	16.48	17.003	0	2	65	1.05	1.033	NA	0.265	NA	9.462	-24.228
94	8	4	17.09	17.177	0	2	65	1.685	1.659	NA	0.634	NA	15.945	6.483
95	8	5	17.787	17.221	0	2	37	2.383	2.329	NA	0.698	NA	3.576	-12.369
96	8	6	17.7	17.264	0	2	46	2.481	2.26	NA	0.097	NA	153.435	149.859
97	8	7	16.48	17.482	0	2	55	3.72	1.325	NA	1.239	NA	169.875	16.44
98	8	8	15.478	17.046	0	2	46	4.813	0.53	NA	1.093	NA	-156.501	33.623
99	8	9	15.434	17.09	0	2	18	4.874	0.581	NA	0.062	NA	135	-68.499
100	8	10	15.304	17.133	0	2	18	5.012	0.664	NA	0.138	NA	161.565	26.565
101	9	1	16.959	18.266	0	2	37	0	0	NA	NA	NA	NA	NA
102	9	2	16.959	18.266	0	2	0	0	0	NA	0	NA	0	NA
103	9	3	16.872	18.266	0	2	27	0.087	0.087	NA	0.087	NA	180	180
104	9	4	16.872	18.266	0	2	9	0.087	0.087	NA	0	NA	0	-180
105	9	5	17.046	18.135	0	2	37	0.305	0.157	NA	0.218	NA	-36.87	-36.87
106	9	6	17.09	18.135	0	2	37	0.349	0.185	NA	0.044	NA	0	36.87
107	9	7	17.09	18.135	0	2	27	0.349	0.185	NA	0	NA	0	0
108	9	8	17.09	18.135	0	2	74	0.349	0.185	NA	0	NA	0	0
109	9	9	17.046	18.266	0	2	27	0.486	0.087	NA	0.138	NA	108.435	108.435
110	9	10	17.003	18.048	0	2	37	0.708	0.222	NA	0.222	NA	-101.31	150.255
111	9	11	17.351	18.223	0	2	9	1.098	0.395	NA	0.39	NA	26.565	127.875
112	9	12	17.308	18.223	0	2	9	1.142	0.351	NA	0.044	NA	180	153.435
113	9	13	17.308	18.223	0	2	27	1.142	0.351	NA	0	NA	0	-180
114	9	14	17.308	18.223	0	2	74	1.142	0.351	NA	0	NA	0	0
115	9	15	17.308	18.223	0	2	65	1.142	0.351	NA	0	NA	0	0
116	9	16	17.308	18.223	0	2	27	1.142	0.351	NA	0	NA	0	0
117	9	17	17.395	18.135	0	2	9	1.265	0.455	NA	0.123	NA	-45	-45
118	9	18	17.482	18.31	0	2	65	1.46	0.525	NA	0.195	NA	63.435	108.435
119	9	19	17.569	18.353	0	2	55	1.557	0.616	NA	0.097	NA	26.565	-36.87
120	9	20	17.569	18.353	0	2	9	1.557	0.616	NA	0	NA	0	-26.565
121	10	1	17.918	13.43	0	2	9	0	0	NA	NA	NA	NA	NA
122	10	2	17.918	13.43	0	2	18	0	0	NA	0	NA	0	NA
123	10	3	18.048	13.386	0	2	0	0.138	0.138	NA	0.138	NA	-18.435	-18.435
124	10	4	18.789	12.951	0	2	27	0.997	0.994	NA	0.859	NA	-30.466	-12.031
125	10	5	18.702	12.907	0	2	18	1.095	0.943	NA	0.097	NA	-153.435	-122.969
126	10	6	18.92	12.907	0	2	9	1.312	1.13	NA	0.218	NA	0	153.435
127	10	7	18.833	12.951	0	2	0	1.41	1.033	NA	0.097	NA	153.435	153.435
128	10	8	19.138	13.256	0	2	9	1.841	1.232	NA	0.431	NA	45	-108.435
129	10	9	19.573	13.561	0	2	9	2.373	1.661	NA	0.532	NA	34.992	-10.008
130	11	1	15.26	16.916	0	2	37	0	0	NA	NA	NA	NA	NA
131	11	2	15.26	16.916	0	2	0	0	0	NA	0	NA	0	NA
132	11	3	16.872	17.656	0	2	0	1.774	1.774	NA	1.774	NA	24.677	24.677
133	11	4	16.872	17.656	0	2	37	1.774	1.774	NA	0	NA	0	-24.677
134	11	5	16.567	17.743	0	2	27	2.091	1.547	NA	0.317	NA	164.055	164.055
135	11	6	15.783	17.526	0	2	18	2.905	0.803	NA	0.814	NA	-164.476	31.47
136	11	7	15.347	17.133	0	2	18	3.491	0.235	NA	0.586	NA	-138.013	26.463
