Nr	TID	PID	x [micron]	y [micron]	t [sec]	c [idx]	I [val]	Len [micron]	D2S [micron]	D2R [micron]	D2P [micron]	v [micron/sec]	? [deg]	?? [deg]
1	1	1	22.919	14.825	0	2	37	0	0	NA	NA	NA	NA	NA
2	1	2	22.868	14.52	0	2	74	0.31	0.31	NA	0.31	NA	-99.462	NA
3	1	3	23.275	14.825	0	2	18	0.819	0.356	NA	0.509	NA	36.87	136.332
4	1	4	23.224	14.469	0	2	27	1.179	0.469	NA	0.36	NA	-98.13	-135
5	1	5	23.072	14.316	0	2	27	1.395	0.531	NA	0.216	NA	-135	-36.87
6	1	6	23.072	14.316	0	2	0	1.395	0.531	NA	0	NA	0	135
7	1	7	23.53	14.215	0	2	9	1.864	0.864	NA	0.469	NA	-12.529	-12.529
8	1	8	23.53	14.418	0	2	9	2.067	0.734	NA	0.204	NA	90	102.529
9	1	9	23.173	14.367	0	2	46	2.427	0.524	NA	0.36	NA	-171.87	98.13
10	1	10	23.173	14.062	0	2	18	2.733	0.805	NA	0.305	NA	-90	81.87
11	2	1	23.784	14.622	0	2	0	0	0	NA	NA	NA	NA	NA
12	2	2	23.224	15.436	0	2	9	0.988	0.988	NA	0.988	NA	124.509	NA
13	2	3	23.377	16.2	0	2	9	1.767	1.63	NA	0.779	NA	78.69	-45.818
14	2	4	23.784	16.098	0	2	18	2.187	1.476	NA	0.42	NA	-14.036	-92.726
15	2	5	23.835	16.098	0	2	0	2.238	1.477	NA	0.051	NA	0	14.036
16	2	6	23.326	16.505	0	2	18	2.89	1.938	NA	0.652	NA	141.34	141.34
17	2	7	23.275	16.658	0	2	0	3.05	2.099	NA	0.161	NA	108.435	-32.905
18	2	8	22.41	17.421	0	2	0	4.205	3.119	NA	1.154	NA	138.576	30.141
19	2	9	22.003	17.981	0	2	37	4.897	3.803	NA	0.692	NA	126.027	-12.549
20	2	10	21.799	18.338	0	2	46	5.307	4.213	NA	0.41	NA	119.745	-6.282
21	2	11	21.799	18.389	0	2	37	5.358	4.258	NA	0.051	NA	90	-29.745
22	2	12	22.104	18.083	0	2	46	5.79	3.847	NA	0.432	NA	-45	-135
23	2	13	21.646	18.236	0	2	37	6.273	4.199	NA	0.483	NA	161.565	-153.435
24	2	14	21.544	18.287	0	2	18	6.387	4.295	NA	0.114	NA	153.435	-8.13
25	2	15	21.29	18.287	0	2	18	6.641	4.433	NA	0.255	NA	180	26.565
26	2	16	21.341	18.49	0	2	0	6.851	4.576	NA	0.21	NA	75.964	-104.036
27	2	17	21.799	18.49	0	2	9	7.309	4.348	NA	0.458	NA	0	-75.964
28	2	18	22.104	18.439	0	2	0	7.619	4.171	NA	0.31	NA	-9.462	-9.462
29	2	19	21.901	18.847	0	2	27	8.074	4.626	NA	0.455	NA	116.565	126.027
30	2	20	22.003	18.745	0	2	74	8.218	4.492	NA	0.144	NA	-45	-161.565
31	2	21	21.952	19.05	0	2	9	8.528	4.793	NA	0.31	NA	99.462	144.462
32	2	22	22.003	18.847	0	2	0	8.738	4.585	NA	0.21	NA	-75.964	-175.426
33	2	23	21.646	18.643	0	2	0	9.148	4.554	NA	0.41	NA	-150.255	-74.291
34	2	24	21.799	18.592	0	2	9	9.309	4.439	NA	0.161	NA	-18.435	131.82
35	3	1	14.367	23.937	0	2	18	0	0	NA	NA	NA	NA	NA
36	3	2	14.825	23.835	0	2	37	0.469	0.469	NA	0.469	NA	-12.529	NA
37	3	3	14.673	23.733	0	2	37	0.653	0.367	NA	0.184	NA	-146.31	-133.781
38	3	4	14.724	23.886	0	2	27	0.814	0.36	NA	0.161	NA	71.565	-142.125
39	3	5	14.724	23.682	0	2	37	1.017	0.438	NA	0.204	NA	-90	-161.565
40	3	6	14.724	23.733	0	2	18	1.068	0.41	NA	0.051	NA	90	180
41	3	7	16.251	22.41	0	2	9	3.089	2.425	NA	2.021	NA	-40.914	-130.914
42	3	8	17.778	21.035	0	2	83	5.144	4.478	NA	2.054	NA	-41.987	-1.073
43	3	9	18.541	20.526	0	2	102	6.061	5.39	NA	0.918	NA	-33.69	8.297
44	3	10	19.05	19.916	0	2	55	6.856	6.173	NA	0.795	NA	-50.194	-16.504
45	3	11	18.796	20.323	0	2	102	7.337	5.716	NA	0.48	NA	122.005	172.2
46	3	12	17.269	21.086	0	2	83	9.044	4.067	NA	1.707	NA	153.435	31.43
47	3	13	17.37	21.035	0	2	37	9.158	4.176	NA	0.114	NA	-26.565	180
48	3	14	17.727	20.883	0	2	27	9.545	4.54	NA	0.388	NA	-23.199	3.366
49	3	15	17.829	20.679	0	2	65	9.773	4.753	NA	0.228	NA	-63.435	-40.236
50	3	16	18.592	20.323	0	2	37	10.616	5.56	NA	0.843	NA	-25.017	38.418
51	3	17	18.439	20.425	0	2	27	10.799	5.378	NA	0.184	NA	146.31	171.327
52	3	18	18.389	20.425	0	2	0	10.85	5.339	NA	0.051	NA	180	33.69
53	3	19	18.694	20.272	0	2	9	11.191	5.67	NA	0.341	NA	-26.565	153.435
54	3	20	19.152	19.712	0	2	9	11.915	6.383	NA	0.723	NA	-50.711	-24.146
55	3	21	19.05	19.559	0	2	46	12.098	6.41	NA	0.184	NA	-123.69	-72.979
56	3	22	18.898	19.763	0	2	0	12.353	6.16	NA	0.255	NA	126.87	-109.44
57	3	23	18.796	19.814	0	2	9	12.467	6.051	NA	0.114	NA	153.435	26.565
58	3	24	18.032	20.119	0	2	55	13.289	5.292	NA	0.822	NA	158.199	4.764
59	3	25	17.829	20.272	0	2	9	13.544	5.041	NA	0.255	NA	143.13	-15.068
60	3	26	17.829	20.323	0	2	46	13.595	5.004	NA	0.051	NA	90	-53.13
61	3	27	17.676	20.272	0	2	9	13.756	4.938	NA	0.161	NA	-161.565	108.435
62	3	28	17.981	20.272	0	2	18	14.061	5.147	NA	0.305	NA	0	161.565
63	3	29	17.727	20.425	0	2	93	14.358	4.86	NA	0.297	NA	149.036	149.036
64	3	30	17.727	20.476	0	2	37	14.409	4.824	NA	0.051	NA	90	-59.036
65	3	31	18.083	20.119	0	2	27	14.913	5.328	NA	0.504	NA	-45	-135
66	3	32	19.356	19.814	0	2	9	16.221	6.472	NA	1.309	NA	-13.496	31.504
67	3	33	19.763	19.508	0	2	0	16.73	6.98	NA	0.509	NA	-36.87	-23.374
68	4	1	21.035	18.083	0	2	9	0	0	NA	NA	NA	NA	NA
69	4	2	21.544	17.625	0	2	65	0.685	0.685	NA	0.685	NA	-41.987	NA
70	4	3	21.697	17.625	0	2	18	0.838	0.805	NA	0.153	NA	0	41.987
71	5	1	25.108	17.167	0	2	27	0	0	NA	NA	NA	NA	NA
72	5	2	25.108	15.742	0	2	37	1.425	1.425	NA	1.425	NA	-90	NA
73	5	3	25.311	16.251	0	2	46	1.974	0.939	NA	0.548	NA	68.199	158.199
74	5	4	26.177	15.843	0	2	0	2.93	1.701	NA	0.956	NA	-25.201	-93.4
75	5	5	26.075	14.825	0	2	0	3.953	2.533	NA	1.023	NA	-95.711	-70.509
76	5	6	26.38	14.113	0	2	9	4.728	3.309	NA	0.775	NA	-66.801	28.909
77	6	1	27.755	12.993	0	2	46	0	0	NA	NA	NA	NA	NA
78	6	2	28.416	12.178	0	2	27	1.049	1.049	NA	1.049	NA	-50.906	NA
79	6	3	28.264	12.942	0	2	46	1.828	0.512	NA	0.779	NA	101.31	152.216
80	6	4	28.62	11.822	0	2	9	3.003	1.456	NA	1.175	NA	-72.35	-173.66
81	6	5	28.671	11.873	0	2	9	3.075	1.447	NA	0.072	NA	45	117.35
82	6	6	28.722	11.669	0	2	18	3.285	1.639	NA	0.21	NA	-75.964	-120.964
83	6	7	28.824	11.72	0	2	9	3.399	1.662	NA	0.114	NA	26.565	102.529
84	7	1	25.973	15.792	0	2	46	0	0	NA	NA	NA	NA	NA
85	7	2	26.075	14.978	0	2	74	0.821	0.821	NA	0.821	NA	-82.875	NA
86	7	3	25.718	14.52	0	2	55	1.401	1.298	NA	0.58	NA	-127.875	-45
87	7	4	25.871	14.673	0	2	18	1.617	1.124	NA	0.216	NA	45	172.875
88	8	1	21.035	18.592	0	2	27	0	0	NA	NA	NA	NA	NA
89	8	2	20.934	18.592	0	2	9	0.102	0.102	NA	0.102	NA	180	NA
90	8	3	20.221	18.796	0	2	27	0.843	0.84	NA	0.741	NA	164.055	-15.945
91	8	4	20.17	18.898	0	2	0	0.957	0.918	NA	0.114	NA	116.565	-47.49
92	8	5	20.221	18.796	0	2	18	1.071	0.84	NA	0.114	NA	-63.435	-180
93	8	6	20.323	18.796	0	2	9	1.172	0.741	NA	0.102	NA	0	63.435
94	8	7	20.476	18.439	0	2	9	1.56	0.58	NA	0.388	NA	-66.801	-66.801
95	8	8	20.374	18.541	0	2	18	1.704	0.664	NA	0.144	NA	135	-158.199
96	8	9	20.476	18.541	0	2	9	1.806	0.562	NA	0.102	NA	0	-135
97	8	10	20.832	18.592	0	2	9	2.166	0.204	NA	0.36	NA	8.13	8.13
98	8	11	20.781	18.592	0	2	0	2.217	0.255	NA	0.051	NA	180	171.87
99	9	1	23.479	18.541	0	2	27	0	0	NA	NA	NA	NA	NA
100	9	2	23.581	18.49	0	2	9	0.114	0.114	NA	0.114	NA	-26.565	NA
101	9	3	23.428	18.389	0	2	27	0.297	0.161	NA	0.184	NA	-146.31	-119.745
102	9	4	23.326	18.541	0	2	9	0.481	0.153	NA	0.184	NA	123.69	-90
103	9	5	23.428	18.796	0	2	37	0.755	0.26	NA	0.274	NA	68.199	-55.491
104	9	6	23.377	18.592	0	2	46	0.965	0.114	NA	0.21	NA	-104.036	-172.235
105	10	1	27.144	13.807	0	2	0	0	0	NA	NA	NA	NA	NA
106	10	2	27.246	13.655	0	2	18	0.184	0.184	NA	0.184	NA	-56.31	NA
107	10	3	27.449	13.502	0	2	18	0.438	0.432	NA	0.255	NA	-36.87	19.44
108	10	4	26.991	13.858	0	2	37	1.018	0.161	NA	0.58	NA	142.125	178.995
109	10	5	27.296	13.909	0	2	37	1.328	0.184	NA	0.31	NA	9.462	-132.663
110	10	6	27.093	13.909	0	2	9	1.532	0.114	NA	0.204	NA	180	170.538
111	10	7	27.042	13.553	0	2	55	1.892	0.274	NA	0.36	NA	-98.13	81.87
112	10	8	26.227	14.52	0	2	65	3.156	1.161	NA	1.264	NA	130.101	-131.769
113	10	9	26.737	14.316	0	2	9	3.704	0.652	NA	0.548	NA	-21.801	-151.902
114	10	10	26.533	14.011	0	2	37	4.071	0.644	NA	0.367	NA	-123.69	-101.889
115	10	11	26.686	14.011	0	2	46	4.224	0.501	NA	0.153	NA	0	123.69
116	10	12	26.635	13.807	0	2	9	4.434	0.509	NA	0.21	NA	-104.036	-104.036
117	10	13	26.533	13.756	0	2	18	4.548	0.613	NA	0.114	NA	-153.435	-49.399
118	11	1	27.246	12.026	0	2	27	0	0	NA	NA	NA	NA	NA
119	11	2	25.973	12.891	0	2	9	1.539	1.539	NA	1.539	NA	145.784	NA
120	11	3	26.024	12.993	0	2	74	1.653	1.558	NA	0.114	NA	63.435	-82.349
121	11	4	24.7	13.451	0	2	46	3.053	2.917	NA	1.401	NA	160.907	97.472
122	11	5	24.955	13.655	0	2	18	3.379	2.811	NA	0.326	NA	38.66	-122.247
123	11	6	24.751	13.96	0	2	55	3.746	3.156	NA	0.367	NA	123.69	85.03
124	12	1	23.835	13.4	0	2	18	0	0	NA	NA	NA	NA	NA
125	12	2	23.835	13.4	0	2	27	0	0	NA	0	NA	0	NA
126	12	3	23.835	13.4	0	2	18	0	0	NA	0	NA	0	0
127	12	4	23.784	13.451	0	2	0	0.072	0.072	NA	0.072	NA	135	135
128	12	5	23.682	13.553	0	2	18	0.216	0.216	NA	0.144	NA	135	0
129	12	6	23.733	13.451	0	2	27	0.33	0.114	NA	0.114	NA	-63.435	161.565
130	12	7	23.835	13.247	0	2	18	0.557	0.153	NA	0.228	NA	-63.435	0
131	12	8	23.631	13.655	0	2	18	1.013	0.326	NA	0.455	NA	116.565	180
132	12	9	23.479	13.4	0	2	18	1.31	0.356	NA	0.297	NA	-120.964	122.471
133	12	10	23.988	13.196	0	2	9	1.858	0.255	NA	0.548	NA	-21.801	99.162
134	13	1	21.697	16.251	0	2	18	0	0	NA	NA	NA	NA	NA
135	13	2	22.053	16.454	0	2	18	0.41	0.41	NA	0.41	NA	29.745	NA
136	13	3	22.104	16.352	0	2	18	0.524	0.42	NA	0.114	NA	-63.435	-93.18
137	13	4	22.461	15.894	0	2	18	1.105	0.843	NA	0.58	NA	-52.125	11.31
138	13	5	22.512	15.538	0	2	18	1.465	1.082	NA	0.36	NA	-81.87	-29.745
139	13	6	22.461	15.996	0	2	93	1.925	0.805	NA	0.461	NA	96.34	178.21
140	13	7	22.308	16.251	0	2	37	2.222	0.611	NA	0.297	NA	120.964	24.624
141	13	8	22.155	16.454	0	2	74	2.477	0.501	NA	0.255	NA	126.87	5.906
142	13	9	22.155	16.607	0	2	9	2.629	0.58	NA	0.153	NA	90	-36.87
143	13	10	22.003	16.76	0	2	27	2.845	0.594	NA	0.216	NA	135	45
144	13	11	22.003	16.811	0	2	9	2.896	0.638	NA	0.051	NA	90	-45
145	13	12	21.952	16.811	0	2	18	2.947	0.615	NA	0.051	NA	180	90
146	13	13	21.901	16.709	0	2	27	3.061	0.501	NA	0.114	NA	-116.565	63.435
147	13	14	21.697	16.76	0	2	9	3.271	0.509	NA	0.21	NA	165.964	-77.471
148	14	1	26.482	14.316	0	2	55	0	0	NA	NA	NA	NA	NA
149	14	2	26.482	14.215	0	2	0	0.102	0.102	NA	0.102	NA	-90	NA
150	14	3	26.177	14.215	0	2	55	0.407	0.322	NA	0.305	NA	180	-90
151	14	4	26.431	13.858	0	2	74	0.845	0.461	NA	0.438	NA	-54.462	125.538
152	14	5	26.787	13.756	0	2	46	1.216	0.638	NA	0.371	NA	-15.945	38.517
153	14	6	26.787	14.215	0	2	83	1.674	0.322	NA	0.458	NA	90	105.945
154	14	7	26.991	14.062	0	2	65	1.928	0.569	NA	0.255	NA	-36.87	-126.87
155	14	8	27.042	14.265	0	2	37	2.138	0.562	NA	0.21	NA	75.964	112.834
156	14	9	27.144	14.062	0	2	46	2.366	0.709	NA	0.228	NA	-63.435	-139.399
157	14	10	27.042	13.502	0	2	27	2.935	0.988	NA	0.569	NA	-100.305	-36.87
158	14	11	27.195	13.349	0	2	74	3.151	1.201	NA	0.216	NA	-45	55.305
159	14	12	27.195	13.502	0	2	9	3.304	1.082	NA	0.153	NA	90	135
160	14	13	27.144	13.4	0	2	37	3.417	1.13	NA	0.114	NA	-116.565	153.435
161	14	14	26.838	13.655	0	2	18	3.815	0.752	NA	0.398	NA	140.194	-103.241
162	14	15	26.787	13.553	0	2	18	3.929	0.822	NA	0.114	NA	-116.565	103.241
163	14	16	26.94	13.502	0	2	0	4.09	0.934	NA	0.161	NA	-18.435	98.13
164	14	17	26.329	13.349	0	2	27	4.719	0.979	NA	0.63	NA	-165.964	-147.529
165	14	18	26.38	13.502	0	2	0	4.88	0.821	NA	0.161	NA	71.565	-122.471
166	14	19	25.922	13.655	0	2	9	5.363	0.867	NA	0.483	NA	161.565	90
167	15	1	18.49	13.705	0	2	102	0	0	NA	NA	NA	NA	NA
168	15	2	18.541	13.604	0	2	102	0.114	0.114	NA	0.114	NA	-63.435	NA
169	15	3	18.541	13.604	0	2	55	0.114	0.114	NA	0	NA	0	63.435
170	15	4	18.694	13.298	0	2	74	0.455	0.455	NA	0.341	NA	-63.435	-63.435
171	15	5	18.999	12.84	0	2	37	1.006	1.004	NA	0.551	NA	-56.31	7.125
172	15	6	19.101	12.84	0	2	65	1.108	1.059	NA	0.102	NA	0	56.31
173	15	7	19.101	12.738	0	2	74	1.209	1.144	NA	0.102	NA	-90	-90
174	15	8	19.101	12.687	0	2	83	1.26	1.187	NA	0.051	NA	-90	0
175	15	9	19.05	12.535	0	2	55	1.421	1.298	NA	0.161	NA	-108.435	-18.435
176	15	10	19.05	12.535	0	2	74	1.421	1.298	NA	0	NA	0	108.435
177	15	11	19.05	12.535	0	2	46	1.421	1.298	NA	0	NA	0	0
178	15	12	19.05	12.586	0	2	74	1.472	1.252	NA	0.051	NA	90	90
179	15	13	19.05	12.586	0	2	65	1.472	1.252	NA	0	NA	0	-90
180	15	14	19.05	12.586	0	2	83	1.472	1.252	NA	0	NA	0	0
181	15	15	18.948	12.586	0	2	18	1.574	1.21	NA	0.102	NA	180	180
182	15	16	18.948	12.586	0	2	65	1.574	1.21	NA	0	NA	0	-180
183	15	17	19.101	12.382	0	2	55	1.829	1.458	NA	0.255	NA	-53.13	-53.13
184	15	18	19.101	12.229	0	2	18	1.981	1.598	NA	0.153	NA	-90	-36.87
185	15	19	19.203	12.178	0	2	65	2.095	1.685	NA	0.114	NA	-26.565	63.435
186	15	20	19.203	12.128	0	2	46	2.146	1.731	NA	0.051	NA	-90	-63.435
187	15	21	19.152	12.128	0	2	9	2.197	1.711	NA	0.051	NA	180	-90
188	15	22	19.152	12.128	0	2	27	2.197	1.711	NA	0	NA	0	-180
189	15	23	19.152	12.026	0	2	46	2.299	1.805	NA	0.102	NA	-90	-90
190	15	24	19.203	12.026	0	2	27	2.35	1.825	NA	0.051	NA	0	90
191	15	25	19.508	11.975	0	2	9	2.659	2.008	NA	0.31	NA	-9.462	-9.462
192	15	26	19.305	11.924	0	2	18	2.869	1.959	NA	0.21	NA	-165.964	-156.501
193	15	27	19.661	11.822	0	2	9	3.24	2.218	NA	0.371	NA	-15.945	150.018
194	15	28	19.559	11.72	0	2	27	3.384	2.255	NA	0.144	NA	-135	-119.055
195	15	29	19.661	11.771	0	2	0	3.497	2.261	NA	0.114	NA	26.565	161.565
196	15	30	19.559	11.924	0	2	9	3.681	2.078	NA	0.184	NA	123.69	97.125
197	15	31	19.356	11.924	0	2	55	3.885	1.981	NA	0.204	NA	180	56.31
198	15	32	19.203	12.178	0	2	65	4.181	1.685	NA	0.297	NA	120.964	-59.036
199	15	33	19.152	12.178	0	2	46	4.232	1.664	NA	0.051	NA	180	59.036
200	15	34	19.152	12.178	0	2	55	4.232	1.664	NA	0	NA	0	-180
201	15	35	19.305	12.28	0	2	0	4.416	1.642	NA	0.184	NA	33.69	33.69
202	15	36	19.305	12.28	0	2	18	4.416	1.642	NA	0	NA	0	-33.69
203	15	37	19.305	12.28	0	2	46	4.416	1.642	NA	0	NA	0	0
204	15	38	19.305	12.28	0	2	18	4.416	1.642	NA	0	NA	0	0
205	15	39	19.457	12.229	0	2	27	4.577	1.765	NA	0.161	NA	-18.435	-18.435
206	15	40	19.457	12.178	0	2	55	4.628	1.808	NA	0.051	NA	-90	-71.565
207	15	41	19.457	12.178	0	2	55	4.628	1.808	NA	0	NA	0	90
208	15	42	19.254	12.229	0	2	46	4.838	1.662	NA	0.21	NA	165.964	165.964
209	15	43	19.356	12.28	0	2	18	4.951	1.667	NA	0.114	NA	26.565	-139.399
210	15	44	19.407	12.331	0	2	46	5.023	1.652	NA	0.072	NA	45	18.435
211	15	45	19.407	12.331	0	2	46	5.023	1.652	NA	0	NA	0	-45
212	15	46	19.305	12.229	0	2	9	5.167	1.686	NA	0.144	NA	-135	-135
213	15	47	19.305	12.229	0	2	27	5.167	1.686	NA	0	NA	0	135
214	15	48	19.457	12.229	0	2	65	5.32	1.765	NA	0.153	NA	0	0
215	15	49	19.457	12.229	0	2	37	5.32	1.765	NA	0	NA	0	0
216	15	50	19.508	12.178	0	2	0	5.392	1.835	NA	0.072	NA	-45	-45
217	16	1	17.32	14.927	0	2	93	0	0	NA	NA	NA	NA	NA
218	16	2	17.37	14.927	0	2	102	0.051	0.051	NA	0.051	NA	0	NA
219	16	3	17.37	14.673	0	2	46	0.305	0.26	NA	0.255	NA	-90	-90
220	16	4	17.421	14.724	0	2	74	0.377	0.228	NA	0.072	NA	45	135
221	16	5	17.472	14.571	0	2	18	0.538	0.388	NA	0.161	NA	-71.565	-116.565
222	16	6	17.574	14.52	0	2	27	0.652	0.48	NA	0.114	NA	-26.565	45
223	16	7	17.829	14.367	0	2	27	0.949	0.757	NA	0.297	NA	-30.964	-4.399
224	16	8	18.083	14.062	0	2	37	1.347	1.154	NA	0.398	NA	-50.194	-19.231
225	16	9	18.083	14.011	0	2	46	1.397	1.193	NA	0.051	NA	-90	-39.806
226	16	10	18.083	14.011	0	2	37	1.397	1.193	NA	0	NA	0	90
227	16	11	17.879	13.909	0	2	9	1.625	1.162	NA	0.228	NA	-153.435	-153.435
228	16	12	18.083	13.96	0	2	18	1.835	1.232	NA	0.21	NA	14.036	167.471
229	16	13	18.083	13.96	0	2	27	1.835	1.232	NA	0	NA	0	-14.036
230	16	14	18.083	13.96	0	2	18	1.835	1.232	NA	0	NA	0	0
231	16	15	17.93	13.96	0	2	18	1.988	1.144	NA	0.153	NA	180	180
232	16	16	18.134	13.96	0	2	37	2.191	1.264	NA	0.204	NA	0	-180
233	16	17	18.134	13.655	0	2	18	2.497	1.511	NA	0.305	NA	-90	-90
234	16	18	18.287	13.553	0	2	27	2.68	1.681	NA	0.184	NA	-33.69	56.31
235	16	19	18.338	13.451	0	2	46	2.794	1.793	NA	0.114	NA	-63.435	-29.745
236	16	20	18.49	13.451	0	2	9	2.947	1.884	NA	0.153	NA	0	63.435
237	17	1	10.804	14.673	0	2	27	0	0	NA	NA	NA	NA	NA
238	17	2	10.55	14.113	0	2	9	0.615	0.615	NA	0.615	NA	-114.444	NA
239	17	3	10.906	14.316	0	2	9	1.025	0.371	NA	0.41	NA	29.745	144.189
240	17	4	10.906	14.164	0	2	18	1.178	0.519	NA	0.153	NA	-90	-119.745
241	17	5	11.008	14.215	0	2	9	1.292	0.501	NA	0.114	NA	26.565	116.565
242	17	6	11.059	14.622	0	2	18	1.702	0.26	NA	0.41	NA	82.875	56.31
243	17	7	10.804	14.265	0	2	27	2.14	0.407	NA	0.438	NA	-125.538	151.587
244	17	8	11.109	14.316	0	2	9	2.45	0.469	NA	0.31	NA	9.462	135
245	17	9	11.059	14.316	0	2	9	2.501	0.438	NA	0.051	NA	180	170.538
246	17	10	11.059	14.316	0	2	18	2.501	0.438	NA	0	NA	0	-180
247	17	11	11.059	14.316	0	2	9	2.501	0.438	NA	0	NA	0	0
248	17	12	11.008	14.316	0	2	9	2.552	0.41	NA	0.051	NA	180	180
249	17	13	11.313	14.418	0	2	0	2.874	0.569	NA	0.322	NA	18.435	-161.565
250	17	14	11.008	14.316	0	2	0	3.196	0.41	NA	0.322	NA	-161.565	-180
251	17	15	11.008	14.316	0	2	18	3.196	0.41	NA	0	NA	0	161.565
252	17	16	10.957	14.418	0	2	0	3.309	0.297	NA	0.114	NA	116.565	116.565
253	17	17	10.906	14.418	0	2	0	3.36	0.274	NA	0.051	NA	180	63.435
254	17	18	11.109	14.316	0	2	9	3.588	0.469	NA	0.228	NA	-26.565	153.435
255	17	19	10.957	14.265	0	2	9	3.749	0.435	NA	0.161	NA	-161.565	-135
256	17	20	11.211	14.367	0	2	0	4.023	0.509	NA	0.274	NA	21.801	-176.634
257	17	21	11.059	13.909	0	2	9	4.506	0.805	NA	0.483	NA	-108.435	-130.236
258	17	22	10.957	14.265	0	2	18	4.876	0.435	NA	0.371	NA	105.945	-145.62
259	17	23	10.957	14.265	0	2	18	4.876	0.435	NA	0	NA	0	-105.945
260	17	24	11.16	14.265	0	2	27	5.08	0.541	NA	0.204	NA	0	0
261	17	25	11.16	14.265	0	2	18	5.08	0.541	NA	0	NA	0	0
262	17	26	11.313	14.673	0	2	9	5.515	0.509	NA	0.435	NA	69.444	69.444
263	17	27	11.008	14.825	0	2	9	5.856	0.255	NA	0.341	NA	153.435	83.991
264	17	28	11.059	14.825	0	2	27	5.907	0.297	NA	0.051	NA	0	-153.435
265	17	29	11.262	14.367	0	2	0	6.409	0.551	NA	0.501	NA	-66.038	-66.038
266	17	30	11.109	14.215	0	2	0	6.625	0.551	NA	0.216	NA	-135	-68.962
267	17	31	11.16	14.265	0	2	9	6.697	0.541	NA	0.072	NA	45	-180
268	17	32	11.16	14.265	0	2	18	6.697	0.541	NA	0	NA	0	-45
269	17	33	11.008	14.215	0	2	0	6.858	0.501	NA	0.161	NA	-161.565	-161.565
270	17	34	11.008	14.215	0	2	9	6.858	0.501	NA	0	NA	0	161.565
271	17	35	11.008	14.215	0	2	0	6.858	0.501	NA	0	NA	0	0
272	17	36	11.873	14.215	0	2	9	7.723	1.163	NA	0.865	NA	0	0
273	17	37	11.669	14.215	0	2	0	7.927	0.979	NA	0.204	NA	180	180
274	17	38	11.059	14.011	0	2	18	8.57	0.709	NA	0.644	NA	-161.565	18.435
275	17	39	11.517	14.062	0	2	0	9.031	0.939	NA	0.461	NA	6.34	167.905
276	17	40	11.364	14.571	0	2	18	9.563	0.569	NA	0.531	NA	106.699	100.359
277	17	41	11.211	14.469	0	2	18	9.746	0.455	NA	0.184	NA	-146.31	106.991
278	17	42	11.211	14.469	0	2	46	9.746	0.455	NA	0	NA	0	146.31
279	17	43	11.669	14.622	0	2	9	10.229	0.867	NA	0.483	NA	18.435	18.435
280	17	44	11.517	14.52	0	2	9	10.413	0.729	NA	0.184	NA	-146.31	-164.745
281	17	45	11.517	14.469	0	2	9	10.464	0.741	NA	0.051	NA	-90	56.31
282	17	46	11.669	14.164	0	2	0	10.805	1.004	NA	0.341	NA	-63.435	26.565
283	17	47	11.669	14.113	0	2	0	10.856	1.031	NA	0.051	NA	-90	-26.565
284	17	48	11.669	14.113	0	2	27	10.856	1.031	NA	0	NA	0	90
285	17	49	11.517	13.909	0	2	0	11.111	1.044	NA	0.255	NA	-126.87	-126.87
286	17	50	11.466	13.756	0	2	27	11.272	1.13	NA	0.161	NA	-108.435	18.435
287	18	1	26.838	12.789	0	2	18	0	0	NA	NA	NA	NA	NA
288	18	2	27.602	11.72	0	2	9	1.314	1.314	NA	1.314	NA	-54.462	NA
289	18	3	27.958	11.211	0	2	37	1.935	1.935	NA	0.621	NA	-55.008	-0.546
290	18	4	28.009	10.957	0	2	9	2.195	2.175	NA	0.26	NA	-78.69	-23.682
291	19	1	22.919	7.546	0	2	18	0	0	NA	NA	NA	NA	NA
292	19	2	23.072	7.292	0	2	37	0.297	0.297	NA	0.297	NA	-59.036	NA
293	19	3	23.377	7.444	0	2	55	0.638	0.469	NA	0.341	NA	26.565	85.601
294	19	4	23.377	7.444	0	2	37	0.638	0.469	NA	0	NA	0	-26.565
295	19	5	23.479	7.343	0	2	55	0.782	0.596	NA	0.144	NA	-45	-45
296	19	6	23.479	7.343	0	2	27	0.782	0.596	NA	0	NA	0	45
297	19	7	23.835	7.241	0	2	18	1.153	0.966	NA	0.371	NA	-15.945	-15.945
298	19	8	23.784	7.037	0	2	18	1.363	1.004	NA	0.21	NA	-104.036	-88.091
299	19	9	23.784	7.037	0	2	37	1.363	1.004	NA	0	NA	0	104.036
300	19	10	23.784	7.292	0	2	18	1.617	0.902	NA	0.255	NA	90	90
301	19	11	23.581	7.444	0	2	9	1.872	0.67	NA	0.255	NA	143.13	53.13
302	19	12	23.53	7.444	0	2	37	1.923	0.619	NA	0.051	NA	180	36.87
303	19	13	23.682	7.394	0	2	18	2.084	0.779	NA	0.161	NA	-18.435	161.565
304	19	14	23.886	7.343	0	2	9	2.293	0.988	NA	0.21	NA	-14.036	4.399
305	19	15	23.733	7.292	0	2	18	2.454	0.853	NA	0.161	NA	-161.565	-147.529
306	19	16	23.631	7.546	0	2	0	2.729	0.713	NA	0.274	NA	111.801	-86.634
307	19	17	23.784	7.546	0	2	18	2.881	0.865	NA	0.153	NA	0	-111.801
308	19	18	23.886	7.444	0	2	9	3.025	0.972	NA	0.144	NA	-45	-45
309	19	19	23.886	7.444	0	2	9	3.025	0.972	NA	0	NA	0	45
310	19	20	23.937	7.699	0	2	18	3.285	1.029	NA	0.26	NA	78.69	78.69
311	19	21	23.988	7.699	0	2	18	3.336	1.08	NA	0.051	NA	0	-78.69
312	19	22	24.191	7.801	0	2	9	3.563	1.298	NA	0.228	NA	26.565	26.565
313	19	23	23.937	7.292	0	2	37	4.132	1.049	NA	0.569	NA	-116.565	-143.13
