Nr	TID	PID	x [micron]	y [micron]	t [sec]	c [idx]	I [val]	Len [micron]	D2S [micron]	D2R [micron]	D2P [micron]	v [micron/sec]	? [deg]	?? [deg]
1	1	1	24.928	52.796	0	2	81	0	0	NA	NA	NA	NA	NA
2	1	2	24.998	52.726	0	2	93	0.099	0.099	NA	0.099	NA	-45	NA
3	1	3	24.928	52.656	0	2	46	0.198	0.14	NA	0.099	NA	-135	-90
4	1	4	24.928	52.656	0	2	69	0.198	0.14	NA	0	NA	0	135
5	1	5	25.138	52.796	0	2	34	0.451	0.21	NA	0.252	NA	33.69	33.69
6	1	6	25.068	52.866	0	2	0	0.55	0.157	NA	0.099	NA	135	101.31
7	1	7	24.788	52.516	0	2	0	0.998	0.313	NA	0.448	NA	-128.66	96.34
8	1	8	25.278	53.006	0	2	34	1.691	0.408	NA	0.693	NA	45	173.66
9	1	9	26.538	54.757	0	2	0	3.848	2.537	NA	2.157	NA	54.246	9.246
10	1	10	26.818	54.617	0	2	46	4.161	2.625	NA	0.313	NA	-26.565	-80.811
11	1	11	27.028	54.547	0	2	0	4.383	2.734	NA	0.221	NA	-18.435	8.13
12	1	12	26.958	54.757	0	2	23	4.604	2.823	NA	0.221	NA	108.435	126.87
13	2	1	25.208	53.917	0	2	11	0	0	NA	NA	NA	NA	NA
14	2	2	24.928	53.707	0	2	23	0.35	0.35	NA	0.35	NA	-143.13	NA
15	2	3	24.858	53.006	0	2	58	1.054	0.975	NA	0.704	NA	-95.711	47.42
16	2	4	23.457	51.046	0	2	93	3.463	3.362	NA	2.409	NA	-125.538	-29.827
17	2	5	23.247	49.015	0	2	34	5.505	5.279	NA	2.041	NA	-95.906	29.632
18	2	6	23.387	50.205	0	2	23	6.703	4.134	NA	1.199	NA	83.29	179.196
19	2	7	23.947	51.186	0	2	11	7.832	3.008	NA	1.129	NA	60.255	-23.035
20	2	8	24.297	51.396	0	2	23	8.241	2.68	NA	0.408	NA	30.964	-29.291
21	2	9	24.227	51.746	0	2	0	8.598	2.382	NA	0.357	NA	101.31	70.346
22	2	10	24.157	52.096	0	2	46	8.955	2.102	NA	0.357	NA	101.31	0
23	2	11	24.297	52.236	0	2	11	9.153	1.911	NA	0.198	NA	45	-56.31
24	2	12	24.017	52.026	0	2	0	9.503	2.234	NA	0.35	NA	-143.13	171.87
25	2	13	24.017	52.026	0	2	11	9.503	2.234	NA	0	NA	0	143.13
26	2	14	23.807	52.096	0	2	34	9.724	2.297	NA	0.221	NA	161.565	161.565
27	2	15	23.807	52.026	0	2	11	9.794	2.353	NA	0.07	NA	-90	108.435
28	2	16	23.807	52.026	0	2	11	9.794	2.353	NA	0	NA	0	90
29	2	17	23.737	50.486	0	2	23	11.336	3.733	NA	1.542	NA	-92.603	-92.603
30	2	18	23.737	50.626	0	2	93	11.476	3.605	NA	0.14	NA	90	-177.397
31	2	19	23.737	50.696	0	2	81	11.546	3.541	NA	0.07	NA	90	0
32	2	20	24.017	50.836	0	2	34	11.86	3.303	NA	0.313	NA	26.565	-63.435
33	2	21	24.017	50.836	0	2	23	11.86	3.303	NA	0	NA	0	-26.565
34	2	22	23.947	51.046	0	2	81	12.081	3.135	NA	0.221	NA	108.435	108.435
35	2	23	23.947	51.116	0	2	11	12.151	3.071	NA	0.07	NA	90	-18.435
36	2	24	24.017	50.766	0	2	11	12.508	3.368	NA	0.357	NA	-78.69	-168.69
37	2	25	24.087	50.696	0	2	34	12.607	3.41	NA	0.099	NA	-45	33.69
38	2	26	24.087	50.696	0	2	46	12.607	3.41	NA	0	NA	0	45
39	2	27	24.087	50.626	0	2	34	12.677	3.476	NA	0.07	NA	-90	-90
40	2	28	23.877	50.976	0	2	128	13.085	3.228	NA	0.408	NA	120.964	-149.036
41	2	29	24.087	50.976	0	2	69	13.295	3.147	NA	0.21	NA	0	-120.964
42	2	30	24.017	50.135	0	2	69	14.139	3.964	NA	0.843	NA	-94.764	-94.764
43	2	31	23.877	49.995	0	2	0	14.337	4.141	NA	0.198	NA	-135	-40.236
44	2	32	23.597	49.505	0	2	11	14.901	4.696	NA	0.565	NA	-119.745	15.255
45	2	33	23.317	48.665	0	2	0	15.787	5.582	NA	0.886	NA	-108.435	11.31
46	3	1	23.667	52.236	0	2	46	0	0	NA	NA	NA	NA	NA
47	3	2	23.667	52.236	0	2	11	0	0	NA	0	NA	0	NA
48	3	3	23.667	52.236	0	2	11	0	0	NA	0	NA	0	0
49	3	4	23.667	52.236	0	2	58	0	0	NA	0	NA	0	0
50	3	5	23.457	52.026	0	2	23	0.297	0.297	NA	0.297	NA	-135	-135
51	3	6	23.667	52.026	0	2	0	0.507	0.21	NA	0.21	NA	0	135
52	3	7	23.667	52.236	0	2	58	0.717	0	NA	0.21	NA	90	90
53	3	8	23.387	52.236	0	2	58	0.997	0.28	NA	0.28	NA	180	90
54	3	9	23.807	52.236	0	2	58	1.417	0.14	NA	0.42	NA	0	-180
55	3	10	23.597	52.236	0	2	58	1.627	0.07	NA	0.21	NA	180	180
56	3	11	23.387	52.236	0	2	23	1.838	0.28	NA	0.21	NA	180	0
57	3	12	23.387	52.026	0	2	23	2.048	0.35	NA	0.21	NA	-90	90
58	3	13	23.387	52.026	0	2	11	2.048	0.35	NA	0	NA	0	90
59	3	14	23.387	52.166	0	2	34	2.188	0.289	NA	0.14	NA	90	90
60	3	15	23.387	52.026	0	2	23	2.328	0.35	NA	0.14	NA	-90	-180
61	3	16	23.527	52.236	0	2	34	2.58	0.14	NA	0.252	NA	56.31	146.31
62	3	17	23.597	51.956	0	2	0	2.869	0.289	NA	0.289	NA	-75.964	-132.274
63	3	18	23.527	51.956	0	2	34	2.939	0.313	NA	0.07	NA	180	-104.036
64	3	19	23.387	51.956	0	2	0	3.079	0.396	NA	0.14	NA	180	0
65	3	20	23.597	51.956	0	2	0	3.289	0.289	NA	0.21	NA	0	-180
66	3	21	23.597	52.096	0	2	23	3.429	0.157	NA	0.14	NA	90	90
67	3	22	23.597	52.306	0	2	23	3.639	0.099	NA	0.21	NA	90	0
68	4	1	21.006	47.195	0	2	34	0	0	NA	NA	NA	NA	NA
69	4	2	21.567	47.265	0	2	0	0.565	0.565	NA	0.565	NA	7.125	NA
70	4	3	21.707	46.984	0	2	11	0.878	0.731	NA	0.313	NA	-63.435	-70.56
71	4	4	21.427	47.545	0	2	0	1.504	0.547	NA	0.626	NA	116.565	180
72	4	5	21.497	47.265	0	2	11	1.793	0.495	NA	0.289	NA	-75.964	167.471
73	4	6	21.147	47.405	0	2	58	2.17	0.252	NA	0.377	NA	158.199	-125.838
74	4	7	21.357	47.405	0	2	23	2.38	0.408	NA	0.21	NA	0	-158.199
75	4	8	21.637	47.405	0	2	0	2.66	0.664	NA	0.28	NA	0	0
76	4	9	21.567	47.405	0	2	34	2.73	0.598	NA	0.07	NA	180	180
77	4	10	22.477	49.575	0	2	23	5.084	2.798	NA	2.354	NA	67.249	-112.751
78	4	11	22.057	49.015	0	2	0	5.784	2.102	NA	0.7	NA	-126.87	165.881
79	4	12	22.057	49.225	0	2	0	5.994	2.286	NA	0.21	NA	90	-143.13
80	4	13	22.197	49.225	0	2	11	6.134	2.354	NA	0.14	NA	0	-90
81	4	14	22.197	48.945	0	2	0	6.414	2.117	NA	0.28	NA	-90	-90
82	4	15	22.267	48.735	0	2	0	6.636	1.99	NA	0.221	NA	-71.565	18.435
83	4	16	22.337	49.645	0	2	34	7.549	2.789	NA	0.913	NA	85.601	157.166
84	4	17	22.687	50.065	0	2	11	8.095	3.327	NA	0.547	NA	50.194	-35.407
85	4	18	22.827	50.416	0	2	46	8.473	3.7	NA	0.377	NA	68.199	18.004
86	4	19	23.107	50.906	0	2	58	9.037	4.264	NA	0.565	NA	60.255	-7.943
87	4	20	23.457	51.326	0	2	0	9.584	4.803	NA	0.547	NA	50.194	-10.061
88	4	21	23.527	51.606	0	2	23	9.873	5.081	NA	0.289	NA	75.964	25.769
89	4	22	23.947	51.536	0	2	11	10.299	5.244	NA	0.426	NA	-9.462	-85.426
90	4	23	23.107	50.696	0	2	23	11.487	4.083	NA	1.188	NA	-135	-125.538
91	4	24	23.527	50.696	0	2	0	11.907	4.314	NA	0.42	NA	0	135
92	4	25	23.387	50.696	0	2	11	12.047	4.234	NA	0.14	NA	180	180
93	5	1	30.809	58.398	0	2	0	0	0	NA	NA	NA	NA	NA
94	5	2	30.809	58.188	0	2	0	0.21	0.21	NA	0.21	NA	-90	NA
95	5	3	31.23	58.118	0	2	34	0.636	0.505	NA	0.426	NA	-9.462	80.538
96	5	4	31.37	58.118	0	2	11	0.776	0.626	NA	0.14	NA	0	9.462
97	5	5	30.459	57.838	0	2	0	1.728	0.661	NA	0.952	NA	-162.897	-162.897
98	5	6	30.95	57.838	0	2	46	2.219	0.577	NA	0.49	NA	0	162.897
99	5	7	30.669	57.838	0	2	11	2.499	0.577	NA	0.28	NA	180	180
100	5	8	30.669	57.838	0	2	0	2.499	0.577	NA	0	NA	0	-180
101	5	9	29.829	57.838	0	2	11	3.339	1.129	NA	0.84	NA	180	180
102	5	10	29.969	57.908	0	2	11	3.495	0.973	NA	0.157	NA	26.565	-153.435
103	5	11	29.549	57.978	0	2	34	3.921	1.329	NA	0.426	NA	170.538	143.973
104	5	12	29.269	57.908	0	2	0	4.21	1.617	NA	0.289	NA	-165.964	23.499
105	5	13	29.479	57.558	0	2	23	4.618	1.574	NA	0.408	NA	-59.036	106.928
106	5	14	29.059	57.978	0	2	0	5.213	1.8	NA	0.594	NA	135	-165.964
107	5	15	29.269	57.978	0	2	11	5.423	1.597	NA	0.21	NA	0	-135
108	5	16	29.269	57.838	0	2	11	5.563	1.639	NA	0.14	NA	-90	-90
109	5	17	29.269	57.838	0	2	0	5.563	1.639	NA	0	NA	0	90
110	5	18	29.129	58.258	0	2	23	6.006	1.686	NA	0.443	NA	108.435	108.435
111	6	1	31.44	58.468	0	2	0	0	0	NA	NA	NA	NA	NA
112	6	2	31.37	58.118	0	2	0	0.357	0.357	NA	0.357	NA	-101.31	NA
113	6	3	31.37	58.118	0	2	23	0.357	0.357	NA	0	NA	0	101.31
114	6	4	31.02	58.188	0	2	0	0.714	0.505	NA	0.357	NA	168.69	168.69
115	6	5	30.109	57.418	0	2	11	1.907	1.695	NA	1.192	NA	-139.764	51.546
116	6	6	29.479	57.628	0	2	11	2.571	2.133	NA	0.664	NA	161.565	-58.671
117	6	7	28.779	58.048	0	2	0	3.387	2.694	NA	0.817	NA	149.036	-12.529
118	7	1	32.07	60.919	0	2	58	0	0	NA	NA	NA	NA	NA
119	7	2	32.35	61.199	0	2	0	0.396	0.396	NA	0.396	NA	45	NA
120	7	3	32.56	61.619	0	2	11	0.866	0.855	NA	0.47	NA	63.435	18.435
121	7	4	32.35	61.479	0	2	58	1.118	0.626	NA	0.252	NA	-146.31	150.255
122	7	5	32.35	61.479	0	2	34	1.118	0.626	NA	0	NA	0	146.31
123	7	6	32.28	61.269	0	2	23	1.34	0.408	NA	0.221	NA	-108.435	-108.435
124	7	7	32.28	61.059	0	2	11	1.55	0.252	NA	0.21	NA	-90	18.435
125	7	8	32.28	61.059	0	2	11	1.55	0.252	NA	0	NA	0	90
126	7	9	31.93	61.059	0	2	11	1.9	0.198	NA	0.35	NA	180	180
127	7	10	32.35	61.199	0	2	11	2.343	0.396	NA	0.443	NA	18.435	-161.565
128	7	11	32.49	61.059	0	2	34	2.541	0.443	NA	0.198	NA	-45	-63.435
129	7	12	32.49	61.199	0	2	0	2.681	0.505	NA	0.14	NA	90	135
130	7	13	31.79	60.849	0	2	23	3.464	0.289	NA	0.783	NA	-153.435	116.565
131	7	14	32.42	61.059	0	2	23	4.128	0.377	NA	0.664	NA	18.435	171.87
132	7	15	32.42	61.199	0	2	23	4.268	0.448	NA	0.14	NA	90	71.565
133	7	16	32.21	60.289	0	2	0	5.202	0.646	NA	0.934	NA	-102.995	167.005
134	7	17	32.35	60.149	0	2	23	5.4	0.82	NA	0.198	NA	-45	57.995
135	7	18	32.49	60.849	0	2	46	6.114	0.426	NA	0.714	NA	78.69	123.69
136	7	19	32	60.429	0	2	46	6.76	0.495	NA	0.646	NA	-139.399	141.911
137	7	20	32.28	60.359	0	2	0	7.049	0.598	NA	0.289	NA	-14.036	125.362
138	7	21	32.42	59.868	0	2	23	7.558	1.107	NA	0.51	NA	-74.055	-60.018
139	7	22	32.56	59.938	0	2	0	7.715	1.096	NA	0.157	NA	26.565	100.62
140	7	23	32.14	59.868	0	2	0	8.141	1.053	NA	0.426	NA	-170.538	162.897
141	7	24	31.51	58.538	0	2	11	9.613	2.446	NA	1.472	NA	-115.346	55.192
142	7	25	31.02	57.838	0	2	58	10.468	3.255	NA	0.855	NA	-124.992	-9.646
143	7	26	31.02	57.418	0	2	11	10.888	3.655	NA	0.42	NA	-90	34.992
144	7	27	30.88	57.558	0	2	69	11.086	3.566	NA	0.198	NA	135	-135
145	7	28	31.37	57.838	0	2	58	11.65	3.16	NA	0.565	NA	29.745	-105.255
146	7	29	31.58	57.908	0	2	11	11.872	3.051	NA	0.221	NA	18.435	-11.31
147	7	30	31.72	57.908	0	2	0	12.012	3.031	NA	0.14	NA	0	-18.435
148	7	31	32.63	58.748	0	2	34	13.251	2.242	NA	1.239	NA	42.709	42.709
149	7	32	32.28	58.678	0	2	23	13.608	2.251	NA	0.357	NA	-168.69	148.601
150	7	33	31.72	57.908	0	2	11	14.56	3.031	NA	0.952	NA	-126.027	42.663
151	7	34	30.669	57.628	0	2	34	15.647	3.577	NA	1.087	NA	-165.069	-39.041
152	7	35	30.669	57.418	0	2	0	15.857	3.771	NA	0.21	NA	-90	75.069
153	7	36	31.23	57.418	0	2	23	16.417	3.6	NA	0.56	NA	0	90
154	7	37	32.14	58.118	0	2	0	17.566	2.802	NA	1.148	NA	37.569	37.569
155	7	38	31.44	58.048	0	2	58	18.27	2.939	NA	0.704	NA	-174.289	148.142
156	7	39	31.86	58.328	0	2	0	18.775	2.599	NA	0.505	NA	33.69	-152.021
157	7	40	31.79	58.258	0	2	46	18.874	2.676	NA	0.099	NA	-135	-168.69
158	7	41	31.23	57.978	0	2	11	19.5	3.059	NA	0.626	NA	-153.435	-18.435
159	7	42	31.44	57.978	0	2	23	19.71	3.008	NA	0.21	NA	0	153.435
160	7	43	32.07	57.978	0	2	0	20.34	2.941	NA	0.63	NA	0	0
161	7	44	31.72	58.048	0	2	23	20.697	2.892	NA	0.357	NA	168.69	168.69
162	7	45	32.07	58.258	0	2	0	21.105	2.661	NA	0.408	NA	30.964	-137.726
163	7	46	31.58	58.328	0	2	81	21.601	2.637	NA	0.495	NA	171.87	140.906
164	7	47	31.58	58.118	0	2	58	21.811	2.843	NA	0.21	NA	-90	98.13
165	8	1	27.659	55.457	0	2	23	0	0	NA	NA	NA	NA	NA
166	8	2	27.378	55.177	0	2	69	0.396	0.396	NA	0.396	NA	-135	NA
167	8	3	26.958	53.917	0	2	23	1.725	1.692	NA	1.329	NA	-108.435	26.565
168	8	4	26.188	53.637	0	2	93	2.544	2.34	NA	0.82	NA	-160.017	-51.582
169	8	5	25.558	53.146	0	2	104	3.343	3.123	NA	0.798	NA	-142.125	17.892
170	8	6	25.768	53.146	0	2	81	3.553	2.986	NA	0.21	NA	0	142.125
171	8	7	25.138	51.886	0	2	93	4.962	4.371	NA	1.409	NA	-116.565	-116.565
172	8	8	24.998	51.886	0	2	139	5.102	4.453	NA	0.14	NA	180	-63.435
173	8	9	25.068	51.956	0	2	174	5.201	4.355	NA	0.099	NA	45	-135
174	9	1	22.057	38.582	0	2	46	0	0	NA	NA	NA	NA	NA
175	9	2	22.337	38.862	0	2	11	0.396	0.396	NA	0.396	NA	45	NA
176	9	3	22.197	40.122	0	2	23	1.664	1.547	NA	1.268	NA	96.34	51.34
177	9	4	21.637	40.542	0	2	23	2.364	2.005	NA	0.7	NA	143.13	46.79
178	9	5	21.497	40.262	0	2	46	2.678	1.771	NA	0.313	NA	-116.565	100.305
179	9	6	21.707	41.033	0	2	0	3.476	2.476	NA	0.798	NA	74.745	-168.69
180	9	7	21.217	40.542	0	2	11	4.169	2.133	NA	0.693	NA	-135	150.255
181	9	8	21.707	41.243	0	2	23	5.024	2.684	NA	0.855	NA	55.008	-169.992
182	9	9	22.057	42.293	0	2	11	6.131	3.711	NA	1.107	NA	71.565	16.557
183	9	10	22.757	42.923	0	2	11	7.073	4.397	NA	0.942	NA	41.987	-29.578
184	9	11	22.407	41.943	0	2	46	8.114	3.379	NA	1.041	NA	-109.654	-151.641
185	9	12	22.127	40.753	0	2	58	9.337	2.172	NA	1.223	NA	-103.241	6.413
186	9	13	22.197	39.772	0	2	0	10.32	1.199	NA	0.983	NA	-85.914	17.326
187	9	14	22.407	40.893	0	2	11	11.46	2.337	NA	1.14	NA	79.38	165.295
188	9	15	22.197	40.823	0	2	58	11.681	2.245	NA	0.221	NA	-161.565	119.055
189	9	16	22.407	41.033	0	2	46	11.978	2.476	NA	0.297	NA	45	-153.435
190	9	17	22.617	40.542	0	2	11	12.511	2.039	NA	0.533	NA	-66.801	-111.801
191	9	18	22.547	40.683	0	2	46	12.668	2.157	NA	0.157	NA	116.565	-176.634
192	9	19	22.477	39.702	0	2	34	13.651	1.197	NA	0.983	NA	-94.086	149.349
193	9	20	22.267	39.772	0	2	81	13.872	1.209	NA	0.221	NA	161.565	-104.349
194	9	21	22.337	39.352	0	2	34	14.298	0.82	NA	0.426	NA	-80.538	117.897
195	9	22	22.057	39.352	0	2	116	14.578	0.77	NA	0.28	NA	180	-99.462
196	9	23	22.127	38.932	0	2	58	15.004	0.357	NA	0.426	NA	-80.538	99.462
197	9	24	22.267	39.212	0	2	81	15.317	0.664	NA	0.313	NA	63.435	143.973
198	9	25	22.407	38.652	0	2	163	15.895	0.357	NA	0.577	NA	-75.964	-139.399
199	9	26	22.477	38.162	0	2	46	16.39	0.594	NA	0.495	NA	-81.87	-5.906
200	9	27	22.547	36.831	0	2	151	17.722	1.818	NA	1.332	NA	-86.987	-5.117
201	9	28	22.617	36.481	0	2	23	18.079	2.174	NA	0.357	NA	-78.69	8.297
202	9	29	22.617	35.921	0	2	58	18.639	2.719	NA	0.56	NA	-90	-11.31
203	9	30	22.477	35.571	0	2	93	19.016	3.04	NA	0.377	NA	-111.801	-21.801
204	9	31	21.987	34.101	0	2	174	20.566	4.482	NA	1.55	NA	-108.435	3.366
205	9	32	22.477	34.311	0	2	81	21.1	4.292	NA	0.533	NA	23.199	131.634
206	9	33	22.477	33.82	0	2	23	21.59	4.78	NA	0.49	NA	-90	-113.199
207	9	34	22.547	33.12	0	2	116	22.293	5.484	NA	0.704	NA	-84.289	5.711
208	10	1	22.337	37.952	0	2	0	0	0	NA	NA	NA	NA	NA
209	10	2	22.127	38.092	0	2	69	0.252	0.252	NA	0.252	NA	146.31	NA
210	10	3	21.777	38.162	0	2	23	0.61	0.598	NA	0.357	NA	168.69	22.38
211	10	4	21.847	38.302	0	2	0	0.766	0.602	NA	0.157	NA	63.435	-105.255
212	10	5	21.987	37.672	0	2	11	1.412	0.448	NA	0.646	NA	-77.471	-140.906
213	10	6	21.917	37.672	0	2	58	1.482	0.505	NA	0.07	NA	180	-102.529
214	10	7	21.847	37.321	0	2	69	1.839	0.798	NA	0.357	NA	-101.31	78.69
215	10	8	21.567	37.251	0	2	233	2.127	1.041	NA	0.289	NA	-165.964	-64.654
216	10	9	21.567	37.251	0	2	255	2.127	1.041	NA	0	NA	0	165.964
217	10	10	21.567	37.251	0	2	69	2.127	1.041	NA	0	NA	0	0
218	10	11	21.567	37.251	0	2	69	2.127	1.041	NA	0	NA	0	0
219	10	12	21.567	37.251	0	2	23	2.127	1.041	NA	0	NA	0	0
220	10	13	21.637	36.621	0	2	93	2.761	1.503	NA	0.634	NA	-83.66	-83.66
221	10	14	21.427	36.411	0	2	163	3.059	1.789	NA	0.297	NA	-135	-51.34
222	10	15	21.427	36.411	0	2	209	3.059	1.789	NA	0	NA	0	135
223	10	16	21.497	36.481	0	2	163	3.158	1.694	NA	0.099	NA	45	45
224	10	17	21.497	36.481	0	2	174	3.158	1.694	NA	0	NA	0	-45
225	10	18	21.567	36.481	0	2	255	3.228	1.66	NA	0.07	NA	0	0
226	10	19	21.006	36.411	0	2	34	3.792	2.035	NA	0.565	NA	-172.875	-172.875
227	10	20	21.707	37.041	0	2	58	4.734	1.107	NA	0.942	NA	41.987	-145.138
228	10	21	21.707	36.551	0	2	174	5.224	1.536	NA	0.49	NA	-90	-131.987
229	10	22	21.847	36.621	0	2	198	5.381	1.418	NA	0.157	NA	26.565	116.565
230	10	23	21.847	36.551	0	2	233	5.451	1.484	NA	0.07	NA	-90	-116.565
231	10	24	21.847	36.551	0	2	139	5.451	1.484	NA	0	NA	0	90
232	10	25	21.847	36.551	0	2	163	5.451	1.484	NA	0	NA	0	0
233	10	26	21.847	36.271	0	2	139	5.731	1.751	NA	0.28	NA	-90	-90
234	10	27	21.847	36.201	0	2	198	5.801	1.818	NA	0.07	NA	-90	0
235	10	28	21.987	36.201	0	2	104	5.941	1.785	NA	0.14	NA	0	90
236	10	29	21.987	36.201	0	2	139	5.941	1.785	NA	0	NA	0	0
237	10	30	21.777	36.061	0	2	198	6.194	1.972	NA	0.252	NA	-146.31	-146.31
238	10	31	21.777	36.061	0	2	174	6.194	1.972	NA	0	NA	0	146.31
239	10	32	21.777	36.061	0	2	116	6.194	1.972	NA	0	NA	0	0
240	10	33	21.777	36.061	0	2	93	6.194	1.972	NA	0	NA	0	0
241	10	34	21.917	36.061	0	2	23	6.334	1.937	NA	0.14	NA	0	0
242	10	35	21.917	35.781	0	2	23	6.614	2.211	NA	0.28	NA	-90	-90
243	10	36	21.777	35.781	0	2	151	6.754	2.242	NA	0.14	NA	180	-90
244	10	37	21.917	35.711	0	2	198	6.91	2.28	NA	0.157	NA	-26.565	153.435
245	10	38	21.987	35.711	0	2	46	6.98	2.268	NA	0.07	NA	0	26.565
246	10	39	22.057	35.571	0	2	116	7.137	2.397	NA	0.157	NA	-63.435	-63.435
247	10	40	22.057	35.431	0	2	198	7.277	2.536	NA	0.14	NA	-90	-26.565
248	10	41	22.057	35.291	0	2	81	7.417	2.676	NA	0.14	NA	-90	0
249	10	42	22.057	35.221	0	2	116	7.487	2.745	NA	0.07	NA	-90	0
250	10	43	21.847	35.431	0	2	198	7.784	2.568	NA	0.297	NA	135	-135
251	10	44	22.057	34.941	0	2	93	8.317	3.024	NA	0.533	NA	-66.801	158.199
252	10	45	22.057	35.291	0	2	139	8.667	2.676	NA	0.35	NA	90	156.801
253	10	46	21.917	35.361	0	2	128	8.824	2.625	NA	0.157	NA	153.435	63.435
254	10	47	21.917	35.361	0	2	69	8.824	2.625	NA	0	NA	0	-153.435
255	11	1	23.107	35.221	0	2	34	0	0	NA	NA	NA	NA	NA
256	11	2	22.407	35.431	0	2	174	0.731	0.731	NA	0.731	NA	163.301	NA
257	11	3	22.477	35.571	0	2	34	0.888	0.721	NA	0.157	NA	63.435	-99.866
258	11	4	22.547	35.221	0	2	23	1.245	0.56	NA	0.357	NA	-78.69	-142.125
259	11	5	22.617	35.221	0	2	46	1.315	0.49	NA	0.07	NA	0	78.69
260	11	6	22.617	35.081	0	2	93	1.455	0.51	NA	0.14	NA	-90	-90
261	11	7	22.617	35.081	0	2	23	1.455	0.51	NA	0	NA	0	90
262	11	8	22.337	35.011	0	2	104	1.743	0.798	NA	0.289	NA	-165.964	-165.964
263	11	9	22.757	35.151	0	2	34	2.186	0.357	NA	0.443	NA	18.435	-175.601
264	11	10	22.757	35.151	0	2	58	2.186	0.357	NA	0	NA	0	-18.435
265	11	11	22.757	35.151	0	2	0	2.186	0.357	NA	0	NA	0	0
266	11	12	22.757	34.941	0	2	23	2.396	0.448	NA	0.21	NA	-90	-90
267	11	13	22.547	34.661	0	2	23	2.746	0.792	NA	0.35	NA	-126.87	-36.87
268	11	14	22.827	34.661	0	2	46	3.027	0.626	NA	0.28	NA	0	126.87
269	11	15	22.687	34.591	0	2	58	3.183	0.757	NA	0.157	NA	-153.435	-153.435
270	11	16	22.547	34.591	0	2	81	3.323	0.843	NA	0.14	NA	180	-26.565
271	11	17	22.337	34.03	0	2	139	3.921	1.418	NA	0.598	NA	-110.556	69.444
272	11	18	22.757	34.521	0	2	34	4.567	0.783	NA	0.646	NA	49.399	159.955
273	11	19	22.407	34.451	0	2	58	4.924	1.041	NA	0.357	NA	-168.69	141.911
274	11	20	22.687	34.381	0	2	34	5.213	0.939	NA	0.289	NA	-14.036	154.654
275	12	1	18.276	37.041	0	2	69	0	0	NA	NA	NA	NA	NA
276	12	2	18.556	36.271	0	2	58	0.82	0.82	NA	0.82	NA	-70.017	NA
277	12	3	18.556	35.781	0	2	69	1.31	1.291	NA	0.49	NA	-90	-19.983
278	12	4	18.556	35.781	0	2	69	1.31	1.291	NA	0	NA	0	90
279	12	5	18.626	36.271	0	2	58	1.805	0.846	NA	0.495	NA	81.87	81.87
280	12	6	18.626	36.271	0	2	104	1.805	0.846	NA	0	NA	0	-81.87
281	12	7	18.486	34.731	0	2	174	3.352	2.32	NA	1.547	NA	-95.194	-95.194
282	12	8	18.346	34.451	0	2	58	3.665	2.592	NA	0.313	NA	-116.565	-21.371
283	12	9	18.486	34.171	0	2	104	3.978	2.879	NA	0.313	NA	-63.435	53.13
284	12	10	18.626	34.101	0	2	104	4.135	2.962	NA	0.157	NA	-26.565	36.87
285	12	11	18.486	34.101	0	2	139	4.275	2.948	NA	0.14	NA	180	-153.435
286	12	12	18.696	34.171	0	2	81	4.496	2.901	NA	0.221	NA	18.435	-161.565
287	12	13	18.696	34.171	0	2	58	4.496	2.901	NA	0	NA	0	-18.435
288	12	14	18.626	34.451	0	2	151	4.785	2.614	NA	0.289	NA	104.036	104.036
289	12	15	18.696	34.731	0	2	139	5.073	2.349	NA	0.289	NA	75.964	-28.072
290	12	16	18.696	34.801	0	2	104	5.143	2.28	NA	0.07	NA	90	14.036
291	12	17	18.696	34.801	0	2	81	5.143	2.28	NA	0	NA	0	-90
292	12	18	18.836	34.661	0	2	93	5.342	2.446	NA	0.198	NA	-45	-45
293	12	19	18.486	33.26	0	2	23	6.785	3.787	NA	1.444	NA	-104.036	-59.036
294	12	20	18.766	32.21	0	2	46	7.872	4.856	NA	1.087	NA	-75.069	28.968
295	12	21	19.046	32	0	2	69	8.222	5.1	NA	0.35	NA	-36.87	38.199
296	12	22	18.836	32.28	0	2	116	8.572	4.794	NA	0.35	NA	126.87	163.74
297	12	23	18.626	32.14	0	2	116	8.825	4.914	NA	0.252	NA	-146.31	86.82
298	12	24	18.906	32.14	0	2	93	9.105	4.942	NA	0.28	NA	0	146.31
299	12	25	18.976	32.21	0	2	23	9.204	4.882	NA	0.099	NA	45	45
300	12	26	18.766	32.14	0	2	93	9.425	4.926	NA	0.221	NA	-161.565	153.435
301	12	27	18.976	30.809	0	2	11	10.772	6.271	NA	1.347	NA	-81.027	80.538
302	12	28	18.486	30.88	0	2	11	11.267	6.165	NA	0.495	NA	171.87	-107.103
303	13	1	19.536	25.488	0	2	46	0	0	NA	NA	NA	NA	NA
304	13	2	19.186	24.928	0	2	174	0.661	0.661	NA	0.661	NA	-122.005	NA
305	13	3	18.906	24.998	0	2	139	0.949	0.798	NA	0.289	NA	165.964	-72.031
306	13	4	18.276	25.208	0	2	186	1.614	1.291	NA	0.664	NA	161.565	-4.399
307	13	5	18.346	25.278	0	2	163	1.713	1.209	NA	0.099	NA	45	-116.565
308	13	6	18.206	25.558	0	2	58	2.026	1.332	NA	0.313	NA	116.565	71.565
309	13	7	18.486	25.558	0	2	46	2.306	1.053	NA	0.28	NA	0	-116.565
310	13	8	18.206	25.068	0	2	81	2.87	1.395	NA	0.565	NA	-119.745	-119.745
311	13	9	18.276	24.998	0	2	46	2.969	1.352	NA	0.099	NA	-45	74.745
312	13	10	18.276	24.998	0	2	139	2.969	1.352	NA	0	NA	0	45
313	13	11	18.276	24.998	0	2	163	2.969	1.352	NA	0	NA	0	0
314	13	12	18.276	24.998	0	2	81	2.969	1.352	NA	0	NA	0	0
315	13	13	18.276	24.998	0	2	151	2.969	1.352	NA	0	NA	0	0
316	13	14	18.276	24.998	0	2	128	2.969	1.352	NA	0	NA	0	0
317	13	15	18.486	24.998	0	2	198	3.179	1.159	NA	0.21	NA	0	0
318	13	16	18.486	24.998	0	2	69	3.179	1.159	NA	0	NA	0	0
319	13	17	18.486	24.998	0	2	209	3.179	1.159	NA	0	NA	0	0
320	13	18	18.486	24.998	0	2	58	3.179	1.159	NA	0	NA	0	0
321	13	19	18.416	24.998	0	2	104	3.249	1.223	NA	0.07	NA	180	180
322	13	20	18.416	24.998	0	2	163	3.249	1.223	NA	0	NA	0	-180
323	14	1	17.715	29.829	0	2	198	0	0	NA	NA	NA	NA	NA
324	14	2	17.715	29.829	0	2	116	0	0	NA	0	NA	0	NA
325	14	3	17.926	29.689	0	2	233	0.252	0.252	NA	0.252	NA	-33.69	-33.69
326	14	4	18.066	29.689	0	2	116	0.393	0.377	NA	0.14	NA	0	33.69
327	14	5	17.855	30.109	0	2	93	0.862	0.313	NA	0.47	NA	116.565	116.565
328	14	6	17.855	29.759	0	2	174	1.212	0.157	NA	0.35	NA	-90	153.435
329	14	7	18.346	29.409	0	2	139	1.815	0.757	NA	0.602	NA	-35.538	54.462
330	14	8	17.926	29.409	0	2	81	2.235	0.47	NA	0.42	NA	180	-144.462
331	14	9	17.785	29.549	0	2	34	2.433	0.289	NA	0.198	NA	135	-45
332	14	10	17.715	29.549	0	2	104	2.503	0.28	NA	0.07	NA	180	45
333	14	11	17.715	29.549	0	2	34	2.503	0.28	NA	0	NA	0	-180
334	14	12	17.645	29.409	0	2	151	2.659	0.426	NA	0.157	NA	-116.565	-116.565
335	14	13	18.206	29.689	0	2	58	3.286	0.51	NA	0.626	NA	26.565	143.13
336	14	14	17.855	29.479	0	2	81	3.694	0.377	NA	0.408	NA	-149.036	-175.601
337	14	15	17.855	29.059	0	2	139	4.114	0.783	NA	0.42	NA	-90	59.036
338	14	16	17.855	29.059	0	2	104	4.114	0.783	NA	0	NA	0	90
339	14	17	17.365	28.569	0	2	186	4.807	1.308	NA	0.693	NA	-135	-135
340	14	18	17.715	28.989	0	2	151	5.354	0.84	NA	0.547	NA	50.194	-174.806
341	14	19	17.645	29.129	0	2	128	5.511	0.704	NA	0.157	NA	116.565	66.371
342	14	20	17.645	28.989	0	2	46	5.651	0.843	NA	0.14	NA	-90	153.435
343	14	21	17.505	28.499	0	2	93	6.161	1.347	NA	0.51	NA	-105.945	-15.945
344	14	22	17.505	28.499	0	2	151	6.161	1.347	NA	0	NA	0	105.945
345	14	23	17.505	28.639	0	2	116	6.301	1.209	NA	0.14	NA	90	90
346	14	24	17.225	28.919	0	2	93	6.697	1.034	NA	0.396	NA	135	45
347	14	25	17.505	28.849	0	2	174	6.985	1.003	NA	0.289	NA	-14.036	-149.036
348	14	26	17.365	28.289	0	2	163	7.563	1.58	NA	0.577	NA	-104.036	-90
349	14	27	17.435	28.079	0	2	34	7.784	1.773	NA	0.221	NA	-71.565	32.471
350	15	1	17.996	30.249	0	2	69	0	0	NA	NA	NA	NA	NA
351	15	2	17.996	30.249	0	2	128	0	0	NA	0	NA	0	NA
352	15	3	18.416	30.249	0	2	58	0.42	0.42	NA	0.42	NA	0	0
353	15	4	18.136	30.109	0	2	58	0.733	0.198	NA	0.313	NA	-153.435	-153.435
354	15	5	18.066	30.109	0	2	128	0.803	0.157	NA	0.07	NA	180	-26.565
355	15	6	18.066	30.109	0	2	174	0.803	0.157	NA	0	NA	0	-180
356	15	7	18.206	30.109	0	2	93	0.943	0.252	NA	0.14	NA	0	0
357	15	8	18.206	30.109	0	2	104	0.943	0.252	NA	0	NA	0	0
358	15	9	17.855	29.549	0	2	93	1.604	0.714	NA	0.661	NA	-122.005	-122.005
359	15	10	17.855	29.409	0	2	104	1.744	0.852	NA	0.14	NA	-90	32.005
360	15	11	17.926	29.409	0	2	34	1.814	0.843	NA	0.07	NA	0	90
361	15	12	17.785	29.059	0	2	34	2.191	1.209	NA	0.377	NA	-111.801	-111.801
362	15	13	17.505	29.199	0	2	174	2.504	1.159	NA	0.313	NA	153.435	-94.764
363	15	14	17.505	29.199	0	2	139	2.504	1.159	NA	0	NA	0	-153.435
364	15	15	17.225	29.269	0	2	104	2.793	1.247	NA	0.289	NA	165.964	165.964
365	15	16	17.365	29.269	0	2	255	2.933	1.165	NA	0.14	NA	0	-165.964
366	15	17	17.155	29.339	0	2	34	3.154	1.239	NA	0.221	NA	161.565	161.565
367	15	18	17.505	29.689	0	2	151	3.65	0.744	NA	0.495	NA	45	-116.565
368	15	19	18.416	30.88	0	2	116	5.148	0.757	NA	1.499	NA	52.595	7.595
369	16	1	20.166	31.02	0	2	23	0	0	NA	NA	NA	NA	NA
370	16	2	20.236	30.95	0	2	104	0.099	0.099	NA	0.099	NA	-45	NA
371	16	3	20.656	30.809	0	2	69	0.542	0.533	NA	0.443	NA	-18.435	26.565
372	16	4	20.446	30.599	0	2	151	0.839	0.505	NA	0.297	NA	-135	-116.565
373	16	5	20.446	30.599	0	2	139	0.839	0.505	NA	0	NA	0	135
374	16	6	20.166	30.389	0	2	116	1.189	0.63	NA	0.35	NA	-143.13	-143.13
375	16	7	20.376	30.459	0	2	163	1.41	0.598	NA	0.221	NA	18.435	161.565
376	16	8	20.446	30.529	0	2	151	1.51	0.565	NA	0.099	NA	45	26.565
377	16	9	20.446	30.599	0	2	128	1.58	0.505	NA	0.07	NA	90	45
378	16	10	20.096	30.669	0	2	198	1.937	0.357	NA	0.357	NA	168.69	78.69
379	16	11	20.236	30.669	0	2	116	2.077	0.357	NA	0.14	NA	0	-168.69
380	16	12	20.236	30.529	0	2	139	2.217	0.495	NA	0.14	NA	-90	-90
381	16	13	20.236	30.529	0	2	186	2.217	0.495	NA	0	NA	0	90
382	16	14	20.306	30.599	0	2	116	2.316	0.443	NA	0.099	NA	45	45
383	16	15	20.306	30.599	0	2	116	2.316	0.443	NA	0	NA	0	-45
384	16	16	20.306	30.599	0	2	221	2.316	0.443	NA	0	NA	0	0
385	16	17	20.306	30.599	0	2	244	2.316	0.443	NA	0	NA	0	0
386	16	18	20.236	30.599	0	2	209	2.386	0.426	NA	0.07	NA	180	180
387	16	19	20.516	30.599	0	2	255	2.666	0.547	NA	0.28	NA	0	-180
388	16	20	20.446	30.599	0	2	174	2.736	0.505	NA	0.07	NA	180	180
389	16	21	20.306	30.529	0	2	163	2.892	0.51	NA	0.157	NA	-153.435	26.565
390	16	22	20.166	30.389	0	2	221	3.09	0.63	NA	0.198	NA	-135	18.435
391	16	23	20.166	30.389	0	2	163	3.09	0.63	NA	0	NA	0	135
392	16	24	20.166	30.389	0	2	198	3.09	0.63	NA	0	NA	0	0
393	16	25	20.166	30.389	0	2	151	3.09	0.63	NA	0	NA	0	0
394	16	26	20.446	30.459	0	2	198	3.379	0.626	NA	0.289	NA	14.036	14.036
395	16	27	20.446	30.459	0	2	244	3.379	0.626	NA	0	NA	0	-14.036
396	16	28	20.306	30.459	0	2	186	3.519	0.577	NA	0.14	NA	180	180
397	16	29	20.376	30.459	0	2	244	3.589	0.598	NA	0.07	NA	0	-180
398	16	30	20.446	30.459	0	2	116	3.659	0.626	NA	0.07	NA	0	0
399	16	31	20.096	30.319	0	2	255	4.036	0.704	NA	0.377	NA	-158.199	-158.199
400	16	32	20.166	30.389	0	2	151	4.135	0.63	NA	0.099	NA	45	-156.801
401	16	33	20.166	30.389	0	2	255	4.135	0.63	NA	0	NA	0	-45
402	16	34	20.166	30.389	0	2	128	4.135	0.63	NA	0	NA	0	0
403	16	35	20.376	30.389	0	2	174	4.345	0.664	NA	0.21	NA	0	0
404	16	36	20.376	30.389	0	2	81	4.345	0.664	NA	0	NA	0	0
405	16	37	20.516	30.459	0	2	128	4.502	0.661	NA	0.157	NA	26.565	26.565
406	16	38	20.586	30.459	0	2	116	4.572	0.7	NA	0.07	NA	0	-26.565
407	16	39	20.586	30.389	0	2	186	4.642	0.757	NA	0.07	NA	-90	-90
408	16	40	20.586	30.389	0	2	233	4.642	0.757	NA	0	NA	0	90
409	16	41	20.656	30.319	0	2	255	4.741	0.855	NA	0.099	NA	-45	-45
410	16	42	20.656	30.319	0	2	128	4.741	0.855	NA	0	NA	0	45
411	16	43	20.656	30.319	0	2	255	4.741	0.855	NA	0	NA	0	0
412	16	44	20.656	30.319	0	2	255	4.741	0.855	NA	0	NA	0	0
413	16	45	20.656	30.319	0	2	116	4.741	0.855	NA	0	NA	0	0
414	16	46	20.446	30.459	0	2	255	4.994	0.626	NA	0.252	NA	146.31	146.31
415	16	47	20.446	30.599	0	2	255	5.134	0.505	NA	0.14	NA	90	-56.31
416	17	1	23.037	29.129	0	2	81	0	0	NA	NA	NA	NA	NA
417	17	2	23.247	29.129	0	2	81	0.21	0.21	NA	0.21	NA	0	NA
418	17	3	23.247	29.409	0	2	23	0.49	0.35	NA	0.28	NA	90	90
419	17	4	22.547	29.409	0	2	69	1.19	0.565	NA	0.7	NA	180	90
420	17	5	22.617	29.689	0	2	46	1.479	0.7	NA	0.289	NA	75.964	-104.036
421	17	6	22.617	29.759	0	2	0	1.549	0.757	NA	0.07	NA	90	14.036
422	17	7	22.407	29.759	0	2	198	1.759	0.891	NA	0.21	NA	180	90
423	17	8	22.197	29.759	0	2	81	1.969	1.05	NA	0.21	NA	180	0
424	17	9	22.197	29.759	0	2	151	1.969	1.05	NA	0	NA	0	-180
425	17	10	22.407	29.969	0	2	151	2.266	1.05	NA	0.297	NA	45	45
426	17	11	22.477	30.039	0	2	46	2.365	1.069	NA	0.099	NA	45	0
427	17	12	23.037	30.039	0	2	23	2.925	0.91	NA	0.56	NA	0	-45
428	17	13	23.037	30.039	0	2	46	2.925	0.91	NA	0	NA	0	0
429	17	14	23.317	30.249	0	2	11	3.276	1.155	NA	0.35	NA	36.87	36.87
430	18	1	23.107	28.639	0	2	46	0	0	NA	NA	NA	NA	NA
431	18	2	23.107	28.499	0	2	23	0.14	0.14	NA	0.14	NA	-90	NA
432	18	3	23.177	28.009	0	2	11	0.635	0.634	NA	0.495	NA	-81.87	8.13
433	18	4	22.407	27.098	0	2	23	1.828	1.692	NA	1.192	NA	-130.236	-48.366
434	18	5	22.547	27.238	0	2	81	2.026	1.508	NA	0.198	NA	45	175.236
435	18	6	22.757	27.238	0	2	104	2.236	1.444	NA	0.21	NA	0	-45
436	18	7	22.967	27.168	0	2	81	2.457	1.477	NA	0.221	NA	-18.435	-18.435
437	18	8	22.617	27.098	0	2	69	2.814	1.617	NA	0.357	NA	-168.69	-150.255
438	18	9	22.967	27.098	0	2	23	3.164	1.547	NA	0.35	NA	0	168.69
439	18	10	22.547	27.098	0	2	34	3.584	1.639	NA	0.42	NA	180	180
440	18	11	22.477	26.468	0	2	81	4.218	2.26	NA	0.634	NA	-96.34	83.66
441	18	12	22.687	25.838	0	2	23	4.883	2.832	NA	0.664	NA	-71.565	24.775
442	18	13	22.687	25.488	0	2	34	5.233	3.179	NA	0.35	NA	-90	-18.435
443	18	14	22.967	24.858	0	2	0	5.923	3.784	NA	0.69	NA	-66.038	23.962
444	18	15	22.687	24.928	0	2	69	6.211	3.735	NA	0.289	NA	165.964	-127.999
445	19	1	35.361	33.89	0	2	93	0	0	NA	NA	NA	NA	NA
446	19	2	34.941	32.63	0	2	46	1.329	1.329	NA	1.329	NA	-108.435	NA
447	19	3	34.101	31.58	0	2	46	2.674	2.632	NA	1.345	NA	-128.66	-20.225
448	19	4	32.84	27.939	0	2	0	6.527	6.464	NA	3.853	NA	-109.093	19.566
449	19	5	32.14	26.188	0	2	23	8.412	8.349	NA	1.885	NA	-111.801	-2.708
450	19	6	30.88	25.068	0	2	11	10.098	9.896	NA	1.686	NA	-138.366	-26.565
451	19	7	30.809	24.578	0	2	233	10.594	10.366	NA	0.495	NA	-98.13	40.236
452	19	8	30.809	24.718	0	2	198	10.734	10.24	NA	0.14	NA	90	-171.87
453	19	9	31.44	26.678	0	2	209	12.793	8.209	NA	2.059	NA	72.181	-17.819
454	19	10	31.86	28.289	0	2	104	14.457	6.606	NA	1.664	NA	75.379	3.198
455	19	11	32.42	30.529	0	2	93	16.767	4.466	NA	2.31	NA	75.964	0.585
456	19	12	32.7	31.51	0	2	116	17.787	3.57	NA	1.02	NA	74.055	-1.909
457	19	13	34.311	33.61	0	2	34	20.434	1.087	NA	2.647	NA	52.524	-21.531
458	19	14	35.641	35.291	0	2	34	22.577	1.428	NA	2.143	NA	51.633	-0.891
459	19	15	35.991	34.801	0	2	34	23.179	1.107	NA	0.602	NA	-54.462	-106.095
460	19	16	35.921	34.661	0	2	34	23.336	0.952	NA	0.157	NA	-116.565	-62.103
461	20	1	35.011	31.72	0	2	0	0	0	NA	NA	NA	NA	NA
462	20	2	33.68	30.249	0	2	0	1.983	1.983	NA	1.983	NA	-132.138	NA
463	20	3	33.05	29.339	0	2	69	3.09	3.084	NA	1.107	NA	-124.695	7.442
464	20	4	32.7	28.359	0	2	69	4.131	4.079	NA	1.041	NA	-109.654	15.041
465	20	5	31.93	26.678	0	2	151	5.98	5.908	NA	1.849	NA	-114.624	-4.97
466	20	6	32.35	26.188	0	2	209	6.625	6.138	NA	0.646	NA	-49.399	65.225
467	20	7	31.86	25.418	0	2	255	7.538	7.046	NA	0.913	NA	-122.471	-73.072
468	20	8	31.58	25.208	0	2	209	7.888	7.361	NA	0.35	NA	-143.13	-20.659
469	20	9	31.93	25.348	0	2	69	8.265	7.078	NA	0.377	NA	21.801	164.932
470	20	10	31.93	25.558	0	2	255	8.475	6.889	NA	0.21	NA	90	68.199
471	20	11	32.28	26.048	0	2	58	9.078	6.295	NA	0.602	NA	54.462	-35.538
472	20	12	32.07	25.838	0	2	46	9.375	6.576	NA	0.297	NA	-135	170.538
473	20	13	31.37	24.227	0	2	93	11.131	8.33	NA	1.756	NA	-113.499	21.501
474	20	14	31.65	23.737	0	2	104	11.696	8.661	NA	0.565	NA	-60.255	53.243
475	20	15	31.72	23.807	0	2	23	11.795	8.57	NA	0.099	NA	45	105.255
476	20	16	31.65	24.297	0	2	128	12.29	8.148	NA	0.495	NA	98.13	53.13
477	20	17	31.51	24.157	0	2	128	12.488	8.333	NA	0.198	NA	-135	126.87
478	20	18	31.51	24.017	0	2	69	12.628	8.461	NA	0.14	NA	-90	45
479	20	19	31.02	23.597	0	2	23	13.273	9.05	NA	0.646	NA	-139.399	-49.399
480	20	20	31.3	23.177	0	2	58	13.778	9.314	NA	0.505	NA	-56.31	83.089
481	20	21	31.3	23.317	0	2	104	13.918	9.186	NA	0.14	NA	90	146.31
482	20	22	31.44	23.317	0	2	128	14.058	9.13	NA	0.14	NA	0	-90
483	20	23	31.44	23.597	0	2	104	14.338	8.873	NA	0.28	NA	90	90
484	20	24	31.44	23.737	0	2	34	14.479	8.745	NA	0.14	NA	90	0
485	20	25	31.44	23.667	0	2	34	14.549	8.809	NA	0.07	NA	-90	-180
486	20	26	31.58	23.597	0	2	34	14.705	8.817	NA	0.157	NA	-26.565	63.435
487	20	27	31.58	23.527	0	2	34	14.775	8.882	NA	0.07	NA	-90	-63.435
488	20	28	31.72	23.667	0	2	23	14.973	8.699	NA	0.198	NA	45	135
489	20	29	31.93	23.457	0	2	58	15.27	8.818	NA	0.297	NA	-45	-90
490	20	30	31.79	23.387	0	2	23	15.427	8.933	NA	0.157	NA	-153.435	-108.435
491	20	31	31.58	23.807	0	2	11	15.897	8.624	NA	0.47	NA	116.565	-90
492	20	32	31.72	23.807	0	2	46	16.037	8.57	NA	0.14	NA	0	-116.565
493	20	33	32.49	25.138	0	2	163	17.574	7.048	NA	1.537	NA	59.931	59.931
494	20	34	32.14	24.858	0	2	58	18.022	7.438	NA	0.448	NA	-141.34	158.728
495	20	35	32.07	24.858	0	2	34	18.092	7.466	NA	0.07	NA	180	-38.66
496	20	36	32.07	24.648	0	2	23	18.302	7.659	NA	0.21	NA	-90	90
497	20	37	31.93	24.648	0	2	93	18.442	7.714	NA	0.14	NA	180	-90
498	20	38	31.86	24.858	0	2	244	18.664	7.551	NA	0.221	NA	108.435	-71.565
499	20	39	31.51	24.087	0	2	23	19.51	8.397	NA	0.846	NA	-114.444	137.121
500	20	40	31.65	23.877	0	2	23	19.762	8.532	NA	0.252	NA	-56.31	58.134
501	20	41	31.23	24.087	0	2	93	20.232	8.518	NA	0.47	NA	153.435	-150.255
502	21	1	29.969	29.549	0	2	46	0	0	NA	NA	NA	NA	NA
503	21	2	29.899	29.969	0	2	34	0.426	0.426	NA	0.426	NA	99.462	NA
504	21	3	29.829	29.969	0	2	0	0.496	0.443	NA	0.07	NA	180	80.538
505	21	4	30.179	29.479	0	2	34	1.098	0.221	NA	0.602	NA	-54.462	125.538
506	21	5	30.179	29.479	0	2	11	1.098	0.221	NA	0	NA	0	54.462
507	21	6	30.039	29.689	0	2	11	1.351	0.157	NA	0.252	NA	123.69	123.69
508	21	7	29.619	29.059	0	2	46	2.108	0.602	NA	0.757	NA	-123.69	112.62
509	21	8	29.269	28.989	0	2	93	2.465	0.897	NA	0.357	NA	-168.69	-45
510	21	9	29.269	28.499	0	2	69	2.955	1.262	NA	0.49	NA	-90	78.69
511	21	10	29.269	28.429	0	2	104	3.025	1.321	NA	0.07	NA	-90	0
512	21	11	29.059	28.149	0	2	58	3.375	1.67	NA	0.35	NA	-126.87	-36.87
513	21	12	29.059	28.149	0	2	69	3.375	1.67	NA	0	NA	0	126.87
514	21	13	29.059	28.149	0	2	58	3.375	1.67	NA	0	NA	0	0
515	21	14	29.059	28.149	0	2	58	3.375	1.67	NA	0	NA	0	0
516	21	15	29.339	28.289	0	2	34	3.689	1.409	NA	0.313	NA	26.565	26.565
517	21	16	29.479	28.779	0	2	46	4.198	0.913	NA	0.51	NA	74.055	47.49
518	21	17	29.549	28.709	0	2	46	4.297	0.939	NA	0.099	NA	-45	-119.055
519	21	18	29.549	28.499	0	2	34	4.507	1.131	NA	0.21	NA	-90	-45
520	21	19	29.619	28.779	0	2	34	4.796	0.846	NA	0.289	NA	75.964	165.964
521	21	20	29.549	28.849	0	2	116	4.895	0.817	NA	0.099	NA	135	59.036
522	21	21	29.899	28.989	0	2	23	5.272	0.565	NA	0.377	NA	21.801	-113.199
523	21	22	29.899	29.199	0	2	46	5.482	0.357	NA	0.21	NA	90	68.199
524	21	23	29.409	28.919	0	2	93	6.047	0.843	NA	0.565	NA	-150.255	119.745
525	21	24	29.759	29.199	0	2	151	6.495	0.408	NA	0.448	NA	38.66	-171.085
526	21	25	29.759	29.199	0	2	58	6.495	0.408	NA	0	NA	0	-38.66
527	21	26	30.039	29.199	0	2	11	6.775	0.357	NA	0.28	NA	0	0
528	21	27	29.829	29.199	0	2	34	6.985	0.377	NA	0.21	NA	180	180
529	21	28	29.689	29.199	0	2	46	7.125	0.448	NA	0.14	NA	180	0
530	21	29	29.759	28.849	0	2	34	7.482	0.731	NA	0.357	NA	-78.69	101.31
531	21	30	29.689	28.639	0	2	81	7.704	0.952	NA	0.221	NA	-108.435	-29.745
532	21	31	29.619	28.779	0	2	104	7.86	0.846	NA	0.157	NA	116.565	-135
533	21	32	29.969	28.779	0	2	81	8.211	0.77	NA	0.35	NA	0	-116.565
534	21	33	29.829	29.059	0	2	23	8.524	0.51	NA	0.313	NA	116.565	116.565
535	21	34	30.319	29.059	0	2	11	9.014	0.602	NA	0.49	NA	0	-116.565
536	21	35	30.389	28.989	0	2	58	9.113	0.7	NA	0.099	NA	-45	-45
537	21	36	30.039	28.919	0	2	23	9.47	0.634	NA	0.357	NA	-168.69	-123.69
538	21	37	29.969	28.849	0	2	46	9.569	0.7	NA	0.099	NA	-135	33.69
539	21	38	29.969	28.849	0	2	81	9.569	0.7	NA	0	NA	0	135
540	21	39	30.319	28.989	0	2	58	9.946	0.661	NA	0.377	NA	21.801	21.801
541	21	40	30.599	29.199	0	2	11	10.296	0.721	NA	0.35	NA	36.87	15.068
542	22	1	36.831	36.761	0	2	11	0	0	NA	NA	NA	NA	NA
543	22	2	37.392	37.672	0	2	34	1.069	1.069	NA	1.069	NA	58.392	NA
544	22	3	37.882	38.232	0	2	0	1.813	1.807	NA	0.744	NA	48.814	-9.578
545	22	4	37.672	38.232	0	2	0	2.023	1.694	NA	0.21	NA	180	131.186
546	22	5	37.672	38.302	0	2	23	2.093	1.755	NA	0.07	NA	90	-90
547	23	1	38.162	35.501	0	2	0	0	0	NA	NA	NA	NA	NA
548	23	2	38.232	35.221	0	2	23	0.289	0.289	NA	0.289	NA	-75.964	NA
549	23	3	38.232	35.571	0	2	34	0.639	0.099	NA	0.35	NA	90	165.964
550	23	4	38.372	35.711	0	2	81	0.837	0.297	NA	0.198	NA	45	-45
551	23	5	38.512	36.061	0	2	0	1.214	0.661	NA	0.377	NA	68.199	23.199
552	23	6	38.582	36.061	0	2	11	1.284	0.7	NA	0.07	NA	0	-68.199
553	23	7	38.372	36.271	0	2	58	1.581	0.798	NA	0.297	NA	135	135
554	23	8	38.722	36.271	0	2	0	1.931	0.952	NA	0.35	NA	0	-135
555	23	9	38.722	36.271	0	2	0	1.931	0.952	NA	0	NA	0	0
556	23	10	38.512	36.131	0	2	23	2.184	0.721	NA	0.252	NA	-146.31	-146.31
557	23	11	38.372	36.131	0	2	46	2.324	0.664	NA	0.14	NA	180	-33.69
558	23	12	38.722	36.341	0	2	23	2.732	1.01	NA	0.408	NA	30.964	-149.036
559	23	13	38.512	36.341	0	2	11	2.942	0.91	NA	0.21	NA	180	149.036
560	23	14	38.582	36.201	0	2	0	3.099	0.817	NA	0.157	NA	-63.435	116.565
561	23	15	38.722	36.061	0	2	0	3.297	0.792	NA	0.198	NA	-45	18.435
562	23	16	38.582	36.201	0	2	34	3.495	0.817	NA	0.198	NA	135	180
563	23	17	38.582	35.921	0	2	11	3.775	0.594	NA	0.28	NA	-90	135
564	23	18	38.512	36.131	0	2	46	3.996	0.721	NA	0.221	NA	108.435	-161.565
565	24	1	32.98	29.129	0	2	104	0	0	NA	NA	NA	NA	NA
566	24	2	33.89	30.319	0	2	34	1.499	1.499	NA	1.499	NA	52.595	NA
567	24	3	34.871	31.65	0	2	34	3.151	3.151	NA	1.653	NA	53.616	1.021
568	24	4	35.151	33.26	0	2	0	4.786	4.667	NA	1.635	NA	80.134	26.519
569	24	5	35.991	33.33	0	2	0	5.629	5.169	NA	0.843	NA	4.764	-75.371
570	24	6	35.571	32.91	0	2	58	6.223	4.584	NA	0.594	NA	-135	-139.764
571	25	1	28.779	27.448	0	2	23	0	0	NA	NA	NA	NA	NA
572	25	2	27.448	24.788	0	2	11	2.975	2.975	NA	2.975	NA	-116.565	NA
573	25	3	27.378	25.068	0	2	23	3.264	2.762	NA	0.289	NA	104.036	-139.399
574	25	4	27.588	25.068	0	2	34	3.474	2.662	NA	0.21	NA	0	-104.036
575	25	5	27.659	25.208	0	2	0	3.63	2.505	NA	0.157	NA	63.435	63.435
576	25	6	27.588	25.768	0	2	128	4.195	2.059	NA	0.565	NA	97.125	33.69
577	25	7	27.729	26.048	0	2	34	4.508	1.751	NA	0.313	NA	63.435	-33.69
578	25	8	28.079	26.048	0	2	11	4.858	1.566	NA	0.35	NA	0	-63.435
579	25	9	27.659	26.048	0	2	81	5.278	1.793	NA	0.42	NA	180	180
580	26	1	26.888	25.278	0	2	23	0	0	NA	NA	NA	NA	NA
581	26	2	26.958	24.788	0	2	81	0.495	0.495	NA	0.495	NA	-81.87	NA
582	26	3	27.168	24.718	0	2	46	0.717	0.626	NA	0.221	NA	-18.435	63.435
583	26	4	27.588	24.788	0	2	23	1.142	0.855	NA	0.426	NA	9.462	27.897
584	26	5	27.518	25.418	0	2	174	1.777	0.646	NA	0.634	NA	96.34	86.878
585	26	6	27.168	25.488	0	2	58	2.134	0.35	NA	0.357	NA	168.69	72.35
586	26	7	27.308	25.628	0	2	58	2.332	0.547	NA	0.198	NA	45	-123.69
587	26	8	27.448	25.208	0	2	69	2.774	0.565	NA	0.443	NA	-71.565	-116.565
588	26	9	27.588	24.578	0	2	93	3.42	0.99	NA	0.646	NA	-77.471	-5.906
589	26	10	27.659	24.788	0	2	139	3.641	0.913	NA	0.221	NA	71.565	149.036
590	26	11	27.659	24.788	0	2	93	3.641	0.913	NA	0	NA	0	-71.565
591	26	12	27.448	24.788	0	2	34	3.852	0.744	NA	0.21	NA	180	180
592	26	13	27.869	24.648	0	2	11	4.294	1.165	NA	0.443	NA	-18.435	161.565
593	26	14	28.079	25.138	0	2	34	4.828	1.199	NA	0.533	NA	66.801	85.236
594	26	15	27.168	25.768	0	2	34	5.935	0.565	NA	1.107	NA	145.305	78.503
595	26	16	27.518	25.838	0	2	11	6.292	0.843	NA	0.357	NA	11.31	-133.995
596	26	17	27.518	25.628	0	2	34	6.502	0.721	NA	0.21	NA	-90	-101.31
597	26	18	27.588	25.558	0	2	34	6.601	0.754	NA	0.099	NA	-45	45
598	27	1	37.462	33.96	0	2	11	0	0	NA	NA	NA	NA	NA
599	27	2	36.201	31.65	0	2	23	2.632	2.632	NA	2.632	NA	-118.61	NA
600	27	3	35.151	29.619	0	2	11	4.918	4.918	NA	2.286	NA	-117.35	1.261
601	27	4	33.54	26.468	0	2	0	8.457	8.456	NA	3.539	NA	-117.072	0.278
602	27	5	34.03	27.238	0	2	46	9.37	7.547	NA	0.913	NA	57.529	174.601
603	27	6	35.081	29.829	0	2	23	12.166	4.768	NA	2.796	NA	67.932	10.403
604	27	7	35.711	30.389	0	2	11	13.009	3.977	NA	0.843	NA	41.634	-26.299
605	27	8	36.271	32.21	0	2	46	14.914	2.117	NA	1.905	NA	72.897	31.264
606	27	9	36.971	32.56	0	2	69	15.696	1.484	NA	0.783	NA	26.565	-46.332
607	27	10	36.831	32.56	0	2	46	15.836	1.536	NA	0.14	NA	180	153.435
608	27	11	36.971	33.75	0	2	116	17.035	0.533	NA	1.199	NA	83.29	-96.71
609	27	12	37.532	34.03	0	2	34	17.661	0.099	NA	0.626	NA	26.565	-56.725
610	27	13	36.971	33.75	0	2	93	18.288	0.533	NA	0.626	NA	-153.435	-180
611	27	14	37.392	33.89	0	2	46	18.73	0.099	NA	0.443	NA	18.435	171.87
612	27	15	36.901	33.89	0	2	69	19.221	0.565	NA	0.49	NA	180	161.565
613	27	16	37.041	33.96	0	2	23	19.377	0.42	NA	0.157	NA	26.565	-153.435
614	27	17	37.602	34.311	0	2	23	20.038	0.377	NA	0.661	NA	32.005	5.44
615	27	18	37.392	33.54	0	2	23	20.836	0.426	NA	0.798	NA	-105.255	-137.261
616	27	19	37.532	33.47	0	2	58	20.993	0.495	NA	0.157	NA	-26.565	78.69
617	27	20	36.691	31.93	0	2	93	22.747	2.172	NA	1.755	NA	-118.61	-92.045
618	27	21	35.921	30.95	0	2	46	23.994	3.382	NA	1.247	NA	-128.157	-9.547
619	27	22	35.781	30.599	0	2	116	24.371	3.758	NA	0.377	NA	-111.801	16.356
620	27	23	35.921	30.249	0	2	23	24.748	4.018	NA	0.377	NA	-68.199	43.603
621	27	24	35.501	30.529	0	2	23	25.253	3.952	NA	0.505	NA	146.31	-145.491
622	27	25	36.341	31.23	0	2	58	26.347	2.952	NA	1.094	NA	39.806	-106.504
623	28	1	37.111	34.801	0	2	34	0	0	NA	NA	NA	NA	NA
624	28	2	37.672	34.801	0	2	46	0.56	0.56	NA	0.56	NA	0	NA
625	28	3	37.602	34.801	0	2	93	0.63	0.49	NA	0.07	NA	180	180
626	28	4	37.462	34.731	0	2	151	0.787	0.357	NA	0.157	NA	-153.435	26.565
627	28	5	37.462	34.731	0	2	34	0.787	0.357	NA	0	NA	0	153.435
628	28	6	38.302	36.971	0	2	23	3.18	2.476	NA	2.393	NA	69.444	69.444
629	29	1	37.251	37.532	0	2	69	0	0	NA	NA	NA	NA	NA
630	29	2	37.251	37.321	0	2	23	0.21	0.21	NA	0.21	NA	-90	NA
631	29	3	37.181	37.321	0	2	139	0.28	0.221	NA	0.07	NA	180	-90
632	29	4	37.111	37.111	0	2	81	0.502	0.443	NA	0.221	NA	-108.435	71.565
633	29	5	36.971	36.341	0	2	46	1.284	1.223	NA	0.783	NA	-100.305	8.13
634	29	6	36.621	36.201	0	2	69	1.661	1.472	NA	0.377	NA	-158.199	-57.894
635	29	7	36.481	35.291	0	2	11	2.582	2.369	NA	0.921	NA	-98.746	59.452
636	29	8	35.851	34.871	0	2	23	3.34	3.007	NA	0.757	NA	-146.31	-47.564
637	29	9	35.221	33.96	0	2	46	4.447	4.108	NA	1.107	NA	-124.695	21.615
638	29	10	35.291	34.801	0	2	0	5.29	3.362	NA	0.843	NA	85.236	-150.068
639	29	11	35.431	34.521	0	2	11	5.603	3.519	NA	0.313	NA	-63.435	-148.671
640	29	12	35.081	33.19	0	2	23	6.979	4.854	NA	1.376	NA	-104.744	-41.309
641	29	13	34.381	32.35	0	2	46	8.073	5.924	NA	1.094	NA	-129.806	-25.062
642	29	14	34.451	32.07	0	2	69	8.361	6.138	NA	0.289	NA	-75.964	53.842
643	29	15	33.82	31.93	0	2	23	9.007	6.569	NA	0.646	NA	-167.471	-91.507
644	29	16	34.451	32.35	0	2	46	9.764	5.89	NA	0.757	NA	33.69	-158.839
645	29	17	34.521	31.37	0	2	34	10.747	6.74	NA	0.983	NA	-85.914	-119.604
646	30	1	37.952	34.731	0	2	46	0	0	NA	NA	NA	NA	NA
647	30	2	37.602	34.661	0	2	174	0.357	0.357	NA	0.357	NA	-168.69	NA
648	30	3	37.602	34.661	0	2	69	0.357	0.357	NA	0	NA	0	168.69
649	30	4	36.691	33.33	0	2	198	1.969	1.884	NA	1.612	NA	-124.38	-124.38
650	30	5	36.761	33.12	0	2	151	2.19	2.003	NA	0.221	NA	-71.565	52.815
651	30	6	36.551	32.84	0	2	116	2.541	2.353	NA	0.35	NA	-126.87	-55.305
652	30	7	35.641	30.389	0	2	23	5.155	4.918	NA	2.614	NA	-110.376	16.493
653	30	8	35.151	30.179	0	2	69	5.688	5.344	NA	0.533	NA	-156.801	-46.425
654	30	9	34.661	29.059	0	2	46	6.911	6.557	NA	1.223	NA	-113.629	43.172
655	30	10	33.89	27.588	0	2	34	8.571	8.216	NA	1.66	NA	-117.646	-4.017
656	31	1	38.162	36.411	0	2	34	0	0	NA	NA	NA	NA	NA
657	31	2	38.302	36.481	0	2	11	0.157	0.157	NA	0.157	NA	26.565	NA
658	31	3	38.162	36.691	0	2	34	0.409	0.28	NA	0.252	NA	123.69	97.125
659	31	4	38.302	36.691	0	2	11	0.549	0.313	NA	0.14	NA	0	-123.69
660	31	5	38.302	37.041	0	2	23	0.899	0.646	NA	0.35	NA	90	90
661	31	6	38.302	37.041	0	2	0	0.899	0.646	NA	0	NA	0	-90
662	31	7	38.162	36.061	0	2	34	1.889	0.35	NA	0.99	NA	-98.13	-98.13
663	31	8	38.022	35.991	0	2	11	2.046	0.443	NA	0.157	NA	-153.435	-55.305
664	31	9	37.462	35.081	0	2	69	3.115	1.503	NA	1.069	NA	-121.608	31.827
665	31	10	37.392	34.871	0	2	93	3.336	1.722	NA	0.221	NA	-108.435	13.173
666	31	11	38.022	34.941	0	2	0	3.97	1.477	NA	0.634	NA	6.34	114.775
667	31	12	37.602	34.941	0	2	46	4.39	1.574	NA	0.42	NA	180	173.66
668	31	13	37.742	35.151	0	2	11	4.643	1.329	NA	0.252	NA	56.31	-123.69
669	31	14	37.742	35.081	0	2	23	4.713	1.395	NA	0.07	NA	-90	-146.31
670	31	15	37.462	35.081	0	2	93	4.993	1.503	NA	0.28	NA	180	-90
671	31	16	37.251	34.941	0	2	58	5.246	1.729	NA	0.252	NA	-146.31	33.69
672	31	17	37.672	34.941	0	2	11	5.666	1.55	NA	0.42	NA	0	146.31
673	31	18	37.882	34.801	0	2	0	5.918	1.635	NA	0.252	NA	-33.69	-33.69
674	31	19	37.392	35.081	0	2	58	6.483	1.537	NA	0.565	NA	150.255	-176.055
675	32	1	30.88	25.418	0	2	34	0	0	NA	NA	NA	NA	NA
676	32	2	30.88	24.998	0	2	104	0.42	0.42	NA	0.42	NA	-90	NA
677	32	3	30.739	23.947	0	2	128	1.48	1.477	NA	1.06	NA	-97.595	-7.595
678	32	4	30.529	23.457	0	2	69	2.013	1.992	NA	0.533	NA	-113.199	-15.604
679	32	5	31.16	24.858	0	2	104	3.549	0.626	NA	1.536	NA	65.772	178.971
680	32	6	31.44	27.028	0	2	34	5.737	1.705	NA	2.189	NA	82.648	16.875
681	32	7	32.42	27.799	0	2	34	6.984	2.836	NA	1.247	NA	38.157	-44.49
682	32	8	32.98	30.529	0	2	0	9.772	5.526	NA	2.788	NA	78.408	40.251
683	32	9	34.241	32.98	0	2	46	12.528	8.276	NA	2.756	NA	62.784	-15.624
684	32	10	35.011	33.75	0	2	23	13.617	9.3	NA	1.089	NA	45	-17.784
685	32	11	35.711	34.801	0	2	0	14.879	10.554	NA	1.262	NA	56.31	11.31
686	32	12	36.411	36.131	0	2	34	16.383	12.057	NA	1.503	NA	62.241	5.932
687	32	13	36.481	36.201	0	2	104	16.482	12.152	NA	0.099	NA	45	-17.241
688	32	14	37.041	36.901	0	2	58	17.378	13.032	NA	0.897	NA	51.34	6.34
689	33	1	32.14	31.23	0	2	11	0	0	NA	NA	NA	NA	NA
690	33	2	32	31.44	0	2	58	0.252	0.252	NA	0.252	NA	123.69	NA
691	33	3	31.65	31.44	0	2	23	0.603	0.533	NA	0.35	NA	180	56.31
692	33	4	30.95	30.669	0	2	69	1.644	1.316	NA	1.041	NA	-132.274	47.726
693	33	5	30.389	29.899	0	2	58	2.596	2.199	NA	0.952	NA	-126.027	6.246
694	33	6	29.969	29.129	0	2	23	3.473	3.021	NA	0.877	NA	-118.61	7.417
695	34	1	33.82	30.249	0	2	46	0	0	NA	NA	NA	NA	NA
696	34	2	33.82	30.249	0	2	93	0	0	NA	0	NA	0	NA
697	34	3	34.03	30.95	0	2	0	0.731	0.731	NA	0.731	NA	73.301	73.301
698	34	4	33.68	29.899	0	2	116	1.838	0.377	NA	1.107	NA	-108.435	178.264
699	34	5	33.68	29.759	0	2	34	1.978	0.51	NA	0.14	NA	-90	18.435
700	34	6	33.68	28.919	0	2	11	2.818	1.338	NA	0.84	NA	-90	0
701	34	7	33.54	28.219	0	2	23	3.533	2.05	NA	0.714	NA	-101.31	-11.31
702	34	8	33.47	28.569	0	2	81	3.89	1.717	NA	0.357	NA	101.31	-157.38
703	34	9	33.19	28.569	0	2	104	4.17	1.795	NA	0.28	NA	180	78.69
704	34	10	33.26	28.359	0	2	0	4.391	1.972	NA	0.221	NA	-71.565	108.435
705	34	11	33.33	27.588	0	2	174	5.165	2.706	NA	0.773	NA	-84.806	-13.241
706	34	12	32.84	27.028	0	2	139	5.909	3.367	NA	0.744	NA	-131.186	-46.38
707	34	13	32.84	27.098	0	2	151	5.979	3.3	NA	0.07	NA	90	-138.814
708	34	14	32.84	27.098	0	2	23	5.979	3.3	NA	0	NA	0	-90
709	34	15	32.56	26.678	0	2	34	6.484	3.787	NA	0.505	NA	-123.69	-123.69
710	35	1	38.442	24.297	0	2	11	0	0	NA	NA	NA	NA	NA
711	35	2	38.372	24.718	0	2	11	0.426	0.426	NA	0.426	NA	99.462	NA
712	35	3	38.372	24.858	0	2	23	0.566	0.565	NA	0.14	NA	90	-9.462
713	35	4	38.302	24.998	0	2	0	0.723	0.714	NA	0.157	NA	116.565	26.565
714	35	5	38.372	24.578	0	2	69	1.148	0.289	NA	0.426	NA	-80.538	162.897
715	35	6	38.232	24.578	0	2	46	1.289	0.35	NA	0.14	NA	180	-99.462
716	35	7	38.512	24.438	0	2	46	1.602	0.157	NA	0.313	NA	-26.565	153.435
717	35	8	38.302	24.858	0	2	58	2.071	0.577	NA	0.47	NA	116.565	143.13
718	35	9	38.512	24.718	0	2	11	2.324	0.426	NA	0.252	NA	-33.69	-150.255
719	35	10	38.512	24.718	0	2	11	2.324	0.426	NA	0	NA	0	33.69
720	35	11	38.302	24.368	0	2	128	2.732	0.157	NA	0.408	NA	-120.964	-120.964
721	35	12	38.582	24.297	0	2	93	3.021	0.14	NA	0.289	NA	-14.036	106.928
722	35	13	38.302	24.157	0	2	128	3.334	0.198	NA	0.313	NA	-153.435	-139.399
723	35	14	38.022	24.157	0	2	104	3.614	0.443	NA	0.28	NA	180	-26.565
724	35	15	38.442	24.087	0	2	58	4.04	0.21	NA	0.426	NA	-9.462	170.538
725	35	16	38.232	24.017	0	2	104	4.261	0.35	NA	0.221	NA	-161.565	-152.103
726	35	17	38.232	24.227	0	2	23	4.471	0.221	NA	0.21	NA	90	-108.435
727	35	18	38.162	24.227	0	2	58	4.542	0.289	NA	0.07	NA	180	90
728	35	19	38.162	23.667	0	2	58	5.102	0.69	NA	0.56	NA	-90	90
729	35	20	38.092	23.527	0	2	198	5.258	0.846	NA	0.157	NA	-116.565	-26.565
730	35	21	38.372	23.527	0	2	128	5.538	0.773	NA	0.28	NA	0	116.565
731	35	22	38.162	23.737	0	2	186	5.835	0.626	NA	0.297	NA	135	135
732	35	23	38.372	23.877	0	2	46	6.088	0.426	NA	0.252	NA	33.69	-101.31
733	35	24	38.372	23.877	0	2	104	6.088	0.426	NA	0	NA	0	-33.69
734	35	25	38.302	23.877	0	2	58	6.158	0.443	NA	0.07	NA	180	180
735	35	26	38.302	23.877	0	2	81	6.158	0.443	NA	0	NA	0	-180
736	35	27	38.232	23.807	0	2	81	6.257	0.533	NA	0.099	NA	-135	-135
737	35	28	38.232	24.227	0	2	23	6.677	0.221	NA	0.42	NA	90	-135
738	35	29	38.232	24.297	0	2	151	6.747	0.21	NA	0.07	NA	90	0
739	35	30	38.442	24.297	0	2	93	6.957	0	NA	0.21	NA	0	-90
740	35	31	38.442	24.297	0	2	34	6.957	0	NA	0	NA	0	0
741	35	32	38.232	24.297	0	2	233	7.167	0.21	NA	0.21	NA	180	180
742	35	33	38.232	24.157	0	2	139	7.307	0.252	NA	0.14	NA	-90	90
743	35	34	37.812	23.317	0	2	93	8.247	1.165	NA	0.939	NA	-116.565	-26.565
744	36	1	37.952	26.958	0	2	116	0	0	NA	NA	NA	NA	NA
745	36	2	37.882	27.098	0	2	34	0.157	0.157	NA	0.157	NA	116.565	NA
746	36	3	38.092	27.098	0	2	23	0.367	0.198	NA	0.21	NA	0	-116.565
747	36	4	38.092	27.098	0	2	0	0.367	0.198	NA	0	NA	0	0
748	36	5	38.302	27.098	0	2	69	0.577	0.377	NA	0.21	NA	0	0
749	36	6	38.302	27.028	0	2	104	0.647	0.357	NA	0.07	NA	-90	-90
750	36	7	38.372	26.888	0	2	69	0.803	0.426	NA	0.157	NA	-63.435	26.565
751	36	8	38.442	26.888	0	2	0	0.873	0.495	NA	0.07	NA	0	63.435
752	36	9	38.022	26.888	0	2	116	1.293	0.099	NA	0.42	NA	180	180
753	36	10	38.232	26.818	0	2	81	1.515	0.313	NA	0.221	NA	-18.435	161.565
754	36	11	38.442	26.748	0	2	11	1.736	0.533	NA	0.221	NA	-18.435	0
755	36	12	38.372	26.678	0	2	46	1.835	0.505	NA	0.099	NA	-135	-116.565
756	36	13	38.512	27.098	0	2	11	2.278	0.577	NA	0.443	NA	71.565	-153.435
757	36	14	38.512	27.168	0	2	69	2.348	0.598	NA	0.07	NA	90	18.435
758	36	15	38.442	27.168	0	2	11	2.418	0.533	NA	0.07	NA	180	90
759	36	16	38.442	27.168	0	2	104	2.418	0.533	NA	0	NA	0	-180
760	36	17	38.512	27.168	0	2	23	2.488	0.598	NA	0.07	NA	0	0
761	36	18	36.551	25.558	0	2	23	5.026	1.981	NA	2.537	NA	-140.599	-140.599
762	36	19	35.431	24.368	0	2	93	6.66	3.615	NA	1.635	NA	-133.264	7.335
763	36	20	34.521	23.177	0	2	0	8.159	5.106	NA	1.499	NA	-127.405	5.859
764	36	21	33.12	21.637	0	2	81	10.241	7.188	NA	2.082	NA	-132.274	-4.868
765	37	1	37.532	25.628	0	2	93	0	0	NA	NA	NA	NA	NA
766	37	2	37.952	26.048	0	2	58	0.594	0.594	NA	0.594	NA	45	NA
767	37	3	37.952	26.048	0	2	23	0.594	0.594	NA	0	NA	0	-45
768	37	4	37.952	26.048	0	2	46	0.594	0.594	NA	0	NA	0	0
769	37	5	37.952	26.048	0	2	0	0.594	0.594	NA	0	NA	0	0
770	37	6	37.742	26.048	0	2	81	0.804	0.47	NA	0.21	NA	180	180
771	37	7	37.392	25.908	0	2	139	1.181	0.313	NA	0.377	NA	-158.199	21.801
772	37	8	37.392	25.908	0	2	139	1.181	0.313	NA	0	NA	0	158.199
773	37	9	37.462	25.908	0	2	69	1.251	0.289	NA	0.07	NA	0	0
774	37	10	37.181	25.558	0	2	34	1.7	0.357	NA	0.448	NA	-128.66	-128.66
775	37	11	37.532	25.488	0	2	46	2.057	0.14	NA	0.357	NA	-11.31	117.35
776	37	12	37.321	25.348	0	2	58	2.309	0.35	NA	0.252	NA	-146.31	-135
777	38	1	35.151	17.435	0	2	128	0	0	NA	NA	NA	NA	NA
778	38	2	35.571	17.645	0	2	46	0.47	0.47	NA	0.47	NA	26.565	NA
779	38	3	35.851	18.136	0	2	198	1.034	0.99	NA	0.565	NA	60.255	33.69
780	38	4	36.761	19.606	0	2	255	2.764	2.703	NA	1.729	NA	58.241	-2.015
781	38	5	37.321	20.726	0	2	255	4.016	3.942	NA	1.253	NA	63.435	5.194
782	38	6	36.971	19.676	0	2	11	5.123	2.887	NA	1.107	NA	-108.435	-171.87
783	38	7	35.781	18.276	0	2	81	6.961	1.05	NA	1.838	NA	-130.365	-21.93
784	38	8	34.801	16.875	0	2	34	8.671	0.661	NA	1.709	NA	-124.992	5.373
785	38	9	33.89	15.825	0	2	69	10.061	2.045	NA	1.39	NA	-130.914	-5.922
786	39	1	36.901	19.676	0	2	163	0	0	NA	NA	NA	NA	NA
787	39	2	35.851	18.486	0	2	69	1.587	1.587	NA	1.587	NA	-131.424	NA
788	39	3	33.89	16.315	0	2	58	4.513	4.512	NA	2.925	NA	-132.089	-0.665
789	39	4	33.12	15.825	0	2	58	5.425	5.397	NA	0.913	NA	-147.529	-15.44
790	39	5	33.61	16.315	0	2	93	6.119	4.704	NA	0.693	NA	45	-167.471
791	39	6	33.12	16.105	0	2	139	6.652	5.201	NA	0.533	NA	-156.801	158.199
792	39	7	33.26	15.685	0	2	93	7.095	5.403	NA	0.443	NA	-71.565	85.236
793	39	8	33.47	15.755	0	2	34	7.316	5.21	NA	0.221	NA	18.435	90
794	39	9	33.4	15.825	0	2	69	7.415	5.205	NA	0.099	NA	135	116.565
795	39	10	33.61	16.035	0	2	46	7.712	4.908	NA	0.297	NA	45	-90
796	39	11	34.941	17.575	0	2	34	9.748	2.873	NA	2.035	NA	49.185	4.185
797	39	12	35.571	17.855	0	2	151	10.437	2.255	NA	0.69	NA	23.962	-25.222
798	39	13	35.571	17.996	0	2	93	10.577	2.143	NA	0.14	NA	90	66.038
799	39	14	35.641	17.996	0	2	58	10.647	2.101	NA	0.07	NA	0	-90
800	39	15	35.641	18.206	0	2	81	10.858	1.937	NA	0.21	NA	90	90
801	39	16	35.081	17.855	0	2	139	11.518	2.575	NA	0.661	NA	-147.995	122.005
802	40	1	32.63	13.934	0	2	69	0	0	NA	NA	NA	NA	NA
803	40	2	34.801	16.525	0	2	34	3.38	3.38	NA	3.38	NA	50.042	NA
804	40	3	35.781	18.206	0	2	198	5.325	5.308	NA	1.946	NA	59.744	9.701
805	40	4	36.341	18.766	0	2	34	6.118	6.092	NA	0.792	NA	45	-14.744
806	40	5	37.742	21.147	0	2	34	8.88	8.84	NA	2.762	NA	59.534	14.534
807	40	6	39.702	25.348	0	2	0	13.516	13.427	NA	4.636	NA	64.983	5.449
808	40	7	39.702	25.348	0	2	0	13.516	13.427	NA	0	NA	0	-64.983
809	40	8	40.192	27.238	0	2	11	15.469	15.303	NA	1.953	NA	75.466	75.466
810	40	9	40.332	28.359	0	2	34	16.598	16.352	NA	1.129	NA	82.875	7.409
811	40	10	40.542	28.919	0	2	58	17.196	16.945	NA	0.598	NA	69.444	-13.431
812	40	11	40.192	27.588	0	2	11	18.572	15.609	NA	1.376	NA	-104.744	-174.188
813	40	12	39.982	26.678	0	2	23	19.506	14.713	NA	0.934	NA	-102.995	1.749
814	40	13	40.122	28.289	0	2	34	21.123	16.192	NA	1.617	NA	85.03	-171.975
815	40	14	39.772	27.098	0	2	81	22.364	14.977	NA	1.241	NA	-106.39	168.58
816	40	15	39.842	27.028	0	2	46	22.463	14.949	NA	0.099	NA	-45	61.39
817	40	16	38.652	23.947	0	2	46	25.766	11.684	NA	3.303	NA	-111.125	-66.125
818	40	17	39.422	26.258	0	2	34	28.201	14.072	NA	2.436	NA	71.565	-177.31
819	40	18	39.982	27.308	0	2	23	29.392	15.262	NA	1.19	NA	61.928	-9.638
820	40	19	40.963	30.389	0	2	46	32.625	18.445	NA	3.233	NA	72.35	10.422
821	41	1	32.56	15.615	0	2	139	0	0	NA	NA	NA	NA	NA
822	41	2	32.7	15.195	0	2	128	0.443	0.443	NA	0.443	NA	-71.565	NA
823	41	3	33.4	15.545	0	2	23	1.226	0.843	NA	0.783	NA	26.565	98.13
824	41	4	33.82	16.245	0	2	11	2.042	1.409	NA	0.817	NA	59.036	32.471
825	41	5	33.47	16.385	0	2	69	2.419	1.192	NA	0.377	NA	158.199	99.162
826	41	6	33.19	15.755	0	2	23	3.109	0.646	NA	0.69	NA	-113.962	87.839
827	41	7	32.7	14.635	0	2	34	4.332	0.99	NA	1.223	NA	-113.629	0.333
828	42	1	34.871	17.505	0	2	69	0	0	NA	NA	NA	NA	NA
829	42	2	35.221	17.645	0	2	93	0.377	0.377	NA	0.377	NA	21.801	NA
830	42	3	36.621	19.256	0	2	58	2.511	2.476	NA	2.134	NA	48.991	27.19
831	42	4	37.251	19.536	0	2	34	3.201	3.129	NA	0.69	NA	23.962	-25.028
832	42	5	37.462	20.026	0	2	34	3.734	3.615	NA	0.533	NA	66.801	42.839
833	42	6	38.302	21.707	0	2	46	5.613	5.424	NA	1.879	NA	63.435	-3.366
834	43	1	32.91	14.494	0	2	23	0	0	NA	NA	NA	NA	NA
835	43	2	33.05	15.335	0	2	81	0.852	0.852	NA	0.852	NA	80.538	NA
836	43	3	33.26	15.335	0	2	46	1.062	0.91	NA	0.21	NA	0	-80.538
837	43	4	33.26	15.335	0	2	34	1.062	0.91	NA	0	NA	0	0
838	43	5	33.61	15.545	0	2	104	1.47	1.262	NA	0.408	NA	30.964	30.964
839	43	6	35.711	17.295	0	2	34	4.205	3.961	NA	2.734	NA	39.806	8.842
840	43	7	35.991	19.116	0	2	46	6.047	5.554	NA	1.842	NA	81.254	41.448
841	43	8	36.691	19.186	0	2	81	6.75	6.026	NA	0.704	NA	5.711	-75.543
842	43	9	36.691	19.676	0	2	46	7.24	6.415	NA	0.49	NA	90	84.289
843	43	10	37.602	21.147	0	2	34	8.97	8.14	NA	1.729	NA	58.241	-31.759
844	43	11	38.792	24.648	0	2	11	12.668	11.734	NA	3.698	NA	71.222	12.981
845	43	12	38.442	24.998	0	2	23	13.163	11.871	NA	0.495	NA	135	63.778
846	44	1	39.282	26.538	0	2	69	0	0	NA	NA	NA	NA	NA
847	44	2	39.282	26.608	0	2	81	0.07	0.07	NA	0.07	NA	90	NA
848	44	3	39.352	26.118	0	2	58	0.565	0.426	NA	0.495	NA	-81.87	-171.87
849	44	4	39.492	26.748	0	2	23	1.211	0.297	NA	0.646	NA	77.471	159.341
850	44	5	39.212	27.098	0	2	11	1.659	0.565	NA	0.448	NA	128.66	51.189
851	44	6	39.002	26.678	0	2	23	2.129	0.313	NA	0.47	NA	-116.565	114.775
852	44	7	39.702	26.818	0	2	0	2.843	0.505	NA	0.714	NA	11.31	127.875
853	44	8	39.282	26.818	0	2	11	3.263	0.28	NA	0.42	NA	180	168.69
854	44	9	38.582	26.958	0	2	46	3.977	0.817	NA	0.714	NA	168.69	-11.31
855	44	10	38.512	26.398	0	2	69	4.542	0.783	NA	0.565	NA	-97.125	94.185
856	45	1	40.823	31.09	0	2	23	0	0	NA	NA	NA	NA	NA
857	45	2	38.862	28.219	0	2	46	3.476	3.476	NA	3.476	NA	-124.33	NA
858	45	3	38.022	26.468	0	2	58	5.418	5.404	NA	1.942	NA	-115.641	8.689
859	45	4	37.812	24.087	0	2	23	7.808	7.622	NA	2.39	NA	-95.042	20.599
860	45	5	37.672	26.258	0	2	104	9.983	5.768	NA	2.175	NA	93.691	-171.266
861	45	6	38.092	27.308	0	2	34	11.115	4.664	NA	1.131	NA	68.199	-25.493
862	45	7	38.372	27.939	0	2	23	11.804	3.992	NA	0.69	NA	66.038	-2.161
863	46	1	36.131	18.626	0	2	128	0	0	NA	NA	NA	NA	NA
864	46	2	36.481	19.326	0	2	58	0.783	0.783	NA	0.783	NA	63.435	NA
865	46	3	36.691	19.746	0	2	58	1.253	1.253	NA	0.47	NA	63.435	0
866	46	4	36.971	19.536	0	2	46	1.603	1.239	NA	0.35	NA	-36.87	-100.305
867	46	5	36.901	19.396	0	2	151	1.759	1.089	NA	0.157	NA	-116.565	-79.695
