Nr	TID	PID	x [micron]	y [micron]	t [sec]	c [idx]	I [val]	Len [micron]	D2S [micron]	D2R [micron]	D2P [micron]	v [micron/sec]	? [deg]	?? [deg]
1	1	1	19.697	25.086	0	2	81	0	0	NA	NA	NA	NA	NA
2	1	2	20.106	25.004	0	2	34	0.416	0.416	NA	0.416	NA	-11.31	NA
3	1	3	19.697	25.168	0	2	46	0.856	0.082	NA	0.44	NA	158.199	169.509
4	1	4	19.452	25.249	0	2	128	1.114	0.294	NA	0.258	NA	161.565	3.366
5	1	5	19.534	26.066	0	2	163	1.935	0.993	NA	0.821	NA	84.289	-77.276
6	1	6	19.861	27.291	0	2	139	3.202	2.211	NA	1.268	NA	75.069	-9.221
7	1	7	20.269	28.27	0	2	34	4.264	3.235	NA	1.061	NA	67.38	-7.688
8	1	8	20.269	27.699	0	2	174	4.835	2.674	NA	0.572	NA	-90	-157.38
9	1	9	20.269	27.699	0	2	209	4.835	2.674	NA	0	NA	0	90
10	1	10	20.269	27.699	0	2	174	4.835	2.674	NA	0	NA	0	0
11	1	11	20.514	27.78	0	2	163	5.093	2.815	NA	0.258	NA	18.435	18.435
12	1	12	20.269	26.148	0	2	128	6.745	1.206	NA	1.651	NA	-98.531	-116.966
13	1	13	20.269	26.148	0	2	151	6.745	1.206	NA	0	NA	0	98.531
14	1	14	20.269	26.229	0	2	128	6.826	1.278	NA	0.082	NA	90	90
15	1	15	20.269	26.474	0	2	209	7.071	1.501	NA	0.245	NA	90	0
16	1	16	20.269	26.474	0	2	116	7.071	1.501	NA	0	NA	0	-90
17	1	17	20.106	27.291	0	2	58	7.904	2.242	NA	0.833	NA	101.31	101.31
18	1	18	20.351	27.536	0	2	209	8.25	2.535	NA	0.346	NA	45	-56.31
19	1	19	20.351	27.372	0	2	255	8.414	2.378	NA	0.163	NA	-90	-135
20	1	20	20.351	27.372	0	2	163	8.414	2.378	NA	0	NA	0	90
21	1	21	20.351	27.372	0	2	174	8.414	2.378	NA	0	NA	0	0
22	1	22	20.759	27.699	0	2	58	8.936	2.82	NA	0.523	NA	38.66	38.66
23	1	23	20.759	27.78	0	2	46	9.018	2.896	NA	0.082	NA	90	51.34
24	1	24	20.432	27.78	0	2	104	9.345	2.793	NA	0.327	NA	180	90
25	1	25	20.432	28.025	0	2	104	9.589	3.03	NA	0.245	NA	90	-90
26	1	26	20.514	28.025	0	2	104	9.671	3.051	NA	0.082	NA	0	-90
27	1	27	20.514	28.025	0	2	93	9.671	3.051	NA	0	NA	0	0
28	1	28	20.759	28.025	0	2	11	9.916	3.125	NA	0.245	NA	0	0
29	1	29	19.452	27.291	0	2	11	11.415	2.218	NA	1.499	NA	-150.642	-150.642
30	1	30	19.452	27.291	0	2	11	11.415	2.218	NA	0	NA	0	150.642
31	1	31	19.452	27.291	0	2	0	11.415	2.218	NA	0	NA	0	0
32	2	1	21.739	29.168	0	2	46	0	0	NA	NA	NA	NA	NA
33	2	2	21.575	28.597	0	2	46	0.594	0.594	NA	0.594	NA	-105.945	NA
34	2	3	22.065	29.25	0	2	11	1.411	0.337	NA	0.816	NA	53.13	159.075
35	2	4	22.065	29.25	0	2	58	1.411	0.337	NA	0	NA	0	-53.13
36	2	5	22.065	29.25	0	2	23	1.411	0.337	NA	0	NA	0	0
37	2	6	22.065	29.25	0	2	11	1.411	0.337	NA	0	NA	0	0
38	2	7	21.82	29.413	0	2	34	1.705	0.258	NA	0.294	NA	146.31	146.31
39	2	8	22.147	29.087	0	2	46	2.167	0.416	NA	0.462	NA	-45	168.69
40	2	9	22.065	29.087	0	2	0	2.249	0.337	NA	0.082	NA	180	-135
41	2	10	22.065	29.005	0	2	23	2.33	0.365	NA	0.082	NA	-90	90
42	2	11	22.065	29.005	0	2	11	2.33	0.365	NA	0	NA	0	90
43	2	12	22.392	28.842	0	2	0	2.696	0.73	NA	0.365	NA	-26.565	-26.565
44	2	13	22.473	29.005	0	2	11	2.878	0.753	NA	0.183	NA	63.435	90
45	2	14	22.473	29.005	0	2	23	2.878	0.753	NA	0	NA	0	-63.435
46	2	15	22.31	29.25	0	2	58	3.173	0.577	NA	0.294	NA	123.69	123.69
47	2	16	22.147	29.413	0	2	34	3.403	0.476	NA	0.231	NA	135	11.31
48	2	17	22.31	29.25	0	2	34	3.634	0.577	NA	0.231	NA	-45	-180
49	2	18	22.392	29.658	0	2	0	4.051	0.816	NA	0.416	NA	78.69	123.69
50	2	19	22.228	32.353	0	2	34	6.75	3.222	NA	2.699	NA	93.468	14.778
51	2	20	22.228	32.598	0	2	11	6.995	3.464	NA	0.245	NA	90	-3.468
52	2	21	21.984	32.679	0	2	46	7.253	3.519	NA	0.258	NA	161.565	71.565
53	2	22	21.82	32.761	0	2	46	7.436	3.593	NA	0.183	NA	153.435	-8.13
54	2	23	21.657	32.516	0	2	34	7.73	3.349	NA	0.294	NA	-123.69	82.875
55	2	24	21.739	32.108	0	2	23	8.146	2.939	NA	0.416	NA	-78.69	45
56	2	25	21.902	32.108	0	2	93	8.31	2.944	NA	0.163	NA	0	78.69
57	3	1	25.576	30.883	0	2	11	0	0	NA	NA	NA	NA	NA
58	3	2	25.658	30.883	0	2	81	0.082	0.082	NA	0.082	NA	0	NA
59	3	3	26.066	30.883	0	2	11	0.49	0.49	NA	0.408	NA	0	0
60	3	4	26.066	31.128	0	2	34	0.735	0.548	NA	0.245	NA	90	90
61	3	5	26.066	31.21	0	2	11	0.816	0.589	NA	0.082	NA	90	0
62	3	6	26.066	31.21	0	2	34	0.816	0.589	NA	0	NA	0	-90
63	3	7	26.311	31.373	0	2	34	1.111	0.883	NA	0.294	NA	33.69	33.69
64	3	8	26.311	31.536	0	2	23	1.274	0.983	NA	0.163	NA	90	56.31
65	3	9	26.392	31.863	0	2	46	1.611	1.275	NA	0.337	NA	75.964	-14.036
66	3	10	26.392	31.863	0	2	34	1.611	1.275	NA	0	NA	0	-75.964
67	3	11	26.311	32.189	0	2	23	1.947	1.499	NA	0.337	NA	104.036	104.036
68	3	12	26.311	32.189	0	2	23	1.947	1.499	NA	0	NA	0	-104.036
69	3	13	26.311	32.189	0	2	34	1.947	1.499	NA	0	NA	0	0
70	3	14	26.556	32.189	0	2	0	2.192	1.633	NA	0.245	NA	0	0
71	3	15	26.801	32.679	0	2	23	2.74	2.174	NA	0.548	NA	63.435	63.435
72	3	16	26.474	32.679	0	2	23	3.067	2.008	NA	0.327	NA	180	116.565
73	3	17	27.291	32.679	0	2	11	3.883	2.483	NA	0.816	NA	0	-180
74	3	18	26.801	32.434	0	2	0	4.431	1.976	NA	0.548	NA	-153.435	-153.435
75	3	19	26.311	31.944	0	2	58	5.124	1.291	NA	0.693	NA	-135	18.435
76	3	20	26.311	31.781	0	2	34	5.287	1.16	NA	0.163	NA	-90	45
77	3	21	26.311	31.781	0	2	34	5.287	1.16	NA	0	NA	0	90
78	3	22	26.801	31.781	0	2	34	5.777	1.519	NA	0.49	NA	0	0
79	3	23	26.637	31.781	0	2	58	5.94	1.39	NA	0.163	NA	180	180
80	3	24	26.392	31.455	0	2	46	6.348	0.997	NA	0.408	NA	-126.87	53.13
81	3	25	26.392	31.455	0	2	69	6.348	0.997	NA	0	NA	0	126.87
82	3	26	26.392	31.455	0	2	0	6.348	0.997	NA	0	NA	0	0
83	3	27	26.311	29.985	0	2	0	7.82	1.16	NA	1.472	NA	-93.18	-93.18
84	3	28	25.168	28.515	0	2	34	9.682	2.403	NA	1.862	NA	-127.875	-34.695
85	3	29	24.433	27.127	0	2	69	11.253	3.926	NA	1.571	NA	-117.897	9.978
86	3	30	24.351	27.127	0	2	11	11.334	3.95	NA	0.082	NA	180	-62.103
87	3	31	24.433	27.617	0	2	23	11.831	3.46	NA	0.497	NA	80.538	-99.462
88	3	32	24.188	27.046	0	2	11	12.453	4.081	NA	0.622	NA	-113.199	166.264
89	3	33	23.535	26.801	0	2	23	13.15	4.564	NA	0.698	NA	-159.444	-46.245
90	3	34	23.453	26.719	0	2	46	13.266	4.674	NA	0.115	NA	-135	24.444
91	3	35	23.698	26.719	0	2	11	13.511	4.568	NA	0.245	NA	0	135
92	3	36	23.453	25.903	0	2	34	14.363	5.414	NA	0.852	NA	-106.699	-106.699
93	3	37	23.453	25.903	0	2	0	14.363	5.414	NA	0	NA	0	106.699
94	3	38	22.963	25.168	0	2	11	15.246	6.284	NA	0.883	NA	-123.69	-123.69
95	4	1	21.984	14.554	0	2	58	0	0	NA	NA	NA	NA	NA
96	4	2	21.984	14.554	0	2	34	0	0	NA	0	NA	0	NA
97	4	3	21.984	14.554	0	2	58	0	0	NA	0	NA	0	0
98	4	4	21.984	14.554	0	2	93	0	0	NA	0	NA	0	0
99	4	5	21.984	14.554	0	2	93	0	0	NA	0	NA	0	0
100	4	6	21.984	14.799	0	2	139	0.245	0.245	NA	0.245	NA	90	90
101	4	7	21.984	14.799	0	2	128	0.245	0.245	NA	0	NA	0	-90
102	4	8	22.147	14.799	0	2	163	0.408	0.294	NA	0.163	NA	0	0
103	4	9	22.392	14.88	0	2	23	0.666	0.523	NA	0.258	NA	18.435	18.435
104	4	10	22.392	14.88	0	2	58	0.666	0.523	NA	0	NA	0	-18.435
105	4	11	22.147	14.88	0	2	116	0.911	0.365	NA	0.245	NA	180	180
106	4	12	22.147	14.88	0	2	93	0.911	0.365	NA	0	NA	0	-180
107	4	13	22.31	15.125	0	2	58	1.206	0.658	NA	0.294	NA	56.31	56.31
108	4	14	22.555	15.125	0	2	0	1.451	0.808	NA	0.245	NA	0	-56.31
109	4	15	22.555	15.125	0	2	0	1.451	0.808	NA	0	NA	0	0
110	4	16	22.555	14.962	0	2	11	1.614	0.702	NA	0.163	NA	-90	-90
111	4	17	22.555	14.962	0	2	34	1.614	0.702	NA	0	NA	0	90
112	4	18	22.555	14.799	0	2	58	1.777	0.622	NA	0.163	NA	-90	-90
113	4	19	22.392	14.799	0	2	0	1.941	0.476	NA	0.163	NA	180	-90
114	4	20	22.882	14.635	0	2	11	2.457	0.902	NA	0.516	NA	-18.435	161.565
115	4	21	22.555	15.043	0	2	23	2.98	0.753	NA	0.523	NA	128.66	147.095
116	5	1	22.147	35.455	0	2	93	0	0	NA	NA	NA	NA	NA
117	5	2	22.147	35.455	0	2	69	0	0	NA	0	NA	0	NA
118	5	3	22.31	35.455	0	2	46	0.163	0.163	NA	0.163	NA	0	0
119	5	4	22.392	35.537	0	2	46	0.279	0.258	NA	0.115	NA	45	45
120	5	5	22.31	35.537	0	2	23	0.36	0.183	NA	0.082	NA	180	135
121	5	6	22.147	35.537	0	2	128	0.524	0.082	NA	0.163	NA	180	0
122	5	7	22.147	35.537	0	2	0	0.524	0.082	NA	0	NA	0	-180
123	5	8	22.065	35.455	0	2	11	0.639	0.082	NA	0.115	NA	-135	-135
124	5	9	22.065	35.455	0	2	34	0.639	0.082	NA	0	NA	0	135
125	5	10	22.31	35.21	0	2	23	0.986	0.294	NA	0.346	NA	-45	-45
126	5	11	22.392	35.21	0	2	23	1.067	0.346	NA	0.082	NA	0	45
127	5	12	22.31	35.21	0	2	23	1.149	0.294	NA	0.082	NA	180	180
128	5	13	22.31	35.21	0	2	11	1.149	0.294	NA	0	NA	0	-180
129	5	14	22.31	35.047	0	2	81	1.312	0.44	NA	0.163	NA	-90	-90
130	5	15	22.392	35.21	0	2	104	1.495	0.346	NA	0.183	NA	63.435	153.435
131	5	16	22.8	35.374	0	2	11	1.934	0.658	NA	0.44	NA	21.801	-41.634
132	5	17	22.31	35.455	0	2	0	2.431	0.163	NA	0.497	NA	170.538	148.736
133	5	18	22.718	35.455	0	2	58	2.839	0.572	NA	0.408	NA	0	-170.538
134	5	19	22.718	35.455	0	2	81	2.839	0.572	NA	0	NA	0	0
135	5	20	22.963	35.455	0	2	46	3.084	0.816	NA	0.245	NA	0	0
136	6	1	23.127	20.677	0	2	69	0	0	NA	NA	NA	NA	NA
137	6	2	23.29	20.677	0	2	81	0.163	0.163	NA	0.163	NA	0	NA
138	6	3	23.29	20.677	0	2	34	0.163	0.163	NA	0	NA	0	0
139	6	4	22.637	22.31	0	2	81	1.922	1.705	NA	1.759	NA	111.801	111.801
140	6	5	22.963	21.902	0	2	93	2.445	1.236	NA	0.523	NA	-51.34	-163.142
141	6	6	23.045	21.984	0	2	69	2.56	1.309	NA	0.115	NA	45	96.34
142	6	7	23.045	23.698	0	2	46	4.275	3.022	NA	1.715	NA	90	45
143	6	8	23.045	24.841	0	2	0	5.418	4.165	NA	1.143	NA	90	0
144	6	9	22.963	25.168	0	2	11	5.755	4.494	NA	0.337	NA	104.036	14.036
145	6	10	22.228	25.576	0	2	34	6.595	4.98	NA	0.841	NA	150.945	46.909
146	6	11	22.473	26.719	0	2	81	7.764	6.077	NA	1.169	NA	77.905	-73.04
147	6	12	22.718	27.699	0	2	104	8.774	7.034	NA	1.01	NA	75.964	-1.941
148	6	13	22.637	27.699	0	2	11	8.856	7.039	NA	0.082	NA	180	104.036
149	6	14	22.637	27.454	0	2	0	9.101	6.794	NA	0.245	NA	-90	90
150	6	15	22.8	25.576	0	2	11	10.986	4.91	NA	1.885	NA	-85.03	4.97
151	7	1	23.127	16.758	0	2	34	0	0	NA	NA	NA	NA	NA
152	7	2	23.045	16.758	0	2	46	0.082	0.082	NA	0.082	NA	180	NA
153	7	3	22.882	16.676	0	2	34	0.264	0.258	NA	0.183	NA	-153.435	26.565
154	7	4	22.882	16.595	0	2	11	0.346	0.294	NA	0.082	NA	-90	63.435
155	7	5	22.963	16.758	0	2	46	0.528	0.163	NA	0.183	NA	63.435	153.435
156	7	6	22.555	16.513	0	2	58	1.005	0.622	NA	0.476	NA	-149.036	147.529
157	7	7	22.718	16.513	0	2	58	1.168	0.476	NA	0.163	NA	0	149.036
158	7	8	22.718	16.513	0	2	81	1.168	0.476	NA	0	NA	0	0
159	7	9	22.8	16.431	0	2	46	1.283	0.462	NA	0.115	NA	-45	-45
160	7	10	22.882	16.595	0	2	46	1.466	0.294	NA	0.183	NA	63.435	108.435
161	7	11	22.963	16.676	0	2	34	1.581	0.183	NA	0.115	NA	45	-18.435
162	7	12	22.963	14.962	0	2	11	3.296	1.804	NA	1.715	NA	-90	-135
163	8	1	39.293	22.147	0	2	58	0	0	NA	NA	NA	NA	NA
164	8	2	39.374	22.147	0	2	116	0.082	0.082	NA	0.082	NA	0	NA
165	8	3	39.456	22.147	0	2	11	0.163	0.163	NA	0.082	NA	0	0
166	8	4	39.456	22.228	0	2	93	0.245	0.183	NA	0.082	NA	90	90
167	8	5	39.456	22.392	0	2	58	0.408	0.294	NA	0.163	NA	90	0
168	8	6	39.211	22.392	0	2	58	0.653	0.258	NA	0.245	NA	180	90
169	8	7	39.538	21.249	0	2	11	1.842	0.931	NA	1.189	NA	-74.055	105.945
170	8	8	39.619	21.004	0	2	81	2.1	1.189	NA	0.258	NA	-71.565	2.49
171	8	9	39.619	21.004	0	2	11	2.1	1.189	NA	0	NA	0	71.565
172	8	10	39.783	19.452	0	2	0	3.66	2.739	NA	1.56	NA	-83.991	-83.991
173	9	1	41.416	22.718	0	2	23	0	0	NA	NA	NA	NA	NA
174	9	2	41.416	22.718	0	2	0	0	0	NA	0	NA	0	NA
175	9	3	41.824	21.739	0	2	23	1.061	1.061	NA	1.061	NA	-67.38	-67.38
176	9	4	41.987	21.004	0	2	11	1.814	1.807	NA	0.753	NA	-77.471	-10.091
177	9	5	41.987	20.269	0	2	46	2.549	2.515	NA	0.735	NA	-90	-12.529
178	9	6	41.987	20.269	0	2	46	2.549	2.515	NA	0	NA	0	90
179	9	7	41.416	20.514	0	2	0	3.171	2.204	NA	0.622	NA	156.801	156.801
180	9	8	41.824	20.677	0	2	46	3.61	2.082	NA	0.44	NA	21.801	-135
181	9	9	41.905	20.677	0	2	0	3.692	2.099	NA	0.082	NA	0	-21.801
182	9	10	42.069	20.677	0	2	11	3.855	2.143	NA	0.163	NA	0	0
183	9	11	42.395	20.596	0	2	0	4.192	2.338	NA	0.337	NA	-14.036	-14.036
184	9	12	42.069	20.759	0	2	58	4.557	2.066	NA	0.365	NA	153.435	167.471
185	9	13	41.987	20.84	0	2	23	4.673	1.963	NA	0.115	NA	135	-18.435
186	9	14	41.987	21.004	0	2	23	4.836	1.807	NA	0.163	NA	90	-45
187	9	15	42.069	21.085	0	2	11	4.951	1.759	NA	0.115	NA	45	-45
188	9	16	41.987	21.085	0	2	0	5.033	1.73	NA	0.082	NA	180	135
189	10	1	43.702	30.067	0	2	23	0	0	NA	NA	NA	NA	NA
190	10	2	43.702	30.23	0	2	0	0.163	0.163	NA	0.163	NA	90	NA
191	10	3	43.702	29.087	0	2	11	1.306	0.98	NA	1.143	NA	-90	-180
192	10	4	44.028	28.025	0	2	0	2.417	2.067	NA	1.111	NA	-72.897	17.103
193	10	5	43.947	27.209	0	2	11	3.237	2.868	NA	0.821	NA	-95.711	-22.813
194	10	6	43.865	26.719	0	2	11	3.734	3.352	NA	0.497	NA	-99.462	-3.752
195	10	7	44.11	26.556	0	2	0	4.028	3.534	NA	0.294	NA	-33.69	65.772
196	10	8	44.273	25.739	0	2	11	4.861	4.365	NA	0.833	NA	-78.69	-45
197	10	9	44.11	25.413	0	2	0	5.226	4.672	NA	0.365	NA	-116.565	-37.875
198	10	10	44.273	24.351	0	2	11	6.3	5.744	NA	1.074	NA	-81.254	35.311
199	10	11	43.865	23.453	0	2	0	7.287	6.615	NA	0.987	NA	-114.444	-33.19
200	10	12	43.865	22.882	0	2	0	7.858	7.187	NA	0.572	NA	-90	24.444
201	10	13	44.192	22.555	0	2	11	8.32	7.527	NA	0.462	NA	-45	45
202	10	14	43.783	22.555	0	2	23	8.728	7.512	NA	0.408	NA	180	-135
203	10	15	44.273	22.31	0	2	0	9.276	7.778	NA	0.548	NA	-26.565	153.435
204	10	16	43.865	22.555	0	2	23	9.752	7.513	NA	0.476	NA	149.036	175.601
205	11	1	39.211	19.452	0	2	11	0	0	NA	NA	NA	NA	NA
206	11	2	39.619	19.371	0	2	34	0.416	0.416	NA	0.416	NA	-11.31	NA
207	11	3	39.374	20.024	0	2	23	1.114	0.594	NA	0.698	NA	110.556	121.866
208	11	4	39.538	21.085	0	2	0	2.188	1.665	NA	1.074	NA	81.254	-29.302
209	11	5	39.701	23.372	0	2	34	4.48	3.95	NA	2.292	NA	85.914	4.661
210	11	6	39.048	25.739	0	2	11	6.936	6.289	NA	2.456	NA	105.422	19.508
211	11	7	39.456	26.148	0	2	11	7.513	6.7	NA	0.577	NA	45	-60.422
212	11	8	39.701	25.984	0	2	23	7.808	6.55	NA	0.294	NA	-33.69	-78.69
213	11	9	38.803	25.984	0	2	23	8.706	6.545	NA	0.898	NA	180	-146.31
214	11	10	38.884	25.984	0	2	23	8.787	6.54	NA	0.082	NA	0	-180
215	11	11	39.374	25.984	0	2	0	9.277	6.534	NA	0.49	NA	0	0
216	12	1	39.211	19.942	0	2	11	0	0	NA	NA	NA	NA	NA
217	12	2	39.538	20.759	0	2	0	0.879	0.879	NA	0.879	NA	68.199	NA
218	12	3	39.048	22.637	0	2	0	2.82	2.699	NA	1.941	NA	104.621	36.422
219	12	4	38.721	23.29	0	2	46	3.55	3.383	NA	0.73	NA	116.565	11.944
220	12	5	38.721	22.963	0	2	0	3.877	3.06	NA	0.327	NA	-90	153.435
221	12	6	38.64	22.882	0	2	11	3.992	2.994	NA	0.115	NA	-135	-45
222	12	7	38.721	22.473	0	2	46	4.409	2.578	NA	0.416	NA	-78.69	56.31
223	12	8	38.803	22.392	0	2	69	4.524	2.483	NA	0.115	NA	-45	33.69
224	12	9	38.884	22.392	0	2	23	4.606	2.471	NA	0.082	NA	0	45
225	12	10	39.048	22.228	0	2	81	4.837	2.292	NA	0.231	NA	-45	-45
226	12	11	39.048	22.228	0	2	34	4.837	2.292	NA	0	NA	0	45
227	12	12	38.966	22.147	0	2	34	4.952	2.218	NA	0.115	NA	-135	-135
228	12	13	39.211	21.984	0	2	34	5.247	2.041	NA	0.294	NA	-33.69	101.31
229	13	1	33.169	28.76	0	2	0	0	0	NA	NA	NA	NA	NA
230	13	2	32.924	28.76	0	2	46	0.245	0.245	NA	0.245	NA	180	NA
231	13	3	32.598	29.332	0	2	81	0.903	0.808	NA	0.658	NA	119.745	-60.255
232	13	4	32.598	29.413	0	2	34	0.985	0.868	NA	0.082	NA	90	-29.745
233	13	5	32.271	30.067	0	2	93	1.715	1.585	NA	0.73	NA	116.565	26.565
234	13	6	31.863	30.556	0	2	93	2.353	2.221	NA	0.638	NA	129.806	13.241
235	13	7	32.026	30.801	0	2	128	2.647	2.339	NA	0.294	NA	56.31	-73.496
236	13	8	32.679	29.25	0	2	46	4.33	0.693	NA	1.683	NA	-67.166	-123.476
237	13	9	33.088	28.76	0	2	23	4.968	0.082	NA	0.638	NA	-50.194	16.972
238	13	10	33.332	28.515	0	2	11	5.314	0.294	NA	0.346	NA	-45	5.194
239	13	11	33.332	28.434	0	2	11	5.396	0.365	NA	0.082	NA	-90	-45
240	14	1	41.579	15.615	0	2	0	0	0	NA	NA	NA	NA	NA
241	14	2	41.579	15.615	0	2	0	0	0	NA	0	NA	0	NA
242	14	3	41.742	15.615	0	2	0	0.163	0.163	NA	0.163	NA	0	0
243	14	4	41.252	15.615	0	2	0	0.653	0.327	NA	0.49	NA	180	180
244	14	5	41.252	15.697	0	2	11	0.735	0.337	NA	0.082	NA	90	-90
245	14	6	41.007	17.085	0	2	11	2.144	1.577	NA	1.409	NA	100.008	10.008
246	14	7	41.089	17.493	0	2	23	2.561	1.941	NA	0.416	NA	78.69	-21.318
247	14	8	40.926	17.493	0	2	23	2.724	1.988	NA	0.163	NA	180	101.31
248	14	9	40.109	18.473	0	2	11	3.999	3.213	NA	1.275	NA	129.806	-50.194
