Nr	TID	PID	x [micron]	y [micron]	t [sec]	c [idx]	I [val]	Len [micron]	D2S [micron]	D2R [micron]	D2P [micron]	v [micron/sec]	? [deg]	?? [deg]
1	1	1	21.588	27.309	0	2	0	0	0	NA	NA	NA	NA	NA
2	1	2	21.588	27.309	0	2	0	0	0	NA	0	NA	0	NA
3	1	3	21.665	27.309	0	2	0	0.077	0.077	NA	0.077	NA	0	0
4	1	4	21.665	27.309	0	2	0	0.077	0.077	NA	0	NA	0	0
5	1	5	22.284	27.618	0	2	0	0.769	0.761	NA	0.691	NA	26.565	26.565
6	1	6	22.516	27.695	0	2	0	1.013	1.005	NA	0.244	NA	18.435	-8.13
7	1	7	22.825	27.85	0	2	0	1.359	1.35	NA	0.346	NA	26.565	8.13
8	1	8	22.67	27.463	0	2	23	1.775	1.093	NA	0.416	NA	-111.801	-138.366
9	1	9	23.057	27.541	0	2	0	2.169	1.487	NA	0.394	NA	11.31	123.111
10	1	10	22.67	27.773	0	2	0	2.62	1.178	NA	0.451	NA	149.036	137.726
11	1	11	22.207	27.077	0	2	0	3.456	0.661	NA	0.836	NA	-123.69	87.274
12	1	12	22.207	27.154	0	2	0	3.534	0.637	NA	0.077	NA	90	-146.31
13	1	13	22.129	27.154	0	2	0	3.611	0.563	NA	0.077	NA	180	90
14	1	14	22.129	27.154	0	2	11	3.611	0.563	NA	0	NA	0	-180
15	1	15	22.284	27.618	0	2	0	4.1	0.761	NA	0.489	NA	71.565	71.565
16	1	16	22.361	27.618	0	2	0	4.177	0.833	NA	0.077	NA	0	-71.565
17	1	17	22.902	27.85	0	2	0	4.766	1.421	NA	0.589	NA	23.199	23.199
18	1	18	23.598	27.927	0	2	11	5.466	2.103	NA	0.7	NA	6.34	-16.858
19	1	19	23.289	28.314	0	2	0	5.961	1.976	NA	0.495	NA	128.66	122.32
20	1	20	23.443	28.005	0	2	0	6.307	1.982	NA	0.346	NA	-63.435	167.905
21	1	21	23.907	28.005	0	2	0	6.771	2.421	NA	0.464	NA	0	63.435
22	1	22	24.603	28.159	0	2	11	7.483	3.133	NA	0.713	NA	12.529	12.529
23	1	23	24.448	28.314	0	2	23	7.702	3.032	NA	0.219	NA	135	122.471
24	1	24	24.758	28.314	0	2	34	8.011	3.325	NA	0.309	NA	0	-135
25	1	25	24.835	28.7	0	2	93	8.406	3.533	NA	0.394	NA	78.69	78.69
26	1	26	25.453	28.778	0	2	0	9.029	4.135	NA	0.623	NA	7.125	-71.565
27	1	27	25.299	29.087	0	2	11	9.375	4.115	NA	0.346	NA	116.565	109.44
28	1	28	25.222	29.164	0	2	23	9.484	4.08	NA	0.109	NA	135	18.435
29	1	29	25.917	29.164	0	2	11	10.18	4.71	NA	0.696	NA	0	-135
30	1	30	26.072	29.01	0	2	0	10.398	4.796	NA	0.219	NA	-45	-45
31	1	31	25.917	28.855	0	2	0	10.617	4.597	NA	0.219	NA	-135	-90
32	1	32	25.995	29.087	0	2	0	10.861	4.752	NA	0.244	NA	71.565	-153.435
33	1	33	25.917	28.932	0	2	0	11.034	4.624	NA	0.173	NA	-116.565	171.87
34	1	34	25.917	28.932	0	2	0	11.034	4.624	NA	0	NA	0	116.565
35	1	35	25.917	28.778	0	2	0	11.189	4.572	NA	0.155	NA	-90	-90
36	1	36	26.072	28.546	0	2	0	11.468	4.651	NA	0.279	NA	-56.31	33.69
37	1	37	26.381	28.623	0	2	0	11.786	4.97	NA	0.319	NA	14.036	70.346
38	1	38	26.227	28.623	0	2	11	11.941	4.821	NA	0.155	NA	180	165.964
39	1	39	26.304	28.623	0	2	0	12.018	4.895	NA	0.077	NA	0	-180
40	1	40	25.608	29.319	0	2	23	13.002	4.494	NA	0.984	NA	135	135
41	1	41	26.149	29.01	0	2	23	13.626	4.868	NA	0.623	NA	-29.745	-164.745
42	1	42	26.149	29.01	0	2	11	13.626	4.868	NA	0	NA	0	29.745
43	1	43	26.304	29.087	0	2	0	13.798	5.04	NA	0.173	NA	26.565	26.565
44	1	44	26.149	29.087	0	2	11	13.953	4.895	NA	0.155	NA	180	153.435
45	1	45	26.072	29.087	0	2	0	14.03	4.824	NA	0.077	NA	180	0
46	1	46	26.072	29.087	0	2	0	14.03	4.824	NA	0	NA	0	-180
47	1	47	26.072	29.087	0	2	0	14.03	4.824	NA	0	NA	0	0
48	1	48	25.685	29.087	0	2	0	14.417	4.466	NA	0.387	NA	180	180
49	2	1	27.309	28.237	0	2	0	0	0	NA	NA	NA	NA	NA
50	2	2	27.386	28.237	0	2	11	0.077	0.077	NA	0.077	NA	0	NA
51	2	3	27.618	27.927	0	2	0	0.464	0.437	NA	0.387	NA	-53.13	-53.13
52	2	4	27.927	28.005	0	2	0	0.783	0.661	NA	0.319	NA	14.036	67.166
53	2	5	28.237	28.159	0	2	0	1.128	0.931	NA	0.346	NA	26.565	12.529
54	2	6	28.314	28.7	0	2	0	1.675	1.107	NA	0.547	NA	81.87	55.305
55	2	7	28.855	29.319	0	2	11	2.497	1.887	NA	0.822	NA	48.814	-33.056
56	2	8	28.855	29.937	0	2	23	3.115	2.299	NA	0.618	NA	90	41.186
57	2	9	29.087	29.937	0	2	11	3.347	2.461	NA	0.232	NA	0	-90
58	2	10	29.242	29.705	0	2	11	3.626	2.428	NA	0.279	NA	-56.31	-56.31
59	2	11	28.932	29.783	0	2	0	3.945	2.242	NA	0.319	NA	165.964	-137.726
60	2	12	29.242	29.705	0	2	23	4.263	2.428	NA	0.319	NA	-14.036	-180
61	2	13	29.705	29.783	0	2	0	4.734	2.852	NA	0.47	NA	9.462	23.499
62	2	14	29.937	30.401	0	2	0	5.394	3.405	NA	0.661	NA	69.444	59.982
63	2	15	30.015	30.788	0	2	11	5.788	3.719	NA	0.394	NA	78.69	9.246
64	3	1	27.695	30.324	0	2	0	0	0	NA	NA	NA	NA	NA
65	3	2	27.309	29.319	0	2	0	1.077	1.077	NA	1.077	NA	-111.038	NA
66	3	3	27.85	29.705	0	2	0	1.742	0.637	NA	0.665	NA	35.538	146.575
67	3	4	27.927	29.937	0	2	0	1.986	0.451	NA	0.244	NA	71.565	36.027
68	3	5	27.85	30.324	0	2	0	2.38	0.155	NA	0.394	NA	101.31	29.745
69	3	6	27.386	30.401	0	2	0	2.851	0.319	NA	0.47	NA	170.538	69.228
70	3	7	28.005	30.478	0	2	11	3.474	0.346	NA	0.623	NA	7.125	-163.413
71	3	8	27.618	30.478	0	2	0	3.861	0.173	NA	0.387	NA	180	172.875
72	3	9	28.159	30.556	0	2	23	4.407	0.519	NA	0.547	NA	8.13	-171.87
73	3	10	28.778	30.478	0	2	0	5.03	1.093	NA	0.623	NA	-7.125	-15.255
74	3	11	28.391	30.324	0	2	23	5.447	0.696	NA	0.416	NA	-158.199	-151.074
75	3	12	28.546	30.324	0	2	0	5.601	0.85	NA	0.155	NA	0	158.199
76	3	13	28.468	30.247	0	2	11	5.711	0.777	NA	0.109	NA	-135	-135
77	3	14	27.927	30.247	0	2	0	6.252	0.244	NA	0.541	NA	180	-45
78	3	15	27.927	30.324	0	2	0	6.329	0.232	NA	0.077	NA	90	-90
79	3	16	28.082	30.478	0	2	0	6.548	0.416	NA	0.219	NA	45	-45
80	3	17	28.391	30.478	0	2	0	6.857	0.713	NA	0.309	NA	0	-45
81	3	18	28.237	30.788	0	2	0	7.203	0.713	NA	0.346	NA	116.565	116.565
82	3	19	28.7	30.556	0	2	0	7.721	1.031	NA	0.519	NA	-26.565	-143.13
83	3	20	28.159	30.401	0	2	0	8.284	0.47	NA	0.563	NA	-164.055	-137.49
84	3	21	28.623	30.401	0	2	0	8.748	0.931	NA	0.464	NA	0	164.055
85	3	22	28.314	30.324	0	2	11	9.067	0.618	NA	0.319	NA	-165.964	-165.964
86	3	23	28.082	30.324	0	2	0	9.299	0.387	NA	0.232	NA	180	-14.036
