Nr	TID	PID	x [micron]	y [micron]	t [sec]	c [idx]	I [val]	Len [micron]	D2S [micron]	D2R [micron]	D2P [micron]	v [micron/sec]	? [deg]	?? [deg]
1	1	1	11.888	10.186	0	2	37	0	0	NA	NA	NA	NA	NA
2	1	2	12.058	10.084	0	2	9	0.198	0.198	NA	0.198	NA	-30.964	NA
3	1	3	12.024	10.254	0	2	18	0.372	0.152	NA	0.174	NA	101.31	132.274
4	1	4	11.854	10.22	0	2	0	0.546	0.048	NA	0.174	NA	-168.69	90
5	1	5	12.739	9.845	0	2	0	1.507	0.916	NA	0.961	NA	-22.932	145.758
6	1	6	13.113	9.539	0	2	0	1.99	1.386	NA	0.484	NA	-39.289	-16.357
7	1	7	13.385	9.437	0	2	9	2.281	1.674	NA	0.291	NA	-20.556	18.733
8	1	8	13.283	9.437	0	2	18	2.383	1.584	NA	0.102	NA	180	-159.444
9	1	9	13.317	9.267	0	2	9	2.557	1.699	NA	0.174	NA	-78.69	101.31
10	1	10	13.147	9.505	0	2	9	2.85	1.432	NA	0.293	NA	125.538	-155.772
11	1	11	13.147	9.641	0	2	0	2.986	1.372	NA	0.136	NA	90	-35.538
12	2	1	11.922	12.602	0	2	65	0	0	NA	NA	NA	NA	NA
13	2	2	11.922	12.602	0	2	18	0	0	NA	0	NA	0	NA
14	2	3	11.922	12.602	0	2	46	0	0	NA	0	NA	0	0
15	2	4	11.922	12.602	0	2	27	0	0	NA	0	NA	0	0
16	2	5	11.922	12.568	0	2	37	0.034	0.034	NA	0.034	NA	-90	-90
17	2	6	11.922	12.568	0	2	37	0.034	0.034	NA	0	NA	0	90
18	2	7	11.683	12.67	0	2	46	0.293	0.248	NA	0.259	NA	156.801	156.801
19	2	8	11.683	12.704	0	2	27	0.327	0.259	NA	0.034	NA	90	-66.801
20	2	9	11.99	12.807	0	2	55	0.65	0.215	NA	0.323	NA	18.435	-71.565
21	2	10	12.092	12.807	0	2	18	0.752	0.266	NA	0.102	NA	0	-18.435
22	2	11	11.956	12.739	0	2	37	0.905	0.14	NA	0.152	NA	-153.435	-153.435
23	2	12	12.058	12.739	0	2	27	1.007	0.193	NA	0.102	NA	0	153.435
24	2	13	11.888	12.739	0	2	55	1.177	0.14	NA	0.17	NA	180	180
25	2	14	11.888	12.773	0	2	37	1.211	0.174	NA	0.034	NA	90	-90
26	2	15	11.888	12.773	0	2	55	1.211	0.174	NA	0	NA	0	-90
27	2	16	12.024	12.807	0	2	37	1.351	0.228	NA	0.14	NA	14.036	14.036
28	2	17	12.262	12.909	0	2	18	1.61	0.458	NA	0.259	NA	23.199	9.162
29	2	18	12.16	12.909	0	2	9	1.713	0.388	NA	0.102	NA	180	156.801
30	2	19	12.126	12.909	0	2	65	1.747	0.368	NA	0.034	NA	180	0
31	2	20	12.092	13.011	0	2	46	1.854	0.442	NA	0.108	NA	108.435	-71.565
32	2	21	12.364	13.045	0	2	0	2.129	0.626	NA	0.274	NA	7.125	-101.31
33	2	22	12.194	13.181	0	2	9	2.347	0.64	NA	0.218	NA	141.34	134.215
34	2	23	12.194	13.181	0	2	9	2.347	0.64	NA	0	NA	0	-141.34
35	2	24	12.194	13.181	0	2	18	2.347	0.64	NA	0	NA	0	0
36	2	25	12.16	13.317	0	2	27	2.487	0.753	NA	0.14	NA	104.036	104.036
37	2	26	11.922	13.215	0	2	37	2.746	0.613	NA	0.259	NA	-156.801	99.162
38	2	27	11.751	12.943	0	2	9	3.067	0.381	NA	0.321	NA	-122.005	34.796
39	2	28	11.888	13.181	0	2	65	3.342	0.58	NA	0.274	NA	60.255	-177.739
40	2	29	11.377	12.909	0	2	37	3.92	0.625	NA	0.579	NA	-151.928	147.817
41	2	30	11.377	12.841	0	2	55	3.988	0.594	NA	0.068	NA	-90	61.928
42	2	31	11.649	12.977	0	2	9	4.293	0.463	NA	0.304	NA	26.565	116.565
43	2	32	11.649	12.977	0	2	46	4.293	0.463	NA	0	NA	0	-26.565
44	2	33	11.513	12.943	0	2	27	4.433	0.532	NA	0.14	NA	-165.964	-165.964
45	2	34	11.513	12.943	0	2	9	4.433	0.532	NA	0	NA	0	165.964
46	2	35	11.445	13.147	0	2	9	4.648	0.724	NA	0.215	NA	108.435	108.435
47	2	36	11.445	13.045	0	2	9	4.751	0.65	NA	0.102	NA	-90	161.565
48	2	37	11.445	13.045	0	2	18	4.751	0.65	NA	0	NA	0	90
49	2	38	11.411	13.045	0	2	18	4.785	0.676	NA	0.034	NA	180	180
50	2	39	11.377	13.045	0	2	9	4.819	0.702	NA	0.034	NA	180	0
51	2	40	11.309	13.079	0	2	65	4.895	0.776	NA	0.076	NA	153.435	-26.565
52	2	41	11.207	13.079	0	2	27	4.997	0.859	NA	0.102	NA	180	26.565
53	2	42	11.071	13.079	0	2	27	5.133	0.975	NA	0.136	NA	180	0
54	2	43	10.73	13.045	0	2	0	5.475	1.271	NA	0.342	NA	-174.289	5.711
55	2	44	11.139	11.922	0	2	27	6.67	1.037	NA	1.195	NA	-70.017	104.273
56	2	45	11.241	11.922	0	2	9	6.772	0.963	NA	0.102	NA	0	70.017
57	2	46	11.581	12.058	0	2	27	7.139	0.642	NA	0.367	NA	21.801	21.801
58	2	47	11.922	12.602	0	2	37	7.781	0	NA	0.642	NA	57.995	36.193
59	2	48	11.547	12.262	0	2	37	8.287	0.506	NA	0.506	NA	-137.726	164.279
60	2	49	11.751	12.364	0	2	18	8.516	0.293	NA	0.228	NA	26.565	164.291
61	2	50	11.717	12.534	0	2	9	8.689	0.215	NA	0.174	NA	101.31	74.745
62	3	1	13.385	9.947	0	2	27	0	0	NA	NA	NA	NA	NA
63	3	2	13.453	10.016	0	2	9	0.096	0.096	NA	0.096	NA	45	NA
64	3	3	13.079	10.356	0	2	18	0.602	0.511	NA	0.506	NA	137.726	92.726
65	3	4	12.909	10.935	0	2	37	1.205	1.096	NA	0.603	NA	106.39	-31.337
66	3	5	12.909	11.071	0	2	9	1.342	1.22	NA	0.136	NA	90	-16.39
67	3	6	12.943	11.377	0	2	0	1.65	1.496	NA	0.308	NA	83.66	-6.34
68	3	7	13.147	11.683	0	2	27	2.018	1.752	NA	0.368	NA	56.31	-27.35
69	3	8	13.147	11.683	0	2	46	2.018	1.752	NA	0	NA	0	-56.31
70	3	9	12.977	11.888	0	2	9	2.284	1.983	NA	0.266	NA	129.806	129.806
71	3	10	12.807	11.888	0	2	0	2.454	2.025	NA	0.17	NA	180	50.194
72	3	11	13.181	11.99	0	2	46	2.842	2.052	NA	0.388	NA	15.255	-164.745
73	3	12	12.875	12.228	0	2	9	3.23	2.337	NA	0.388	NA	142.125	126.87
74	3	13	12.568	12.228	0	2	0	3.537	2.422	NA	0.306	NA	180	37.875
75	3	14	12.704	12.228	0	2	18	3.673	2.38	NA	0.136	NA	0	-180
76	3	15	12.636	12.636	0	2	0	4.087	2.791	NA	0.414	NA	99.462	99.462
77	3	16	12.739	12.841	0	2	18	4.315	2.965	NA	0.228	NA	63.435	-36.027
78	3	17	12.875	12.841	0	2	0	4.451	2.938	NA	0.136	NA	0	-63.435
79	3	18	13.181	12.875	0	2	27	4.759	2.934	NA	0.308	NA	6.34	6.34
80	3	19	13.147	12.977	0	2	18	4.867	3.039	NA	0.108	NA	108.435	102.095
81	3	20	13.181	13.011	0	2	9	4.915	3.07	NA	0.048	NA	45	-63.435
82	3	21	13.113	12.568	0	2	37	5.363	2.635	NA	0.448	NA	-98.746	-143.746
83	3	22	13.249	12.909	0	2	27	5.729	2.964	NA	0.367	NA	68.199	166.945
84	3	23	13.623	12.432	0	2	0	6.336	2.496	NA	0.606	NA	-51.843	-120.041
85	4	1	13.011	9.845	0	2	0	0	0	NA	NA	NA	NA	NA
86	4	2	13.011	9.879	0	2	27	0.034	0.034	NA	0.034	NA	90	NA
87	4	3	12.841	10.05	0	2	0	0.275	0.266	NA	0.241	NA	135	45
88	4	4	12.841	10.186	0	2	18	0.411	0.381	NA	0.136	NA	90	-45
89	4	5	13.011	10.492	0	2	9	0.761	0.647	NA	0.35	NA	60.945	-29.055
90	4	6	13.011	10.322	0	2	37	0.931	0.477	NA	0.17	NA	-90	-150.945
91	4	7	12.773	10.594	0	2	27	1.293	0.786	NA	0.362	NA	131.186	-138.814
92	4	8	12.568	10.628	0	2	0	1.5	0.899	NA	0.207	NA	170.538	39.352
93	4	9	12.568	10.628	0	2	9	1.5	0.899	NA	0	NA	0	-170.538
94	4	10	12.67	10.969	0	2	18	1.856	1.174	NA	0.355	NA	73.301	73.301
95	4	11	12.636	11.173	0	2	37	2.063	1.379	NA	0.207	NA	99.462	26.162
96	4	12	12.636	11.241	0	2	37	2.131	1.445	NA	0.068	NA	90	-9.462
97	4	13	12.602	11.479	0	2	46	2.372	1.684	NA	0.241	NA	98.13	8.13
98	4	14	12.636	11.479	0	2	9	2.406	1.676	NA	0.034	NA	0	-98.13
99	4	15	12.636	11.479	0	2	37	2.406	1.676	NA	0	NA	0	0
100	4	16	12.602	11.649	0	2	9	2.579	1.85	NA	0.174	NA	101.31	101.31
101	4	17	12.704	11.854	0	2	18	2.807	2.031	NA	0.228	NA	63.435	-37.875
102	4	18	12.602	11.751	0	2	18	2.952	1.949	NA	0.144	NA	-135	161.565
103	4	19	12.773	11.751	0	2	37	3.122	1.921	NA	0.17	NA	0	135
104	4	20	12.568	12.058	0	2	46	3.49	2.256	NA	0.368	NA	123.69	123.69
105	4	21	12.466	12.058	0	2	74	3.592	2.278	NA	0.102	NA	180	56.31
106	4	22	12.67	12.16	0	2	18	3.821	2.339	NA	0.228	NA	26.565	-153.435
107	4	23	12.5	12.5	0	2	46	4.201	2.704	NA	0.381	NA	116.565	90
108	4	24	12.466	12.5	0	2	27	4.235	2.71	NA	0.034	NA	180	63.435
109	5	1	12.466	10.628	0	2	9	0	0	NA	NA	NA	NA	NA
110	5	2	12.568	10.628	0	2	9	0.102	0.102	NA	0.102	NA	0	NA
111	5	3	12.398	11.275	0	2	27	0.771	0.65	NA	0.669	NA	104.744	104.744
112	5	4	12.228	11.207	0	2	0	0.954	0.626	NA	0.183	NA	-158.199	97.058
113	5	5	11.99	11.751	0	2	27	1.549	1.22	NA	0.594	NA	113.629	-88.172
114	5	6	12.33	11.683	0	2	9	1.896	1.064	NA	0.347	NA	-11.31	-124.939
115	5	7	12.33	11.683	0	2	9	1.896	1.064	NA	0	NA	0	11.31
116	5	8	12.262	11.581	0	2	27	2.018	0.975	NA	0.123	NA	-123.69	-123.69
117	5	9	12.33	11.615	0	2	9	2.095	0.996	NA	0.076	NA	26.565	150.255
118	5	10	12.364	11.615	0	2	9	2.129	0.992	NA	0.034	NA	0	-26.565
119	5	11	12.875	11.615	0	2	27	2.639	1.068	NA	0.511	NA	0	0
120	5	12	12.977	11.785	0	2	18	2.838	1.265	NA	0.198	NA	59.036	59.036
121	5	13	13.419	12.33	0	2	55	3.539	1.951	NA	0.702	NA	50.906	-8.13
122	5	14	13.658	12.364	0	2	0	3.78	2.105	NA	0.241	NA	8.13	-42.776
123	5	15	13.453	12.5	0	2	55	4.025	2.116	NA	0.245	NA	146.31	138.18
124	5	16	13.317	12.296	0	2	27	4.271	1.872	NA	0.245	NA	-123.69	90
125	5	17	13.521	12.432	0	2	18	4.516	2.09	NA	0.245	NA	33.69	157.38
126	5	18	13.623	12.602	0	2	27	4.715	2.288	NA	0.198	NA	59.036	25.346
127	5	19	13.623	12.739	0	2	18	4.851	2.407	NA	0.136	NA	90	30.964
128	5	20	13.623	12.739	0	2	18	4.851	2.407	NA	0	NA	0	-90
129	6	1	14.883	10.186	0	2	0	0	0	NA	NA	NA	NA	NA
130	6	2	14.985	10.22	0	2	0	0.108	0.108	NA	0.108	NA	18.435	NA
131	6	3	14.985	10.22	0	2	9	0.108	0.108	NA	0	NA	0	-18.435
132	6	4	15.189	10.186	0	2	18	0.315	0.306	NA	0.207	NA	-9.462	-9.462
133	6	5	14.815	10.186	0	2	0	0.689	0.068	NA	0.374	NA	180	-170.538
134	6	6	14.951	10.322	0	2	18	0.882	0.152	NA	0.193	NA	45	-135
135	6	7	15.155	10.22	0	2	0	1.11	0.274	NA	0.228	NA	-26.565	-71.565
136	6	8	14.815	10.356	0	2	27	1.477	0.183	NA	0.367	NA	158.199	-175.236
137	6	9	15.189	9.981	0	2	18	2.006	0.368	NA	0.529	NA	-45	156.801
138	6	10	15.155	10.016	0	2	9	2.054	0.321	NA	0.048	NA	135	-180
139	6	11	14.577	10.05	0	2	9	2.634	0.335	NA	0.58	NA	176.634	41.634
140	6	12	14.985	9.913	0	2	18	3.064	0.291	NA	0.431	NA	-18.435	164.932
141	6	13	15.223	9.675	0	2	0	3.401	0.614	NA	0.337	NA	-45	-26.565
142	6	14	15.053	9.845	0	2	27	3.642	0.381	NA	0.241	NA	135	-180
143	6	15	14.917	9.811	0	2	0	3.782	0.376	NA	0.14	NA	-165.964	59.036
144	6	16	15.189	10.016	0	2	18	4.123	0.35	NA	0.34	NA	36.87	-157.166
145	6	17	15.053	9.913	0	2	9	4.293	0.321	NA	0.17	NA	-143.13	180
146	6	18	14.985	9.981	0	2	0	4.389	0.228	NA	0.096	NA	135	-81.87
147	6	19	15.019	9.947	0	2	0	4.437	0.274	NA	0.048	NA	-45	-180
148	6	20	15.223	9.811	0	2	9	4.683	0.506	NA	0.245	NA	-33.69	11.31
149	7	1	13.453	11.785	0	2	18	0	0	NA	NA	NA	NA	NA
150	7	2	13.419	11.82	0	2	27	0.048	0.048	NA	0.048	NA	135	NA
151	7	3	13.419	11.82	0	2	37	0.048	0.048	NA	0	NA	0	-135
152	7	4	13.453	11.717	0	2	9	0.156	0.068	NA	0.108	NA	-71.565	-71.565
153	7	5	13.079	11.751	0	2	9	0.532	0.376	NA	0.376	NA	174.806	-113.629
154	7	6	13.351	11.785	0	2	0	0.806	0.102	NA	0.274	NA	7.125	-167.681
155	7	7	13.351	11.82	0	2	9	0.84	0.108	NA	0.034	NA	90	82.875
156	7	8	13.045	11.956	0	2	0	1.175	0.442	NA	0.335	NA	156.038	66.038
157	7	9	13.215	11.922	0	2	18	1.349	0.274	NA	0.174	NA	-11.31	-167.347
158	7	10	13.487	11.343	0	2	27	1.988	0.444	NA	0.64	NA	-64.799	-53.489
159	7	11	13.555	11.139	0	2	9	2.204	0.655	NA	0.215	NA	-71.565	-6.766
160	7	12	13.623	11.513	0	2	9	2.584	0.321	NA	0.381	NA	79.695	151.26
161	7	13	13.283	11.547	0	2	27	2.926	0.293	NA	0.342	NA	174.289	94.594
162	7	14	13.249	11.581	0	2	27	2.975	0.289	NA	0.048	NA	135	-39.289
163	7	15	13.249	11.649	0	2	0	3.043	0.245	NA	0.068	NA	90	-45
164	7	16	12.977	11.649	0	2	18	3.315	0.496	NA	0.272	NA	180	90
165	7	17	13.181	11.649	0	2	37	3.519	0.304	NA	0.204	NA	0	-180
166	7	18	13.283	11.649	0	2	18	3.621	0.218	NA	0.102	NA	0	0
167	7	19	13.147	11.751	0	2	27	3.791	0.308	NA	0.17	NA	143.13	143.13
168	7	20	13.147	11.751	0	2	9	3.791	0.308	NA	0	NA	0	-143.13
169	7	21	13.147	11.785	0	2	37	3.825	0.306	NA	0.034	NA	90	90
170	7	22	13.113	11.99	0	2	9	4.032	0.397	NA	0.207	NA	99.462	9.462
171	7	23	12.807	11.956	0	2	9	4.341	0.669	NA	0.308	NA	-173.66	86.878
172	7	24	12.841	12.466	0	2	18	4.852	0.916	NA	0.512	NA	86.186	-100.154
173	7	25	12.841	12.432	0	2	18	4.886	0.891	NA	0.034	NA	-90	-176.186
174	8	1	15.666	8.075	0	2	0	0	0	NA	NA	NA	NA	NA
175	8	2	15.904	8.075	0	2	74	0.238	0.238	NA	0.238	NA	0	NA
176	8	3	15.904	8.041	0	2	37	0.272	0.241	NA	0.034	NA	-90	-90
177	8	4	16.176	8.007	0	2	0	0.547	0.515	NA	0.274	NA	-7.125	82.875
178	8	5	16.176	8.007	0	2	9	0.547	0.515	NA	0	NA	0	7.125
179	8	6	16.176	8.007	0	2	18	0.547	0.515	NA	0	NA	0	0
180	8	7	16.006	7.973	0	2	18	0.72	0.355	NA	0.174	NA	-168.69	-168.69
181	8	8	16.006	7.973	0	2	18	0.72	0.355	NA	0	NA	0	168.69
182	8	9	16.108	8.109	0	2	0	0.89	0.444	NA	0.17	NA	53.13	53.13
183	8	10	15.7	8.109	0	2	9	1.299	0.048	NA	0.408	NA	180	126.87
184	8	11	15.802	8.041	0	2	18	1.422	0.14	NA	0.123	NA	-33.69	146.31
185	8	12	15.836	7.565	0	2	9	1.899	0.538	NA	0.478	NA	-85.914	-52.224
186	8	13	15.904	7.395	0	2	0	2.083	0.721	NA	0.183	NA	-68.199	17.716
187	8	14	16.21	7.258	0	2	18	2.418	0.982	NA	0.335	NA	-23.962	44.236
188	8	15	16.074	7.224	0	2	9	2.558	0.944	NA	0.14	NA	-165.964	-142.001
189	9	1	14.474	7.429	0	2	27	0	0	NA	NA	NA	NA	NA
190	9	2	14.474	7.327	0	2	27	0.102	0.102	NA	0.102	NA	-90	NA
191	9	3	14.679	7.293	0	2	0	0.309	0.245	NA	0.207	NA	-9.462	80.538
192	9	4	14.611	7.088	0	2	9	0.524	0.367	NA	0.215	NA	-108.435	-98.973
193	9	5	14.713	7.088	0	2	9	0.627	0.415	NA	0.102	NA	0	108.435
194	9	6	14.713	7.088	0	2	27	0.627	0.415	NA	0	NA	0	0
195	9	7	15.189	7.19	0	2	18	1.114	0.753	NA	0.487	NA	12.095	12.095
196	9	8	15.189	7.19	0	2	18	1.114	0.753	NA	0	NA	0	-12.095
197	9	9	14.917	7.258	0	2	9	1.395	0.474	NA	0.281	NA	165.964	165.964
198	9	10	15.019	7.224	0	2	18	1.502	0.582	NA	0.108	NA	-18.435	175.601
199	9	11	15.019	7.224	0	2	0	1.502	0.582	NA	0	NA	0	18.435
200	9	12	14.917	6.578	0	2	9	2.157	0.959	NA	0.655	NA	-98.973	-98.973
201	9	13	14.508	5.727	0	2	0	3.101	1.702	NA	0.944	NA	-115.641	-16.668
202	9	14	15.121	5.284	0	2	0	3.857	2.24	NA	0.756	NA	-35.838	79.803
203	9	15	14.815	6.033	0	2	0	4.666	1.436	NA	0.809	NA	112.249	148.087
204	9	16	15.7	5.284	0	2	9	5.825	2.47	NA	1.159	NA	-40.236	-152.485
205	10	1	15.189	6.748	0	2	0	0	0	NA	NA	NA	NA	NA
206	10	2	15.7	6.816	0	2	18	0.515	0.515	NA	0.515	NA	7.595	NA
207	10	3	15.53	6.578	0	2	0	0.808	0.381	NA	0.293	NA	-125.538	-133.132
208	10	4	15.359	6.476	0	2	9	1.006	0.321	NA	0.198	NA	-149.036	-23.499
209	10	5	15.019	6.714	0	2	0	1.422	0.174	NA	0.415	NA	145.008	-65.956
210	10	6	15.223	6.68	0	2	9	1.629	0.076	NA	0.207	NA	-9.462	-154.47
211	10	7	14.849	7.02	0	2	9	2.135	0.436	NA	0.506	NA	137.726	147.189
212	10	8	15.155	6.986	0	2	18	2.443	0.241	NA	0.308	NA	-6.34	-144.067
213	10	9	15.087	6.952	0	2	9	2.519	0.228	NA	0.076	NA	-153.435	-147.095
214	10	10	15.121	6.646	0	2	27	2.827	0.123	NA	0.308	NA	-83.66	69.775
215	10	11	14.985	6.816	0	2	9	3.045	0.215	NA	0.218	NA	128.66	-147.68
216	10	12	15.019	6.952	0	2	0	3.186	0.266	NA	0.14	NA	75.964	-52.696
217	10	13	15.189	6.952	0	2	9	3.356	0.204	NA	0.17	NA	0	-75.964
218	10	14	15.087	7.054	0	2	0	3.5	0.323	NA	0.144	NA	135	135
219	10	15	14.577	7.497	0	2	0	4.176	0.968	NA	0.676	NA	139.086	4.086
220	10	16	14.577	7.463	0	2	18	4.21	0.941	NA	0.034	NA	-90	130.914
221	10	17	15.053	7.02	0	2	9	4.86	0.304	NA	0.65	NA	-42.879	47.121
222	10	18	15.223	6.339	0	2	9	5.562	0.41	NA	0.702	NA	-75.964	-33.085
223	10	19	15.598	6.748	0	2	18	6.116	0.408	NA	0.554	NA	47.49	123.453
224	11	1	15.598	8.518	0	2	9	0	0	NA	NA	NA	NA	NA
225	11	2	15.462	8.518	0	2	0	0.136	0.136	NA	0.136	NA	180	NA
226	11	3	15.598	8.824	0	2	0	0.471	0.306	NA	0.335	NA	66.038	-113.962
227	11	4	15.632	9.028	0	2	0	0.678	0.512	NA	0.207	NA	80.538	14.5
228	11	5	15.768	8.756	0	2	18	0.983	0.293	NA	0.304	NA	-63.435	-143.973
229	11	6	16.21	8.858	0	2	0	1.437	0.701	NA	0.454	NA	12.995	76.43
230	11	7	15.972	8.722	0	2	0	1.711	0.426	NA	0.274	NA	-150.255	-163.25
231	11	8	16.346	8.756	0	2	0	2.087	0.786	NA	0.376	NA	5.194	155.45
232	11	9	16.312	8.756	0	2	18	2.121	0.753	NA	0.034	NA	180	174.806
233	11	10	16.312	8.756	0	2	18	2.121	0.753	NA	0	NA	0	-180
234	11	11	16.789	8.586	0	2	0	2.627	1.193	NA	0.506	NA	-19.654	-19.654
235	11	12	16.789	8.586	0	2	9	2.627	1.193	NA	0	NA	0	19.654
236	11	13	16.551	8.586	0	2	0	2.866	0.955	NA	0.238	NA	180	180
237	11	14	16.993	8.722	0	2	0	3.329	1.41	NA	0.463	NA	17.103	-162.897
238	11	15	16.789	8.892	0	2	27	3.594	1.249	NA	0.266	NA	140.194	123.092
239	12	1	15.427	9.403	0	2	0	0	0	NA	NA	NA	NA	NA
240	12	2	15.393	9.403	0	2	0	0.034	0.034	NA	0.034	NA	180	NA
241	12	3	15.598	9.607	0	2	0	0.323	0.266	NA	0.289	NA	45	-135
242	12	4	15.768	9.845	0	2	9	0.616	0.558	NA	0.293	NA	54.462	9.462
243	12	5	16.517	10.22	0	2	9	1.453	1.361	NA	0.837	NA	26.565	-27.897
244	12	6	16.517	10.526	0	2	18	1.759	1.565	NA	0.306	NA	90	63.435
245	12	7	16.108	10.696	0	2	18	2.202	1.462	NA	0.442	NA	157.38	67.38
