Nr	TID	PID	x [micron]	y [micron]	t [sec]	c [idx]	I [val]	Len [micron]	D2S [micron]	D2R [micron]	D2P [micron]	v [micron/sec]	? [deg]	?? [deg]
1	1	1	17.525	12.576	0	2	255	0	0	NA	NA	NA	NA	NA
2	1	2	17.398	12.513	0	2	255	0.142	0.142	NA	0.142	NA	-153.435	NA
3	1	3	17.398	12.513	0	2	255	0.142	0.142	NA	0	NA	0	153.435
4	1	4	17.398	12.513	0	2	255	0.142	0.142	NA	0	NA	0	0
5	1	5	17.398	12.513	0	2	255	0.142	0.142	NA	0	NA	0	0
6	1	6	17.398	12.513	0	2	177	0.142	0.142	NA	0	NA	0	0
7	1	7	17.588	12.513	0	2	205	0.332	0.09	NA	0.19	NA	0	0
8	1	8	17.588	12.513	0	2	255	0.332	0.09	NA	0	NA	0	0
9	1	9	17.588	12.513	0	2	255	0.332	0.09	NA	0	NA	0	0
10	1	10	17.525	12.513	0	2	255	0.396	0.063	NA	0.063	NA	180	180
11	1	11	16.827	12.576	0	2	195	1.096	0.698	NA	0.701	NA	174.806	-5.194
12	1	12	16.89	12.576	0	2	223	1.16	0.634	NA	0.063	NA	0	-174.806
13	1	13	16.89	12.576	0	2	223	1.16	0.634	NA	0	NA	0	0
14	1	14	17.144	12.576	0	2	255	1.413	0.381	NA	0.254	NA	0	0
15	1	15	17.144	12.576	0	2	93	1.413	0.381	NA	0	NA	0	0
16	1	16	17.715	12.513	0	2	195	1.988	0.201	NA	0.574	NA	-6.34	-6.34
17	1	17	17.525	12.45	0	2	255	2.189	0.127	NA	0.201	NA	-161.565	-155.225
18	1	18	17.525	12.45	0	2	255	2.189	0.127	NA	0	NA	0	161.565
19	1	19	17.398	12.45	0	2	223	2.315	0.179	NA	0.127	NA	180	180
20	1	20	17.398	12.45	0	2	177	2.315	0.179	NA	0	NA	0	-180
21	1	21	17.398	12.45	0	2	195	2.315	0.179	NA	0	NA	0	0
22	1	22	17.398	12.45	0	2	214	2.315	0.179	NA	0	NA	0	0
23	1	23	17.398	12.45	0	2	214	2.315	0.179	NA	0	NA	0	0
24	1	24	17.207	12.45	0	2	139	2.506	0.342	NA	0.19	NA	180	180
25	1	25	17.207	12.45	0	2	149	2.506	0.342	NA	0	NA	0	-180
26	1	26	16.89	12.196	0	2	149	2.912	0.74	NA	0.406	NA	-141.34	-141.34
27	1	27	16.89	12.259	0	2	158	2.975	0.709	NA	0.063	NA	90	-128.66
28	1	28	16.89	12.45	0	2	233	3.166	0.647	NA	0.19	NA	90	0
29	1	29	16.763	12.45	0	2	214	3.293	0.772	NA	0.127	NA	180	90
30	1	30	16.763	12.45	0	2	139	3.293	0.772	NA	0	NA	0	-180
31	1	31	17.969	11.688	0	2	186	4.718	0.993	NA	1.426	NA	-32.276	-32.276
32	1	32	18.222	11.688	0	2	214	4.972	1.129	NA	0.254	NA	0	32.276
33	1	33	18.476	11.752	0	2	158	5.233	1.259	NA	0.262	NA	14.036	14.036
34	1	34	18.54	11.815	0	2	158	5.323	1.269	NA	0.09	NA	45	30.964
35	1	35	18.666	11.815	0	2	186	5.45	1.372	NA	0.127	NA	0	-45
36	1	36	20.252	11.879	0	2	46	7.037	2.816	NA	1.587	NA	2.291	2.291
37	2	1	30.339	2.173	0	2	255	0	0	NA	NA	NA	NA	NA
38	2	2	29.768	1.665	0	2	255	0.764	0.764	NA	0.764	NA	-138.366	NA
39	2	3	30.085	2.236	0	2	177	1.417	0.262	NA	0.653	NA	60.945	-160.688
40	2	4	30.022	2.236	0	2	46	1.48	0.323	NA	0.063	NA	180	119.055
41	2	5	29.705	1.982	0	2	149	1.887	0.662	NA	0.406	NA	-141.34	38.66
42	2	6	30.022	1.919	0	2	255	2.21	0.406	NA	0.323	NA	-11.31	130.03
43	2	7	29.831	2.871	0	2	255	3.181	0.863	NA	0.97	NA	101.31	112.62
44	2	8	29.705	3.378	0	2	74	3.704	1.362	NA	0.523	NA	104.036	2.726
45	2	9	30.022	3.759	0	2	139	4.199	1.617	NA	0.495	NA	50.194	-53.842
46	2	10	30.91	4.583	0	2	93	5.411	2.477	NA	1.212	NA	42.879	-7.316
47	2	11	30.72	5.408	0	2	205	6.257	3.258	NA	0.846	NA	102.995	60.116
48	2	12	31.417	5.916	0	2	177	7.12	3.895	NA	0.863	NA	36.027	-66.967
49	2	13	31.417	5.725	0	2	46	7.311	3.713	NA	0.19	NA	-90	-126.027
50	2	14	31.671	5.725	0	2	233	7.564	3.794	NA	0.254	NA	0	90
51	2	15	31.671	5.725	0	2	255	7.564	3.794	NA	0	NA	0	0
52	2	16	31.925	5.662	0	2	83	7.826	3.833	NA	0.262	NA	-14.036	-14.036
53	2	17	31.417	4.583	0	2	255	9.018	2.641	NA	1.192	NA	-115.201	-101.165
54	2	18	31.735	4.393	0	2	255	9.388	2.623	NA	0.37	NA	-30.964	84.237
55	2	19	31.544	4.837	0	2	46	9.871	2.924	NA	0.483	NA	113.199	144.162
56	2	20	31.544	4.393	0	2	55	10.315	2.526	NA	0.444	NA	-90	156.801
57	2	21	31.29	3.568	0	2	55	11.178	1.689	NA	0.863	NA	-107.103	-17.103
58	2	22	30.783	3.695	0	2	83	11.701	1.586	NA	0.523	NA	165.964	-86.934
59	2	23	31.608	3.568	0	2	55	12.535	1.886	NA	0.834	NA	-8.746	-174.71
60	2	24	32.242	3.441	0	2	18	13.182	2.287	NA	0.647	NA	-11.31	-2.564
61	2	25	31.1	3.441	0	2	37	14.324	1.48	NA	1.142	NA	180	-168.69
62	2	26	30.846	3.251	0	2	102	14.641	1.192	NA	0.317	NA	-143.13	36.87
63	2	27	31.164	3.378	0	2	93	14.983	1.46	NA	0.342	NA	21.801	164.932
64	2	28	31.227	3.759	0	2	65	15.369	1.818	NA	0.386	NA	80.538	58.736
65	2	29	31.164	4.139	0	2	255	15.755	2.132	NA	0.386	NA	99.462	18.925
66	2	30	30.973	4.139	0	2	37	15.945	2.066	NA	0.19	NA	180	80.538
67	2	31	31.164	4.012	0	2	83	16.174	2.016	NA	0.229	NA	-33.69	146.31
68	2	32	31.608	4.33	0	2	223	16.719	2.502	NA	0.546	NA	35.538	69.228
69	2	33	31.417	4.774	0	2	242	17.202	2.816	NA	0.483	NA	113.199	77.661
70	2	34	31.544	4.647	0	2	121	17.382	2.752	NA	0.179	NA	-45	-158.199
71	2	35	31.544	4.774	0	2	55	17.509	2.867	NA	0.127	NA	90	135
72	3	1	16.446	20.633	0	2	139	0	0	NA	NA	NA	NA	NA
73	3	2	16.573	20.633	0	2	205	0.127	0.127	NA	0.127	NA	0	NA
74	3	3	16.573	20.57	0	2	121	0.19	0.142	NA	0.063	NA	-90	-90
75	3	4	16.51	20.506	0	2	130	0.28	0.142	NA	0.09	NA	-135	-45
76	3	5	16.51	20.506	0	2	195	0.28	0.142	NA	0	NA	0	135
77	3	6	16.51	20.443	0	2	65	0.343	0.201	NA	0.063	NA	-90	-90
78	3	7	16.383	20.443	0	2	74	0.47	0.201	NA	0.127	NA	180	-90
79	3	8	16.002	20.443	0	2	130	0.851	0.483	NA	0.381	NA	180	0
80	3	9	16.002	20.379	0	2	167	0.914	0.511	NA	0.063	NA	-90	90
81	3	10	16.319	20.252	0	2	255	1.256	0.401	NA	0.342	NA	-21.801	68.199
82	3	11	17.017	19.999	0	2	111	1.999	0.853	NA	0.743	NA	-19.983	1.818
83	3	12	16.89	19.935	0	2	255	2.14	0.827	NA	0.142	NA	-153.435	-133.452
84	3	13	16.89	19.935	0	2	255	2.14	0.827	NA	0	NA	0	153.435
85	3	14	16.827	19.935	0	2	255	2.204	0.795	NA	0.063	NA	180	180
86	3	15	16.827	19.935	0	2	255	2.204	0.795	NA	0	NA	0	-180
87	3	16	16.827	19.935	0	2	251	2.204	0.795	NA	0	NA	0	0
88	3	17	16.827	19.935	0	2	255	2.204	0.795	NA	0	NA	0	0
89	3	18	16.827	19.935	0	2	205	2.204	0.795	NA	0	NA	0	0
90	3	19	16.827	19.935	0	2	214	2.204	0.795	NA	0	NA	0	0
91	3	20	16.573	19.999	0	2	167	2.465	0.647	NA	0.262	NA	165.964	165.964
92	3	21	16.573	19.999	0	2	233	2.465	0.647	NA	0	NA	0	-165.964
93	3	22	16.573	19.999	0	2	121	2.465	0.647	NA	0	NA	0	0
94	3	23	16.573	19.999	0	2	83	2.465	0.647	NA	0	NA	0	0
95	3	24	16.573	19.999	0	2	205	2.465	0.647	NA	0	NA	0	0
96	3	25	16.383	20.125	0	2	149	2.694	0.511	NA	0.229	NA	146.31	146.31
97	3	26	16.256	20.316	0	2	37	2.923	0.37	NA	0.229	NA	123.69	-22.62
98	3	27	15.939	20.633	0	2	130	3.371	0.507	NA	0.449	NA	135	11.31
99	3	28	15.431	20.823	0	2	111	3.913	1.033	NA	0.542	NA	159.444	24.444
100	3	29	15.875	21.014	0	2	149	4.397	0.686	NA	0.483	NA	23.199	-136.245
101	3	30	16.002	21.014	0	2	111	4.523	0.585	NA	0.127	NA	0	-23.199
102	3	31	16.002	20.76	0	2	121	4.777	0.462	NA	0.254	NA	-90	-90
103	3	32	15.748	20.57	0	2	111	5.094	0.701	NA	0.317	NA	-143.13	-53.13
104	3	33	15.939	20.57	0	2	74	5.285	0.511	NA	0.19	NA	0	143.13
105	3	34	15.685	20.823	0	2	102	5.644	0.785	NA	0.359	NA	135	135
106	3	35	15.685	20.823	0	2	121	5.644	0.785	NA	0	NA	0	-135
107	3	36	15.685	20.823	0	2	167	5.644	0.785	NA	0	NA	0	0
108	3	37	15.495	20.823	0	2	74	5.834	0.97	NA	0.19	NA	180	180
109	3	38	15.495	20.823	0	2	83	5.834	0.97	NA	0	NA	0	-180
110	3	39	15.368	20.823	0	2	65	5.961	1.095	NA	0.127	NA	180	180
111	3	40	15.431	20.633	0	2	121	6.161	1.015	NA	0.201	NA	-71.565	108.435
112	3	41	15.558	20.823	0	2	65	6.39	0.908	NA	0.229	NA	56.31	127.875
113	3	42	15.558	20.823	0	2	130	6.39	0.908	NA	0	NA	0	-56.31
114	3	43	15.621	20.76	0	2	121	6.48	0.834	NA	0.09	NA	-45	-45
115	3	44	15.685	20.76	0	2	139	6.543	0.772	NA	0.063	NA	0	45
116	3	45	15.812	20.76	0	2	130	6.67	0.647	NA	0.127	NA	0	0
117	3	46	15.939	20.696	0	2	74	6.812	0.511	NA	0.142	NA	-26.565	-26.565
118	3	47	15.939	20.696	0	2	149	6.812	0.511	NA	0	NA	0	26.565
119	3	48	15.939	20.696	0	2	93	6.812	0.511	NA	0	NA	0	0
120	3	49	16.319	20.443	0	2	205	7.269	0.229	NA	0.457	NA	-33.69	-33.69
121	3	50	16.446	20.443	0	2	102	7.396	0.19	NA	0.127	NA	0	33.69
122	4	1	41.504	15.495	0	2	111	0	0	NA	NA	NA	NA	NA
123	4	2	40.869	15.685	0	2	74	0.662	0.662	NA	0.662	NA	163.301	NA
124	4	3	41.123	15.685	0	2	167	0.916	0.426	NA	0.254	NA	0	-163.301
125	4	4	40.743	16.002	0	2	255	1.412	0.915	NA	0.495	NA	140.194	140.194
126	4	5	40.616	16.383	0	2	255	1.813	1.256	NA	0.401	NA	108.435	-31.759
127	4	6	40.933	16.383	0	2	255	2.13	1.056	NA	0.317	NA	0	-108.435
128	4	7	40.933	16.319	0	2	158	2.193	1.003	NA	0.063	NA	-90	-90
129	4	8	40.806	16.129	0	2	242	2.422	0.943	NA	0.229	NA	-123.69	-33.69
130	4	9	40.552	16.192	0	2	255	2.684	1.18	NA	0.262	NA	165.964	-70.346
131	4	10	40.425	16.192	0	2	255	2.811	1.285	NA	0.127	NA	180	14.036
132	4	11	40.425	16.192	0	2	255	2.811	1.285	NA	0	NA	0	-180
133	4	12	40.552	16.192	0	2	255	2.937	1.18	NA	0.127	NA	0	0
134	4	13	40.996	16.192	0	2	255	3.381	0.863	NA	0.444	NA	0	0
135	4	14	40.869	16.51	0	2	255	3.723	1.197	NA	0.342	NA	111.801	111.801
136	4	15	40.933	16.636	0	2	255	3.865	1.277	NA	0.142	NA	63.435	-48.366
137	4	16	40.996	16.7	0	2	255	3.955	1.308	NA	0.09	NA	45	-18.435
138	4	17	41.187	16.827	0	2	158	4.183	1.369	NA	0.229	NA	33.69	-11.31
139	4	18	41.06	16.763	0	2	255	4.325	1.344	NA	0.142	NA	-153.435	172.875
140	4	19	41.06	16.763	0	2	255	4.325	1.344	NA	0	NA	0	153.435
141	4	20	41.06	16.763	0	2	255	4.325	1.344	NA	0	NA	0	0
142	4	21	41.06	16.763	0	2	255	4.325	1.344	NA	0	NA	0	0
143	4	22	41.06	16.446	0	2	251	4.642	1.05	NA	0.317	NA	-90	-90
144	4	23	41.123	16.446	0	2	255	4.706	1.025	NA	0.063	NA	0	90
145	4	24	40.996	16.51	0	2	255	4.848	1.135	NA	0.142	NA	153.435	153.435
146	4	25	40.996	16.51	0	2	214	4.848	1.135	NA	0	NA	0	-153.435
147	4	26	40.996	16.763	0	2	195	5.101	1.366	NA	0.254	NA	90	90
148	4	27	40.996	16.763	0	2	111	5.101	1.366	NA	0	NA	0	-90
149	4	28	40.616	16.383	0	2	55	5.64	1.256	NA	0.538	NA	-135	-135
150	4	29	39.918	16.51	0	2	83	6.349	1.883	NA	0.709	NA	169.695	-55.305
151	4	30	39.537	16.7	0	2	93	6.775	2.307	NA	0.426	NA	153.435	-16.26
152	4	31	38.903	17.144	0	2	93	7.549	3.08	NA	0.774	NA	145.008	-8.427
153	4	32	37.698	18.095	0	2	158	9.085	4.61	NA	1.536	NA	141.71	-3.298
154	4	33	37.19	18.73	0	2	186	9.897	5.392	NA	0.812	NA	128.66	-13.05
155	4	34	36.936	18.984	0	2	205	10.256	5.748	NA	0.359	NA	135	6.34
156	4	35	36.619	18.857	0	2	167	10.597	5.93	NA	0.342	NA	-158.199	66.801
157	4	36	36.619	19.237	0	2	251	10.978	6.154	NA	0.381	NA	90	-111.801
158	4	37	36.556	19.237	0	2	255	11.041	6.204	NA	0.063	NA	180	90
159	4	38	38.205	17.905	0	2	223	13.162	4.086	NA	2.12	NA	-38.928	141.072
160	4	39	40.933	16.89	0	2	37	16.072	1.508	NA	2.911	NA	-20.41	18.518
161	4	40	41.377	16.256	0	2	65	16.846	0.772	NA	0.774	NA	-55.008	-34.598
162	4	41	42.899	14.987	0	2	9	18.828	1.485	NA	1.982	NA	-39.806	15.202
163	5	1	18.984	16.763	0	2	251	0	0	NA	NA	NA	NA	NA
164	5	2	19.237	16.573	0	2	18	0.317	0.317	NA	0.317	NA	-36.87	NA
165	5	3	19.047	16.002	0	2	121	0.919	0.764	NA	0.602	NA	-108.435	-71.565
166	5	4	18.984	16.129	0	2	37	1.061	0.634	NA	0.142	NA	116.565	-135
167	5	5	19.364	15.748	0	2	74	1.599	1.084	NA	0.538	NA	-45	-161.565
168	5	6	18.857	15.558	0	2	55	2.141	1.212	NA	0.542	NA	-159.444	-114.444
169	5	7	18.222	15.558	0	2	93	2.776	1.426	NA	0.634	NA	180	-20.556
170	5	8	18.349	15.558	0	2	255	2.902	1.362	NA	0.127	NA	0	-180
171	5	9	18.349	15.558	0	2	83	2.902	1.362	NA	0	NA	0	0
172	5	10	18.349	15.558	0	2	55	2.902	1.362	NA	0	NA	0	0
173	5	11	18.349	15.621	0	2	83	2.966	1.306	NA	0.063	NA	90	90
174	5	12	18.476	15.558	0	2	102	3.108	1.308	NA	0.142	NA	-26.565	-116.565
175	5	13	18.476	15.558	0	2	121	3.108	1.308	NA	0	NA	0	26.565
176	5	14	18.286	15.495	0	2	167	3.308	1.448	NA	0.201	NA	-161.565	-161.565
177	5	15	18.603	15.241	0	2	177	3.714	1.569	NA	0.406	NA	-38.66	122.905
178	5	16	18.857	15.558	0	2	149	4.121	1.212	NA	0.406	NA	51.34	90
179	5	17	18.857	15.558	0	2	102	4.121	1.212	NA	0	NA	0	-51.34
180	5	18	18.857	15.495	0	2	177	4.184	1.275	NA	0.063	NA	-90	-90
181	5	19	18.666	15.621	0	2	130	4.413	1.185	NA	0.229	NA	146.31	-123.69
182	5	20	18.603	15.558	0	2	83	4.503	1.264	NA	0.09	NA	-135	78.69
183	5	21	18.666	15.748	0	2	65	4.703	1.063	NA	0.201	NA	71.565	-153.435
184	6	1	15.812	14.099	0	2	205	0	0	NA	NA	NA	NA	NA
185	6	2	15.812	14.099	0	2	167	0	0	NA	0	NA	0	NA
186	6	3	16.319	14.099	0	2	195	0.507	0.507	NA	0.507	NA	0	0
187	6	4	16.192	14.162	0	2	255	0.649	0.386	NA	0.142	NA	153.435	153.435
188	6	5	16.192	14.162	0	2	177	0.649	0.386	NA	0	NA	0	-153.435
189	6	6	16.192	14.162	0	2	93	0.649	0.386	NA	0	NA	0	0
190	6	7	16.383	14.289	0	2	233	0.878	0.602	NA	0.229	NA	33.69	33.69
191	6	8	16.573	14.67	0	2	195	1.304	0.952	NA	0.426	NA	63.435	29.745
192	6	9	16.636	14.67	0	2	251	1.367	1.003	NA	0.063	NA	0	-63.435
193	6	10	16.636	14.67	0	2	158	1.367	1.003	NA	0	NA	0	0
194	6	11	16.636	14.67	0	2	214	1.367	1.003	NA	0	NA	0	0
195	6	12	16.636	14.67	0	2	195	1.367	1.003	NA	0	NA	0	0
196	6	13	16.573	14.67	0	2	102	1.43	0.952	NA	0.063	NA	180	180
197	6	14	16.636	14.67	0	2	186	1.494	1.003	NA	0.063	NA	0	-180
198	6	15	17.017	14.733	0	2	55	1.88	1.362	NA	0.386	NA	9.462	9.462
199	6	16	17.08	14.797	0	2	46	1.97	1.448	NA	0.09	NA	45	35.538
200	6	17	17.144	14.797	0	2	65	2.033	1.504	NA	0.063	NA	0	-45
201	6	18	16.7	14.733	0	2	139	2.482	1.091	NA	0.449	NA	-171.87	-171.87
202	6	19	16.89	14.67	0	2	130	2.682	1.22	NA	0.201	NA	-18.435	153.435
203	6	20	16.763	14.733	0	2	74	2.824	1.144	NA	0.142	NA	153.435	171.87
204	6	21	16.954	14.924	0	2	18	3.093	1.409	NA	0.269	NA	45	-108.435
205	6	22	16.763	14.606	0	2	214	3.463	1.078	NA	0.37	NA	-120.964	-165.964
206	6	23	16.573	14.606	0	2	83	3.653	0.915	NA	0.19	NA	180	-59.036
207	6	24	16.954	14.797	0	2	102	4.079	1.338	NA	0.426	NA	26.565	-153.435
208	6	25	16.7	14.797	0	2	158	4.333	1.129	NA	0.254	NA	180	153.435
209	6	26	16.7	14.797	0	2	111	4.333	1.129	NA	0	NA	0	-180
210	6	27	16.763	14.924	0	2	158	4.474	1.259	NA	0.142	NA	63.435	63.435
211	6	28	17.144	14.797	0	2	93	4.876	1.504	NA	0.401	NA	-18.435	-81.87
212	6	29	16.89	15.114	0	2	93	5.282	1.481	NA	0.406	NA	128.66	147.095
213	6	30	16.89	15.114	0	2	93	5.282	1.481	NA	0	NA	0	-128.66
214	6	31	16.573	15.304	0	2	93	5.652	1.426	NA	0.37	NA	149.036	149.036
215	6	32	16.636	15.431	0	2	55	5.794	1.567	NA	0.142	NA	63.435	-85.601
216	7	1	21.331	17.778	0	2	139	0	0	NA	NA	NA	NA	NA
217	7	2	20.95	17.525	0	2	149	0.457	0.457	NA	0.457	NA	-146.31	NA
218	7	3	20.823	17.08	0	2	149	0.919	0.863	NA	0.462	NA	-105.945	40.365
219	7	4	20.696	17.08	0	2	177	1.046	0.943	NA	0.127	NA	180	-74.055
220	7	5	20.633	17.017	0	2	111	1.136	1.033	NA	0.09	NA	-135	45
221	7	6	20.887	16.7	0	2	46	1.542	1.166	NA	0.406	NA	-51.34	83.66
222	7	7	20.57	16.763	0	2	111	1.866	1.269	NA	0.323	NA	168.69	-139.97
223	7	8	20.57	16.763	0	2	139	1.866	1.269	NA	0	NA	0	-168.69
224	7	9	20.696	16.827	0	2	46	2.007	1.144	NA	0.142	NA	26.565	26.565
225	7	10	20.379	16.573	0	2	93	2.414	1.536	NA	0.406	NA	-141.34	-167.905
226	7	11	20.316	16.383	0	2	55	2.614	1.726	NA	0.201	NA	-108.435	32.905
227	7	12	20.062	16.256	0	2	93	2.898	1.982	NA	0.284	NA	-153.435	-45
228	7	13	20.252	16.319	0	2	74	3.098	1.814	NA	0.201	NA	18.435	171.87
229	7	14	19.935	16.573	0	2	121	3.505	1.844	NA	0.406	NA	141.34	122.905
230	7	15	20.062	16.51	0	2	65	3.647	1.794	NA	0.142	NA	-26.565	-167.905
231	7	16	19.745	16.256	0	2	121	4.053	2.198	NA	0.406	NA	-141.34	-114.775
232	7	17	19.681	16.256	0	2	177	4.116	2.245	NA	0.063	NA	180	-38.66
233	7	18	19.681	16.256	0	2	55	4.116	2.245	NA	0	NA	0	-180
234	7	19	19.681	16.256	0	2	93	4.116	2.245	NA	0	NA	0	0
235	7	20	19.681	16.256	0	2	130	4.116	2.245	NA	0	NA	0	0
236	7	21	19.935	16.573	0	2	46	4.522	1.844	NA	0.406	NA	51.34	51.34
237	7	22	19.999	16.89	0	2	111	4.846	1.601	NA	0.323	NA	78.69	27.35
238	7	23	20.062	16.89	0	2	65	4.909	1.549	NA	0.063	NA	0	-78.69
239	7	24	19.935	17.08	0	2	93	5.138	1.56	NA	0.229	NA	123.69	123.69
240	7	25	19.872	17.271	0	2	242	5.339	1.545	NA	0.201	NA	108.435	-15.255
241	7	26	19.872	17.715	0	2	55	5.783	1.46	NA	0.444	NA	90	-18.435
242	7	27	19.808	17.651	0	2	55	5.872	1.528	NA	0.09	NA	-135	135
243	7	28	19.745	17.207	0	2	205	6.321	1.686	NA	0.449	NA	-98.13	36.87
244	7	29	19.745	17.334	0	2	102	6.448	1.647	NA	0.127	NA	90	-171.87
245	7	30	19.935	17.334	0	2	111	6.638	1.465	NA	0.19	NA	0	-90
246	7	31	19.745	17.334	0	2	121	6.828	1.647	NA	0.19	NA	180	180
247	7	32	19.935	16.763	0	2	65	7.43	1.726	NA	0.602	NA	-71.565	108.435
248	7	33	19.491	16.446	0	2	27	7.976	2.271	NA	0.546	NA	-144.462	-72.897
249	8	1	31.735	23.361	0	2	158	0	0	NA	NA	NA	NA	NA
250	8	2	31.798	23.361	0	2	223	0.063	0.063	NA	0.063	NA	0	NA
251	8	3	31.861	23.361	0	2	177	0.127	0.127	NA	0.063	NA	0	0
252	8	4	31.988	23.044	0	2	255	0.468	0.406	NA	0.342	NA	-68.199	-68.199
253	8	5	31.988	23.044	0	2	255	0.468	0.406	NA	0	NA	0	68.199
254	8	6	31.988	23.044	0	2	255	0.468	0.406	NA	0	NA	0	0
255	8	7	31.988	23.044	0	2	223	0.468	0.406	NA	0	NA	0	0
256	8	8	31.988	23.044	0	2	205	0.468	0.406	NA	0	NA	0	0
257	8	9	31.988	23.044	0	2	255	0.468	0.406	NA	0	NA	0	0
258	8	10	32.052	23.107	0	2	223	0.558	0.406	NA	0.09	NA	45	45
259	8	11	31.988	23.551	0	2	139	1.007	0.317	NA	0.449	NA	98.13	53.13
260	8	12	31.988	23.17	0	2	205	1.387	0.317	NA	0.381	NA	-90	171.87
261	9	1	22.6	31.1	0	2	195	0	0	NA	NA	NA	NA	NA
262	9	2	22.346	30.466	0	2	149	0.683	0.683	NA	0.683	NA	-111.801	NA
263	9	3	22.473	29.831	0	2	167	1.33	1.275	NA	0.647	NA	-78.69	33.111
264	9	4	22.536	29.768	0	2	74	1.42	1.334	NA	0.09	NA	-45	33.69
265	9	5	22.98	29.514	0	2	37	1.931	1.631	NA	0.511	NA	-29.745	15.255
266	9	6	22.092	29.514	0	2	93	2.819	1.665	NA	0.888	NA	180	-150.255
267	9	7	22.219	29.514	0	2	102	2.946	1.631	NA	0.127	NA	0	-180
268	9	8	22.092	29.514	0	2	65	3.073	1.665	NA	0.127	NA	180	180
269	9	9	22.092	29.514	0	2	121	3.073	1.665	NA	0	NA	0	-180
270	9	10	21.077	29.578	0	2	55	4.09	2.153	NA	1.017	NA	176.424	176.424
271	9	11	20.823	29.958	0	2	27	4.548	2.112	NA	0.457	NA	123.69	-52.734
272	9	12	20.76	29.958	0	2	121	4.611	2.165	NA	0.063	NA	180	56.31
273	9	13	20.696	29.958	0	2	55	4.675	2.219	NA	0.063	NA	180	0
274	9	14	20.76	29.958	0	2	37	4.738	2.165	NA	0.063	NA	0	-180
275	9	15	20.887	30.085	0	2	139	4.917	1.991	NA	0.179	NA	45	45
276	9	16	21.267	29.641	0	2	102	5.502	1.976	NA	0.585	NA	-49.399	-94.399
277	9	17	21.267	29.895	0	2	93	5.756	1.797	NA	0.254	NA	90	139.399
278	9	18	21.204	29.958	0	2	93	5.846	1.803	NA	0.09	NA	135	45
279	9	19	21.077	30.022	0	2	83	5.988	1.866	NA	0.142	NA	153.435	18.435
280	9	20	21.014	30.022	0	2	205	6.051	1.918	NA	0.063	NA	180	26.565
281	9	21	21.267	30.022	0	2	83	6.305	1.714	NA	0.254	NA	0	-180
282	9	22	21.711	30.022	0	2	65	6.749	1.397	NA	0.444	NA	0	0
283	9	23	21.711	29.895	0	2	214	6.876	1.497	NA	0.127	NA	-90	-90
284	9	24	21.014	29.768	0	2	55	7.585	2.071	NA	0.709	NA	-169.695	-79.695
285	9	25	21.585	29.768	0	2	214	8.156	1.675	NA	0.571	NA	0	169.695
286	9	26	21.394	30.149	0	2	130	8.581	1.536	NA	0.426	NA	116.565	116.565
287	9	27	21.902	29.958	0	2	177	9.123	1.338	NA	0.542	NA	-20.556	-137.121
288	9	28	21.775	29.705	0	2	121	9.407	1.621	NA	0.284	NA	-116.565	-96.009
289	9	29	21.648	28.943	0	2	205	10.179	2.357	NA	0.772	NA	-99.462	17.103
290	9	30	21.648	29.578	0	2	27	10.813	1.795	NA	0.634	NA	90	-170.538
291	9	31	21.648	28.69	0	2	55	11.701	2.592	NA	0.888	NA	-90	-180
292	9	32	22.155	29.134	0	2	149	12.376	2.016	NA	0.674	NA	41.186	131.186
293	9	33	22.536	29.197	0	2	130	12.762	1.904	NA	0.386	NA	9.462	-31.724
294	9	34	22.536	29.26	0	2	83	12.825	1.841	NA	0.063	NA	90	80.538
295	9	35	22.663	29.451	0	2	65	13.054	1.651	NA	0.229	NA	56.31	-33.69
296	9	36	23.361	28.753	0	2	65	14.041	2.468	NA	0.987	NA	-45	-101.31
297	9	37	23.868	29.134	0	2	74	14.675	2.34	NA	0.634	NA	36.87	81.87
298	9	38	22.853	28.88	0	2	65	15.721	2.235	NA	1.046	NA	-165.964	157.166
299	9	39	23.741	29.324	0	2	65	16.714	2.112	NA	0.993	NA	26.565	-167.471
300	10	1	17.905	32.686	0	2	65	0	0	NA	NA	NA	NA	NA
301	10	2	21.014	31.735	0	2	255	3.251	3.251	NA	3.251	NA	-17.021	NA
302	10	3	21.014	31.735	0	2	205	3.251	3.251	NA	0	NA	0	17.021
303	10	4	18.095	31.735	0	2	111	6.169	0.97	NA	2.918	NA	180	180
304	10	5	21.711	31.608	0	2	195	9.787	3.956	NA	3.618	NA	-2.01	177.99
305	10	6	22.029	31.354	0	2	242	10.193	4.333	NA	0.406	NA	-38.66	-36.65
306	10	7	21.838	31.544	0	2	121	10.462	4.096	NA	0.269	NA	135	173.66
307	10	8	23.297	31.1	0	2	111	11.988	5.621	NA	1.525	NA	-16.928	-151.928
308	11	1	34.779	23.361	0	2	46	0	0	NA	NA	NA	NA	NA
309	11	2	33.828	24.059	0	2	158	1.18	1.18	NA	1.18	NA	143.746	NA
310	11	3	33.701	24.122	0	2	130	1.322	1.32	NA	0.142	NA	153.435	9.689
311	11	4	33.511	23.805	0	2	255	1.692	1.344	NA	0.37	NA	-120.964	85.601
312	11	5	33.447	24.122	0	2	255	2.015	1.534	NA	0.323	NA	101.31	-137.726
313	11	6	33.384	24.249	0	2	111	2.157	1.654	NA	0.142	NA	116.565	15.255
314	11	7	33.384	24.249	0	2	167	2.157	1.654	NA	0	NA	0	-116.565
315	11	8	33.257	24.249	0	2	149	2.284	1.763	NA	0.127	NA	180	180
316	11	9	33.384	24.185	0	2	255	2.426	1.621	NA	0.142	NA	-26.565	153.435
317	11	10	33.384	24.185	0	2	255	2.426	1.621	NA	0	NA	0	26.565
318	11	11	33.384	24.185	0	2	233	2.426	1.621	NA	0	NA	0	0
319	11	12	33.257	24.059	0	2	255	2.605	1.675	NA	0.179	NA	-135	-135
320	11	13	33.194	24.059	0	2	255	2.669	1.733	NA	0.063	NA	180	-45
321	11	14	33.32	24.059	0	2	195	2.796	1.617	NA	0.127	NA	0	-180
322	11	15	33.384	24.059	0	2	195	2.859	1.56	NA	0.063	NA	0	0
323	11	16	33.32	24.122	0	2	205	2.949	1.646	NA	0.09	NA	135	135
324	11	17	33.384	24.185	0	2	255	3.038	1.621	NA	0.09	NA	45	-90
325	11	18	33.511	24.376	0	2	167	3.267	1.625	NA	0.229	NA	56.31	11.31
326	11	19	33.257	24.249	0	2	205	3.551	1.763	NA	0.284	NA	-153.435	150.255
327	11	20	33.447	24.376	0	2	242	3.78	1.675	NA	0.229	NA	33.69	-172.875
328	11	21	33.638	24.439	0	2	186	3.98	1.571	NA	0.201	NA	18.435	-15.255
329	11	22	33.701	24.503	0	2	177	4.07	1.571	NA	0.09	NA	45	26.565
330	11	23	33.955	24.249	0	2	130	4.429	1.212	NA	0.359	NA	-45	-90
331	11	24	33.955	24.249	0	2	139	4.429	1.212	NA	0	NA	0	45
332	11	25	33.955	24.185	0	2	83	4.492	1.166	NA	0.063	NA	-90	-90
333	12	1	39.601	17.144	0	2	18	0	0	NA	NA	NA	NA	NA
334	12	2	38.966	16.89	0	2	65	0.683	0.683	NA	0.683	NA	-158.199	NA
335	12	3	39.601	16.827	0	2	18	1.321	0.317	NA	0.638	NA	-5.711	152.488
336	12	4	39.791	16.636	0	2	74	1.59	0.542	NA	0.269	NA	-45	-39.289
337	12	5	39.791	16.573	0	2	83	1.653	0.602	NA	0.063	NA	-90	-45
338	12	6	39.601	16.51	0	2	121	1.854	0.634	NA	0.201	NA	-161.565	-71.565
339	12	7	39.601	16.51	0	2	93	1.854	0.634	NA	0	NA	0	161.565
340	12	8	39.601	16.51	0	2	233	1.854	0.634	NA	0	NA	0	0
341	12	9	39.474	16.383	0	2	46	2.033	0.772	NA	0.179	NA	-135	-135
342	12	10	39.474	16.954	0	2	111	2.604	0.229	NA	0.571	NA	90	-135
343	12	11	39.474	17.08	0	2	139	2.731	0.142	NA	0.127	NA	90	0
344	12	12	39.41	17.017	0	2	83	2.821	0.229	NA	0.09	NA	-135	135
345	12	13	39.791	16.954	0	2	65	3.207	0.269	NA	0.386	NA	-9.462	125.538
346	12	14	40.362	16.827	0	2	46	3.792	0.825	NA	0.585	NA	-12.529	-3.066
347	13	1	30.529	4.837	0	2	121	0	0	NA	NA	NA	NA	NA
348	13	2	30.593	5.916	0	2	167	1.08	1.08	NA	1.08	NA	86.634	NA
349	13	3	30.085	6.296	0	2	205	1.715	1.525	NA	0.634	NA	143.13	56.497
350	13	4	29.895	6.423	0	2	255	1.943	1.708	NA	0.229	NA	146.31	3.18
351	13	5	30.973	6.233	0	2	46	3.038	1.465	NA	1.095	NA	-10.008	-156.318
352	13	6	30.402	6.106	0	2	167	3.623	1.275	NA	0.585	NA	-167.471	-157.463
353	13	7	30.402	6.106	0	2	37	3.623	1.275	NA	0	NA	0	167.471
354	13	8	30.212	6.677	0	2	55	4.225	1.867	NA	0.602	NA	108.435	108.435
355	13	9	30.085	7.121	0	2	255	4.687	2.327	NA	0.462	NA	105.945	-2.49
356	13	10	30.085	7.184	0	2	251	4.75	2.389	NA	0.063	NA	90	-15.945
357	13	11	30.085	7.311	0	2	83	4.877	2.514	NA	0.127	NA	90	0
358	13	12	30.466	7.438	0	2	158	5.279	2.602	NA	0.401	NA	18.435	-71.565
359	13	13	30.72	7.438	0	2	46	5.532	2.608	NA	0.254	NA	0	-18.435
360	13	14	30.529	7.184	0	2	111	5.849	2.347	NA	0.317	NA	-126.87	-126.87
361	13	15	30.085	7.057	0	2	255	6.311	2.264	NA	0.462	NA	-164.055	-37.185
362	13	16	30.339	7.057	0	2	46	6.565	2.228	NA	0.254	NA	0	164.055
363	13	17	29.831	6.423	0	2	65	7.377	1.733	NA	0.812	NA	-128.66	-128.66
364	13	18	29.831	6.36	0	2	83	7.441	1.675	NA	0.063	NA	-90	38.66
365	13	19	29.958	5.789	0	2	255	8.026	1.11	NA	0.585	NA	-77.471	12.529
366	13	20	29.387	4.901	0	2	27	9.082	1.144	NA	1.056	NA	-122.735	-45.264
367	13	21	29.514	5.725	0	2	242	9.916	1.349	NA	0.834	NA	81.254	-156.011
368	13	22	29.451	4.647	0	2	251	10.996	1.095	NA	1.08	NA	-93.366	-174.62
369	13	23	28.626	5.154	0	2	46	11.965	1.929	NA	0.968	NA	148.392	-118.241
370	13	24	28.309	6.042	0	2	177	12.908	2.526	NA	0.943	NA	109.654	-38.739
371	13	25	29.197	5.789	0	2	65	13.831	1.637	NA	0.924	NA	-15.945	-125.599
372	13	26	29.134	5.471	0	2	214	14.155	1.533	NA	0.323	NA	-101.31	-85.365
373	13	27	29.197	5.789	0	2	74	14.478	1.637	NA	0.323	NA	78.69	180
374	14	1	20.252	24.693	0	2	0	0	0	NA	NA	NA	NA	NA
375	14	2	19.681	24.312	0	2	46	0.686	0.686	NA	0.686	NA	-146.31	NA
376	14	3	19.681	24.312	0	2	74	0.686	0.686	NA	0	NA	0	146.31
377	14	4	20.062	24.376	0	2	46	1.072	0.37	NA	0.386	NA	9.462	9.462
378	14	5	20.189	24.376	0	2	9	1.199	0.323	NA	0.127	NA	0	-9.462
379	14	6	20.189	24.376	0	2	27	1.199	0.323	NA	0	NA	0	0
380	14	7	20.252	24.249	0	2	9	1.341	0.444	NA	0.142	NA	-63.435	-63.435
381	14	8	21.585	23.868	0	2	111	2.726	1.567	NA	1.385	NA	-15.945	47.49
382	14	9	21.585	23.868	0	2	121	2.726	1.567	NA	0	NA	0	15.945
383	14	10	22.282	24.059	0	2	37	3.45	2.127	NA	0.723	NA	15.255	15.255
384	14	11	22.219	24.059	0	2	93	3.513	2.066	NA	0.063	NA	180	164.745
385	14	12	22.536	23.995	0	2	251	3.836	2.388	NA	0.323	NA	-11.31	168.69
386	14	13	22.79	24.566	0	2	111	4.461	2.541	NA	0.625	NA	66.038	77.347
387	14	14	22.726	24.503	0	2	27	4.551	2.481	NA	0.09	NA	-135	158.962
388	14	15	23.868	23.615	0	2	27	5.998	3.773	NA	1.447	NA	-37.875	97.125
389	14	16	23.361	23.615	0	2	255	6.505	3.29	NA	0.507	NA	180	-142.125
390	14	17	23.678	23.678	0	2	121	6.829	3.573	NA	0.323	NA	11.31	-168.69
391	14	18	23.678	23.678	0	2	149	6.829	3.573	NA	0	NA	0	-11.31
392	14	19	23.868	23.741	0	2	111	7.029	3.739	NA	0.201	NA	18.435	18.435
393	14	20	24.63	24.312	0	2	149	7.981	4.394	NA	0.952	NA	36.87	18.435
394	14	21	24.693	24.376	0	2	130	8.07	4.452	NA	0.09	NA	45	8.13
395	14	22	24.693	24.376	0	2	74	8.07	4.452	NA	0	NA	0	-45
396	14	23	24.756	24.376	0	2	102	8.134	4.515	NA	0.063	NA	0	0
397	14	24	25.137	24.249	0	2	18	8.535	4.905	NA	0.401	NA	-18.435	-18.435
398	14	25	25.264	24.185	0	2	102	8.677	5.037	NA	0.142	NA	-26.565	-8.13
399	14	26	25.137	24.185	0	2	158	8.804	4.911	NA	0.127	NA	180	-153.435
400	14	27	24.566	24.376	0	2	102	9.406	4.325	NA	0.602	NA	161.565	-18.435
401	14	28	24.756	24.503	0	2	74	9.634	4.508	NA	0.229	NA	33.69	-127.875
402	14	29	24.693	24.503	0	2	65	9.698	4.445	NA	0.063	NA	180	146.31
403	14	30	24.439	24.376	0	2	93	9.981	4.199	NA	0.284	NA	-153.435	26.565
404	14	31	24.439	24.376	0	2	74	9.981	4.199	NA	0	NA	0	153.435
405	14	32	24.122	24.376	0	2	83	10.299	3.883	NA	0.317	NA	180	180
406	14	33	24.122	24.376	0	2	55	10.299	3.883	NA	0	NA	0	-180
407	14	34	23.932	24.439	0	2	186	10.499	3.688	NA	0.201	NA	161.565	161.565
408	14	35	23.932	24.566	0	2	149	10.626	3.682	NA	0.127	NA	90	-71.565
409	14	36	23.995	24.756	0	2	46	10.827	3.743	NA	0.201	NA	71.565	-18.435
410	14	37	23.995	24.756	0	2	55	10.827	3.743	NA	0	NA	0	-71.565
411	14	38	23.995	24.756	0	2	130	10.827	3.743	NA	0	NA	0	0
