Nr	TID	PID	x [micron]	y [micron]	t [sec]	c [idx]	I [val]	Len [micron]	D2S [micron]	D2R [micron]	D2P [micron]	v [micron/sec]	? [deg]	?? [deg]
1	1	1	22.955	35.047	0	2	0	0	0	NA	NA	NA	NA	NA
2	1	2	22.955	35.047	0	2	34	0	0	NA	0	NA	0	NA
3	1	3	22.487	35.36	0	2	34	0.563	0.563	NA	0.563	NA	146.31	146.31
4	1	4	22.643	34.969	0	2	0	0.983	0.322	NA	0.42	NA	-68.199	145.491
5	1	5	22.643	34.969	0	2	23	0.983	0.322	NA	0	NA	0	68.199
6	1	6	22.643	35.125	0	2	11	1.139	0.322	NA	0.156	NA	90	90
7	1	7	22.643	35.672	0	2	69	1.685	0.698	NA	0.546	NA	90	0
8	1	8	22.565	35.75	0	2	58	1.795	0.803	NA	0.11	NA	135	45
9	1	9	22.565	35.75	0	2	93	1.795	0.803	NA	0	NA	0	-135
10	1	10	22.565	35.203	0	2	34	2.341	0.42	NA	0.546	NA	-90	-90
11	1	11	22.487	35.594	0	2	23	2.739	0.719	NA	0.398	NA	101.31	-168.69
12	1	12	22.721	35.438	0	2	0	3.02	0.455	NA	0.281	NA	-33.69	-135
13	1	13	22.487	35.438	0	2	34	3.254	0.609	NA	0.234	NA	180	-146.31
14	1	14	22.721	35.36	0	2	11	3.501	0.39	NA	0.247	NA	-18.435	161.565
15	1	15	22.643	35.203	0	2	0	3.675	0.349	NA	0.174	NA	-116.565	-98.13
16	1	16	22.643	34.969	0	2	58	3.91	0.322	NA	0.234	NA	-90	26.565
17	1	17	22.643	34.813	0	2	23	4.066	0.39	NA	0.156	NA	-90	0
18	1	18	22.721	35.047	0	2	11	4.312	0.234	NA	0.247	NA	71.565	161.565
19	1	19	22.643	35.203	0	2	11	4.487	0.349	NA	0.174	NA	116.565	45
20	1	20	22.019	35.594	0	2	104	5.223	1.084	NA	0.736	NA	147.995	31.43
21	1	21	22.253	35.594	0	2	93	5.457	0.889	NA	0.234	NA	0	-147.995
22	1	22	22.565	35.516	0	2	11	5.778	0.609	NA	0.322	NA	-14.036	-14.036
23	1	23	22.721	35.282	0	2	23	6.06	0.331	NA	0.281	NA	-56.31	-42.274
24	1	24	22.721	35.282	0	2	11	6.06	0.331	NA	0	NA	0	56.31
25	1	25	22.643	35.36	0	2	0	6.17	0.441	NA	0.11	NA	135	135
26	1	26	22.643	35.36	0	2	58	6.17	0.441	NA	0	NA	0	-135
27	1	27	22.643	35.906	0	2	34	6.716	0.913	NA	0.546	NA	90	90
28	1	28	22.565	35.828	0	2	58	6.826	0.872	NA	0.11	NA	-135	135
29	1	29	22.175	35.984	0	2	34	7.246	1.219	NA	0.42	NA	158.199	-66.801
30	1	30	22.331	36.062	0	2	23	7.421	1.191	NA	0.174	NA	26.565	-131.634
31	1	31	22.487	35.594	0	2	0	7.914	0.719	NA	0.493	NA	-71.565	-98.13
32	1	32	22.253	35.984	0	2	11	8.369	1.17	NA	0.455	NA	120.964	-167.471
33	1	33	22.487	35.438	0	2	46	8.963	0.609	NA	0.594	NA	-66.801	172.235
34	1	34	22.877	35.516	0	2	23	9.361	0.475	NA	0.398	NA	11.31	78.111
35	1	35	22.877	35.516	0	2	23	9.361	0.475	NA	0	NA	0	-11.31
36	1	36	22.877	35.516	0	2	46	9.361	0.475	NA	0	NA	0	0
37	1	37	22.877	35.516	0	2	34	9.361	0.475	NA	0	NA	0	0
38	1	38	22.643	35.516	0	2	34	9.595	0.563	NA	0.234	NA	180	180
39	1	39	22.721	35.516	0	2	46	9.673	0.523	NA	0.078	NA	0	-180
40	1	40	22.721	35.594	0	2	0	9.751	0.594	NA	0.078	NA	90	90
41	1	41	22.721	35.594	0	2	11	9.751	0.594	NA	0	NA	0	-90
42	1	42	22.721	35.75	0	2	23	9.907	0.74	NA	0.156	NA	90	90
43	1	43	22.955	35.75	0	2	58	10.141	0.702	NA	0.234	NA	0	-90
44	1	44	22.877	35.594	0	2	46	10.316	0.552	NA	0.174	NA	-116.565	-116.565
45	1	45	22.877	35.672	0	2	11	10.394	0.629	NA	0.078	NA	90	-153.435
46	1	46	22.955	35.36	0	2	23	10.715	0.312	NA	0.322	NA	-75.964	-165.964
47	1	47	23.345	35.282	0	2	23	11.113	0.455	NA	0.398	NA	-11.31	64.654
48	1	48	22.877	35.203	0	2	11	11.588	0.174	NA	0.475	NA	-170.538	-159.228
49	2	1	24.204	37.232	0	2	0	0	0	NA	NA	NA	NA	NA
50	2	2	23.97	37.076	0	2	11	0.281	0.281	NA	0.281	NA	-146.31	NA
51	2	3	23.892	36.92	0	2	0	0.456	0.441	NA	0.174	NA	-116.565	29.745
52	2	4	23.892	36.842	0	2	23	0.534	0.5	NA	0.078	NA	-90	26.565
53	2	5	23.892	36.998	0	2	11	0.69	0.39	NA	0.156	NA	90	180
54	2	6	23.736	37.388	0	2	11	1.11	0.493	NA	0.42	NA	111.801	21.801
55	2	7	23.736	37.466	0	2	11	1.188	0.523	NA	0.078	NA	90	-21.801
56	2	8	23.58	37.466	0	2	11	1.344	0.667	NA	0.156	NA	180	90
57	2	9	23.814	37.466	0	2	0	1.578	0.455	NA	0.234	NA	0	-180
58	2	10	24.048	37.466	0	2	11	1.812	0.281	NA	0.234	NA	0	0
59	2	11	23.736	37.934	0	2	0	2.375	0.844	NA	0.563	NA	123.69	123.69
60	2	12	23.892	37.622	0	2	0	2.723	0.5	NA	0.349	NA	-63.435	172.875
61	2	13	24.048	37.232	0	2	0	3.144	0.156	NA	0.42	NA	-68.199	-4.764
62	2	14	23.814	36.998	0	2	23	3.475	0.455	NA	0.331	NA	-135	-66.801
63	2	15	23.423	36.842	0	2	0	3.895	0.872	NA	0.42	NA	-158.199	-23.199
64	2	16	24.204	35.906	0	2	0	5.113	1.326	NA	1.219	NA	-50.194	108.004
65	2	17	24.516	35.906	0	2	11	5.425	1.362	NA	0.312	NA	0	50.194
66	2	18	24.984	35.672	0	2	11	5.949	1.744	NA	0.523	NA	-26.565	-26.565
67	2	19	25.296	35.203	0	2	34	6.511	2.304	NA	0.563	NA	-56.31	-29.745
68	2	20	25.53	35.203	0	2	0	6.745	2.423	NA	0.234	NA	0	56.31
69	2	21	26.388	34.267	0	2	11	8.015	3.682	NA	1.27	NA	-47.49	-47.49
70	2	22	27.948	33.565	0	2	0	9.726	5.241	NA	1.711	NA	-24.228	23.262
71	2	23	28.182	33.331	0	2	11	10.057	5.572	NA	0.331	NA	-45	-20.772
72	2	24	27.636	33.643	0	2	0	10.686	4.966	NA	0.629	NA	150.255	-164.745
73	2	25	27.948	33.565	0	2	0	11.008	5.241	NA	0.322	NA	-14.036	-164.291
74	2	26	28.416	33.331	0	2	0	11.531	5.741	NA	0.523	NA	-26.565	-12.529
75	3	1	24.516	35.828	0	2	11	0	0	NA	NA	NA	NA	NA
76	3	2	24.36	35.594	0	2	11	0.281	0.281	NA	0.281	NA	-123.69	NA
77	3	3	24.828	35.516	0	2	34	0.756	0.441	NA	0.475	NA	-9.462	114.228
78	3	4	24.36	35.516	0	2	11	1.224	0.349	NA	0.468	NA	180	-170.538
79	3	5	24.282	35.828	0	2	0	1.546	0.234	NA	0.322	NA	104.036	-75.964
80	3	6	24.516	35.594	0	2	34	1.877	0.234	NA	0.331	NA	-45	-149.036
81	3	7	24.516	35.516	0	2	23	1.955	0.312	NA	0.078	NA	-90	-45
82	3	8	24.516	35.36	0	2	11	2.111	0.468	NA	0.156	NA	-90	0
83	3	9	25.062	35.282	0	2	11	2.662	0.772	NA	0.552	NA	-8.13	81.87
84	3	10	24.672	35.282	0	2	23	3.052	0.568	NA	0.39	NA	180	-171.87
85	3	11	24.906	35.36	0	2	11	3.299	0.609	NA	0.247	NA	18.435	-161.565
86	3	12	24.672	35.438	0	2	23	3.546	0.42	NA	0.247	NA	161.565	143.13
87	3	13	25.764	34.969	0	2	23	4.734	1.515	NA	1.188	NA	-23.199	175.236
88	3	14	26.232	34.267	0	2	0	5.578	2.32	NA	0.844	NA	-56.31	-33.111
89	3	15	26.466	34.189	0	2	11	5.824	2.547	NA	0.247	NA	-18.435	37.875
90	4	1	31.615	20.225	0	2	23	0	0	NA	NA	NA	NA	NA
91	4	2	31.615	20.771	0	2	0	0.546	0.546	NA	0.546	NA	90	NA
92	4	3	30.913	21.317	0	2	11	1.436	1.298	NA	0.889	NA	142.125	52.125
93	4	4	30.289	22.175	0	2	23	2.497	2.359	NA	1.061	NA	126.027	-16.098
94	4	5	30.289	22.409	0	2	23	2.731	2.555	NA	0.234	NA	90	-36.027
95	4	6	30.211	22.409	0	2	0	2.809	2.597	NA	0.078	NA	180	90
96	4	7	30.289	21.863	0	2	0	3.36	2.108	NA	0.552	NA	-81.87	98.13
97	4	8	30.679	21.083	0	2	0	4.233	1.27	NA	0.872	NA	-63.435	18.435
98	4	9	31.459	20.537	0	2	46	5.185	0.349	NA	0.952	NA	-34.992	28.443
99	4	10	31.459	20.537	0	2	0	5.185	0.349	NA	0	NA	0	34.992
100	4	11	30.445	21.239	0	2	0	6.418	1.549	NA	1.233	NA	145.305	145.305
101	4	12	30.523	21.629	0	2	0	6.816	1.779	NA	0.398	NA	78.69	-66.615
102	4	13	30.835	21.317	0	2	23	7.257	1.342	NA	0.441	NA	-45	-123.69
103	4	14	30.679	21.707	0	2	46	7.678	1.753	NA	0.42	NA	111.801	156.801
104	4	15	30.679	21.707	0	2	23	7.678	1.753	NA	0	NA	0	-111.801
105	4	16	30.289	22.175	0	2	11	8.287	2.359	NA	0.609	NA	129.806	129.806
106	4	17	30.289	22.175	0	2	0	8.287	2.359	NA	0	NA	0	-129.806
107	5	1	32.395	19.133	0	2	23	0	0	NA	NA	NA	NA	NA
108	5	2	33.019	18.821	0	2	0	0.698	0.698	NA	0.698	NA	-26.565	NA
109	5	3	34.033	18.431	0	2	0	1.784	1.782	NA	1.087	NA	-21.038	5.528
110	5	4	33.799	18.041	0	2	11	2.239	1.779	NA	0.455	NA	-120.964	-99.926
111	5	5	33.487	17.963	0	2	0	2.561	1.601	NA	0.322	NA	-165.964	-45
112	5	6	33.019	18.587	0	2	23	3.341	0.829	NA	0.78	NA	126.87	-67.166
113	5	7	32.395	19.367	0	2	23	4.34	0.234	NA	0.999	NA	128.66	1.79
114	5	8	32.083	19.913	0	2	11	4.969	0.84	NA	0.629	NA	119.745	-8.915
115	5	9	32.239	19.835	0	2	34	5.144	0.719	NA	0.174	NA	-26.565	-146.31
116	5	10	32.239	19.523	0	2	11	5.456	0.42	NA	0.312	NA	-90	-63.435
117	5	11	33.331	18.587	0	2	34	6.894	1.084	NA	1.438	NA	-40.601	49.399
118	5	12	33.565	18.509	0	2	11	7.141	1.326	NA	0.247	NA	-18.435	22.166
119	5	13	33.097	18.587	0	2	11	7.615	0.889	NA	0.475	NA	170.538	-171.027
120	5	14	32.161	19.367	0	2	11	8.834	0.331	NA	1.219	NA	140.194	-30.343
121	5	15	31.381	20.147	0	2	0	9.937	1.434	NA	1.103	NA	135	-5.194
122	5	16	31.147	21.161	0	2	23	10.978	2.382	NA	1.041	NA	102.995	-32.005
123	6	1	34.267	25.53	0	2	11	0	0	NA	NA	NA	NA	NA
124	6	2	34.423	25.062	0	2	11	0.493	0.493	NA	0.493	NA	-71.565	NA
125	6	3	34.033	25.686	0	2	23	1.229	0.281	NA	0.736	NA	122.005	-166.43
126	6	4	33.409	26.466	0	2	23	2.228	1.27	NA	0.999	NA	128.66	6.654
127	6	5	33.643	26.622	0	2	23	2.51	1.258	NA	0.281	NA	33.69	-94.97
128	6	6	33.643	26.232	0	2	34	2.9	0.939	NA	0.39	NA	-90	-123.69
129	6	7	34.345	25.998	0	2	23	3.64	0.475	NA	0.74	NA	-18.435	71.565
130	6	8	34.345	25.92	0	2	11	3.718	0.398	NA	0.078	NA	-90	-71.565
131	6	9	34.267	25.686	0	2	11	3.965	0.156	NA	0.247	NA	-108.435	-18.435
132	6	10	33.643	26.544	0	2	0	5.026	1.191	NA	1.061	NA	126.027	-125.538
133	6	11	33.721	26.622	0	2	11	5.136	1.221	NA	0.11	NA	45	-81.027
134	6	12	33.409	26.778	0	2	23	5.485	1.515	NA	0.349	NA	153.435	108.435
135	6	13	32.941	27.48	0	2	0	6.329	2.359	NA	0.844	NA	123.69	-29.745
136	6	14	32.395	27.714	0	2	23	6.923	2.877	NA	0.594	NA	156.801	33.111
137	6	15	32.785	27.714	0	2	0	7.313	2.64	NA	0.39	NA	0	-156.801
138	6	16	33.175	27.168	0	2	34	7.984	1.969	NA	0.671	NA	-54.462	-54.462
139	6	17	33.721	26.466	0	2	0	8.874	1.084	NA	0.889	NA	-52.125	2.337
140	6	18	33.955	25.764	0	2	46	9.614	0.39	NA	0.74	NA	-71.565	-19.44
141	6	19	33.877	26.076	0	2	0	9.935	0.671	NA	0.322	NA	104.036	175.601
142	6	20	33.877	26.466	0	2	11	10.325	1.014	NA	0.39	NA	90	-14.036
143	6	21	33.799	26.154	0	2	23	10.647	0.78	NA	0.322	NA	-104.036	165.964
144	6	22	33.799	26.154	0	2	11	10.647	0.78	NA	0	NA	0	104.036
145	6	23	33.331	26.934	0	2	46	11.557	1.688	NA	0.91	NA	120.964	120.964
146	6	24	32.629	27.168	0	2	69	12.297	2.317	NA	0.74	NA	161.565	40.601
147	6	25	32.785	27.558	0	2	11	12.717	2.512	NA	0.42	NA	68.199	-93.366
148	6	26	32.395	27.636	0	2	0	13.115	2.818	NA	0.398	NA	168.69	100.491
149	6	27	32.629	27.324	0	2	0	13.505	2.43	NA	0.39	NA	-53.13	138.18
150	6	28	32.005	27.714	0	2	0	14.241	3.145	NA	0.736	NA	147.995	-158.875
151	6	29	31.615	27.948	0	2	0	14.696	3.589	NA	0.455	NA	149.036	1.042
152	7	1	25.764	32.785	0	2	0	0	0	NA	NA	NA	NA	NA
153	7	2	25.14	33.487	0	2	11	0.939	0.939	NA	0.939	NA	131.634	NA
154	7	3	25.296	33.565	0	2	46	1.114	0.91	NA	0.174	NA	26.565	-105.068
155	7	4	25.296	33.643	0	2	23	1.192	0.978	NA	0.078	NA	90	63.435
156	7	5	25.296	33.721	0	2	11	1.27	1.047	NA	0.078	NA	90	0
157	7	6	25.062	33.721	0	2	34	1.504	1.17	NA	0.234	NA	180	90
158	7	7	24.204	33.799	0	2	23	2.366	1.861	NA	0.862	NA	174.806	-5.194
159	7	8	24.204	34.267	0	2	11	2.834	2.152	NA	0.468	NA	90	-84.806
160	7	9	23.658	34.345	0	2	11	3.385	2.621	NA	0.552	NA	171.87	81.87
161	7	10	22.955	34.423	0	2	23	4.092	3.251	NA	0.706	NA	173.66	1.79
162	8	1	26.31	34.423	0	2	0	0	0	NA	NA	NA	NA	NA
163	8	2	26.544	34.423	0	2	11	0.234	0.234	NA	0.234	NA	0	NA
164	8	3	26.544	34.345	0	2	11	0.312	0.247	NA	0.078	NA	-90	-90
165	8	4	26.7	34.501	0	2	23	0.533	0.398	NA	0.221	NA	45	135
166	8	5	26.466	34.501	0	2	11	0.767	0.174	NA	0.234	NA	180	135
167	8	6	26.7	34.501	0	2	0	1.001	0.398	NA	0.234	NA	0	-180
168	8	7	26.7	34.579	0	2	23	1.079	0.42	NA	0.078	NA	90	90
169	8	8	26.934	34.267	0	2	11	1.469	0.643	NA	0.39	NA	-53.13	-143.13
170	8	9	26.778	34.345	0	2	11	1.643	0.475	NA	0.174	NA	153.435	-153.435
171	8	10	26.934	34.423	0	2	11	1.818	0.624	NA	0.174	NA	26.565	-126.87
172	8	11	25.998	34.813	0	2	34	2.832	0.5	NA	1.014	NA	157.38	130.815
173	8	12	26.31	35.047	0	2	23	3.222	0.624	NA	0.39	NA	36.87	-120.51
174	8	13	26.154	34.969	0	2	0	3.396	0.568	NA	0.174	NA	-153.435	169.695
175	8	14	26.076	34.969	0	2	23	3.474	0.594	NA	0.078	NA	180	-26.565
176	8	15	26.076	35.047	0	2	34	3.552	0.667	NA	0.078	NA	90	-90
177	8	16	26.076	35.203	0	2	11	3.708	0.814	NA	0.156	NA	90	0
178	8	17	25.842	35.125	0	2	0	3.955	0.844	NA	0.247	NA	-161.565	108.435
179	9	1	19.991	31.849	0	2	0	0	0	NA	NA	NA	NA	NA
180	9	2	20.147	32.785	0	2	11	0.949	0.949	NA	0.949	NA	80.538	NA
181	9	3	19.835	33.955	0	2	0	2.16	2.112	NA	1.211	NA	104.931	24.394
182	9	4	19.523	34.267	0	2	11	2.601	2.463	NA	0.441	NA	135	30.069
183	9	5	19.289	35.047	0	2	0	3.416	3.275	NA	0.814	NA	106.699	-28.301
184	9	6	18.587	35.203	0	2	0	4.135	3.637	NA	0.719	NA	167.471	60.772
185	9	7	17.963	35.516	0	2	0	4.833	4.19	NA	0.698	NA	153.435	-14.036
186	9	8	17.494	35.438	0	2	0	5.308	4.372	NA	0.475	NA	-170.538	36.027
187	10	1	46.827	38.714	0	2	0	0	0	NA	NA	NA	NA	NA
188	10	2	46.827	38.948	0	2	0	0.234	0.234	NA	0.234	NA	90	NA
189	10	3	46.749	38.948	0	2	0	0.312	0.247	NA	0.078	NA	180	90
190	10	4	46.905	39.104	0	2	0	0.533	0.398	NA	0.221	NA	45	-135
191	10	5	46.749	39.572	0	2	0	1.026	0.862	NA	0.493	NA	108.435	63.435
192	10	6	46.593	39.416	0	2	0	1.247	0.74	NA	0.221	NA	-135	116.565
193	10	7	46.827	39.416	0	2	0	1.481	0.702	NA	0.234	NA	0	135
194	10	8	46.437	39.26	0	2	11	1.901	0.671	NA	0.42	NA	-158.199	-158.199
195	10	9	46.671	39.26	0	2	0	2.135	0.568	NA	0.234	NA	0	158.199
196	11	1	53.615	52.366	0	2	11	0	0	NA	NA	NA	NA	NA
197	11	2	53.615	52.522	0	2	0	0.156	0.156	NA	0.156	NA	90	NA
198	11	3	53.771	52.444	0	2	0	0.33	0.174	NA	0.174	NA	-26.565	-116.565
199	11	4	53.615	52.366	0	2	0	0.505	0	NA	0.174	NA	-153.435	-126.87
200	11	5	53.459	52.6	0	2	11	0.786	0.281	NA	0.281	NA	123.69	-82.875
201	11	6	53.693	52.756	0	2	0	1.067	0.398	NA	0.281	NA	33.69	-90
202	11	7	53.459	52.756	0	2	23	1.302	0.42	NA	0.234	NA	180	146.31
203	11	8	53.459	52.756	0	2	11	1.302	0.42	NA	0	NA	0	-180
204	11	9	53.615	52.6	0	2	11	1.522	0.234	NA	0.221	NA	-45	-45
205	11	10	53.693	52.054	0	2	0	2.074	0.322	NA	0.552	NA	-81.87	-36.87
206	11	11	53.771	51.82	0	2	34	2.321	0.568	NA	0.247	NA	-71.565	10.305
207	11	12	53.927	51.976	0	2	0	2.541	0.5	NA	0.221	NA	45	116.565
208	11	13	53.849	51.976	0	2	0	2.619	0.455	NA	0.078	NA	180	135
209	11	14	53.927	52.054	0	2	0	2.73	0.441	NA	0.11	NA	45	-135
210	11	15	53.537	52.21	0	2	11	3.15	0.174	NA	0.42	NA	158.199	113.199
211	11	16	53.615	52.21	0	2	0	3.228	0.156	NA	0.078	NA	0	-158.199
212	11	17	53.459	52.21	0	2	46	3.384	0.221	NA	0.156	NA	180	180
213	11	18	53.459	52.444	0	2	11	3.618	0.174	NA	0.234	NA	90	-90
214	11	19	53.381	52.522	0	2	11	3.728	0.281	NA	0.11	NA	135	45
215	11	20	53.381	52.522	0	2	11	3.728	0.281	NA	0	NA	0	-135
216	11	21	53.537	52.522	0	2	11	3.884	0.174	NA	0.156	NA	0	0
217	11	22	53.381	52.522	0	2	0	4.04	0.281	NA	0.156	NA	180	180
218	11	23	53.459	52.366	0	2	0	4.215	0.156	NA	0.174	NA	-63.435	116.565
219	11	24	53.459	52.366	0	2	0	4.215	0.156	NA	0	NA	0	63.435
220	11	25	53.459	52.366	0	2	23	4.215	0.156	NA	0	NA	0	0
221	11	26	53.459	52.366	0	2	11	4.215	0.156	NA	0	NA	0	0
222	11	27	53.537	52.132	0	2	0	4.461	0.247	NA	0.247	NA	-71.565	-71.565
223	11	28	53.693	52.132	0	2	0	4.617	0.247	NA	0.156	NA	0	71.565
224	11	29	53.459	51.976	0	2	0	4.899	0.42	NA	0.281	NA	-146.31	-146.31
225	11	30	53.693	51.976	0	2	0	5.133	0.398	NA	0.234	NA	0	146.31
226	11	31	53.771	51.976	0	2	0	5.211	0.42	NA	0.078	NA	0	0
227	11	32	53.459	51.976	0	2	46	5.523	0.42	NA	0.312	NA	180	180
228	11	33	53.459	51.976	0	2	34	5.523	0.42	NA	0	NA	0	-180
229	11	34	53.381	51.586	0	2	11	5.92	0.814	NA	0.398	NA	-101.31	-101.31
230	11	35	53.459	51.586	0	2	0	5.998	0.796	NA	0.078	NA	0	101.31
231	11	36	53.459	51.43	0	2	0	6.154	0.949	NA	0.156	NA	-90	-90
232	12	1	54.239	49.246	0	2	0	0	0	NA	NA	NA	NA	NA
233	12	2	54.083	48.934	0	2	0	0.349	0.349	NA	0.349	NA	-116.565	NA
234	12	3	54.005	48.154	0	2	0	1.133	1.117	NA	0.784	NA	-95.711	20.854
235	12	4	53.693	47.53	0	2	0	1.831	1.801	NA	0.698	NA	-116.565	-20.854
236	12	5	53.537	47.452	0	2	0	2.005	1.927	NA	0.174	NA	-153.435	-36.87
237	12	6	53.381	47.218	0	2	11	2.286	2.202	NA	0.281	NA	-123.69	29.745
238	12	7	54.005	47.374	0	2	0	2.93	1.887	NA	0.643	NA	14.036	137.726
239	12	8	53.615	47.218	0	2	0	3.35	2.122	NA	0.42	NA	-158.199	-172.235
240	12	9	53.849	47.14	0	2	0	3.597	2.142	NA	0.247	NA	-18.435	139.764
241	12	10	54.083	47.062	0	2	0	3.843	2.19	NA	0.247	NA	-18.435	0
242	13	1	53.615	47.998	0	2	0	0	0	NA	NA	NA	NA	NA
243	13	2	54.317	47.998	0	2	0	0.702	0.702	NA	0.702	NA	0	NA
244	13	3	54.083	47.452	0	2	0	1.296	0.719	NA	0.594	NA	-113.199	-113.199
245	13	4	54.005	48.466	0	2	0	2.313	0.609	NA	1.017	NA	94.399	-152.403
246	13	5	53.927	49.636	0	2	0	3.486	1.668	NA	1.173	NA	93.814	-0.585
247	13	6	54.317	50.884	0	2	0	4.794	2.971	NA	1.308	NA	72.646	-21.168
248	13	7	53.927	53.771	0	2	0	7.707	5.781	NA	2.913	NA	97.696	25.05
249	13	8	53.381	53.069	0	2	11	8.596	5.076	NA	0.889	NA	-127.875	134.429
250	13	9	53.849	54.395	0	2	0	10.003	6.401	NA	1.406	NA	70.56	-161.565
251	13	10	53.693	54.317	0	2	11	10.177	6.32	NA	0.174	NA	-153.435	136.005
252	13	11	53.771	54.161	0	2	0	10.351	6.165	NA	0.174	NA	-63.435	90
253	13	12	53.849	53.381	0	2	0	11.135	5.388	NA	0.784	NA	-84.289	-20.854
254	14	1	40.274	36.842	0	2	0	0	0	NA	NA	NA	NA	NA
255	14	2	40.82	36.53	0	2	11	0.629	0.629	NA	0.629	NA	-29.745	NA
256	14	3	40.82	36.53	0	2	11	0.629	0.629	NA	0	NA	0	29.745
257	14	4	41.757	36.218	0	2	0	1.616	1.608	NA	0.987	NA	-18.435	-18.435
258	14	5	41.835	35.828	0	2	0	2.014	1.861	NA	0.398	NA	-78.69	-60.255
259	14	6	41.757	36.14	0	2	0	2.335	1.64	NA	0.322	NA	104.036	-177.274
260	14	7	41.601	36.296	0	2	0	2.556	1.434	NA	0.221	NA	135	30.964
261	14	8	41.991	36.296	0	2	0	2.946	1.801	NA	0.39	NA	0	-135
262	14	9	43.005	36.296	0	2	0	3.96	2.785	NA	1.014	NA	0	0
263	14	10	43.551	35.984	0	2	0	4.589	3.387	NA	0.629	NA	-29.745	-29.745
264	14	11	43.941	36.218	0	2	0	5.044	3.719	NA	0.455	NA	30.964	60.709
265	15	1	36.842	21.785	0	2	0	0	0	NA	NA	NA	NA	NA
266	15	2	36.764	21.785	0	2	0	0.078	0.078	NA	0.078	NA	180	NA
267	15	3	36.53	22.019	0	2	0	0.409	0.39	NA	0.331	NA	135	-45
268	15	4	36.608	22.097	0	2	0	0.519	0.39	NA	0.11	NA	45	-90
269	15	5	36.53	22.643	0	2	23	1.071	0.913	NA	0.552	NA	98.13	53.13
270	15	6	35.984	23.345	0	2	0	1.96	1.781	NA	0.889	NA	127.875	29.745
271	15	7	35.594	24.36	0	2	34	3.047	2.861	NA	1.087	NA	111.038	-16.837
272	15	8	35.516	24.672	0	2	23	3.369	3.177	NA	0.322	NA	104.036	-7.001
273	15	9	35.125	24.75	0	2	0	3.766	3.425	NA	0.398	NA	168.69	64.654
274	15	10	34.267	26.076	0	2	0	5.346	5.004	NA	1.58	NA	122.905	-45.785
275	15	11	33.799	26.154	0	2	23	5.821	5.324	NA	0.475	NA	170.538	47.632
276	15	12	33.175	26.544	0	2	23	6.557	6.008	NA	0.736	NA	147.995	-22.543
277	15	13	33.565	26.466	0	2	0	6.954	5.714	NA	0.398	NA	-11.31	-159.305
278	15	14	33.643	26.388	0	2	0	7.065	5.605	NA	0.11	NA	-45	-33.69
279	15	15	33.799	25.764	0	2	0	7.708	5.009	NA	0.643	NA	-75.964	-30.964
280	15	16	34.189	25.998	0	2	11	8.163	4.978	NA	0.455	NA	30.964	106.928
281	15	17	34.579	25.53	0	2	34	8.772	4.375	NA	0.609	NA	-50.194	-81.158
282	15	18	33.955	25.998	0	2	0	9.552	5.107	NA	0.78	NA	143.13	-166.675
283	15	19	33.175	26.466	0	2	0	10.462	5.946	NA	0.91	NA	149.036	5.906
284	15	20	33.331	26.856	0	2	0	10.882	6.167	NA	0.42	NA	68.199	-80.838
285	15	21	32.395	27.246	0	2	0	11.896	7.042	NA	1.014	NA	157.38	89.182
286	16	1	33.877	29.743	0	2	0	0	0	NA	NA	NA	NA	NA
287	16	2	34.657	28.962	0	2	0	1.103	1.103	NA	1.103	NA	-45	NA
288	16	3	34.189	29.665	0	2	0	1.947	0.322	NA	0.844	NA	123.69	168.69
289	16	4	34.111	30.133	0	2	0	2.422	0.455	NA	0.475	NA	99.462	-24.228
290	16	5	34.267	29.821	0	2	0	2.771	0.398	NA	0.349	NA	-63.435	-162.897
291	16	6	34.423	29.353	0	2	0	3.264	0.671	NA	0.493	NA	-71.565	-8.13
292	16	7	33.955	29.743	0	2	11	3.873	0.078	NA	0.609	NA	140.194	-148.241
293	16	8	34.189	29.899	0	2	0	4.155	0.349	NA	0.281	NA	33.69	-106.504
294	16	9	34.267	29.665	0	2	0	4.401	0.398	NA	0.247	NA	-71.565	-105.255
295	16	10	34.423	29.743	0	2	0	4.576	0.546	NA	0.174	NA	26.565	98.13
296	16	11	33.643	30.289	0	2	11	5.528	0.594	NA	0.952	NA	145.008	118.443
297	16	12	33.643	30.367	0	2	0	5.606	0.667	NA	0.078	NA	90	-55.008
298	16	13	33.175	31.303	0	2	0	6.653	1.711	NA	1.047	NA	116.565	26.565
299	16	14	32.941	32.083	0	2	11	7.467	2.521	NA	0.814	NA	106.699	-9.866
300	16	15	33.019	32.395	0	2	34	7.789	2.788	NA	0.322	NA	75.964	-30.735
301	16	16	32.707	32.785	0	2	0	8.288	3.26	NA	0.5	NA	128.66	52.696
302	16	17	32.629	33.097	0	2	11	8.61	3.579	NA	0.322	NA	104.036	-24.624
303	16	18	32.239	33.565	0	2	0	9.219	4.159	NA	0.609	NA	129.806	25.769
304	16	19	31.927	34.189	0	2	58	9.917	4.856	NA	0.698	NA	116.565	-13.241
305	17	1	30.367	22.175	0	2	34	0	0	NA	NA	NA	NA	NA
306	17	2	30.757	22.331	0	2	23	0.42	0.42	NA	0.42	NA	21.801	NA
307	17	3	30.523	22.253	0	2	23	0.667	0.174	NA	0.247	NA	-161.565	176.634
308	17	4	30.835	22.019	0	2	23	1.057	0.493	NA	0.39	NA	-36.87	124.695
309	17	5	31.147	21.239	0	2	0	1.897	1.219	NA	0.84	NA	-68.199	-31.329
310	17	6	30.757	21.005	0	2	0	2.352	1.233	NA	0.455	NA	-149.036	-80.838
311	17	7	31.069	20.771	0	2	23	2.742	1.57	NA	0.39	NA	-36.87	112.166
312	17	8	31.147	20.537	0	2	0	2.989	1.815	NA	0.247	NA	-71.565	-34.695
313	17	9	31.381	20.225	0	2	23	3.379	2.198	NA	0.39	NA	-53.13	18.435
314	17	10	31.849	19.445	0	2	11	4.289	3.107	NA	0.91	NA	-59.036	-5.906
315	17	11	32.239	19.445	0	2	0	4.679	3.311	NA	0.39	NA	0	59.036
316	17	12	31.381	19.991	0	2	0	5.696	2.408	NA	1.017	NA	147.529	147.529
317	17	13	31.537	20.069	0	2	11	5.87	2.41	NA	0.174	NA	26.565	-120.964
318	17	14	31.537	20.069	0	2	11	5.87	2.41	NA	0	NA	0	-26.565
319	17	15	31.537	19.913	0	2	23	6.026	2.547	NA	0.156	NA	-90	-90
320	17	16	32.083	19.913	0	2	11	6.572	2.84	NA	0.546	NA	0	90
321	17	17	31.693	20.225	0	2	23	7.072	2.359	NA	0.5	NA	141.34	141.34
322	17	18	31.693	20.225	0	2	0	7.072	2.359	NA	0	NA	0	-141.34
323	17	19	31.381	20.225	0	2	34	7.384	2.198	NA	0.312	NA	180	180
324	17	20	30.991	20.537	0	2	11	7.884	1.753	NA	0.5	NA	141.34	-38.66
325	17	21	30.991	21.005	0	2	23	8.352	1.326	NA	0.468	NA	90	-51.34
326	17	22	30.835	21.317	0	2	0	8.7	0.978	NA	0.349	NA	116.565	26.565
327	17	23	30.445	21.317	0	2	0	9.091	0.862	NA	0.39	NA	180	63.435
328	17	24	30.367	21.941	0	2	0	9.72	0.234	NA	0.629	NA	97.125	-82.875
329	17	25	30.211	22.175	0	2	11	10.001	0.156	NA	0.281	NA	123.69	26.565
