Nr	TID	PID	x [micron]	y [micron]	t [sec]	c [idx]	I [val]	Len [micron]	D2S [micron]	D2R [micron]	D2P [micron]	v [micron/sec]	? [deg]	?? [deg]
1	1	1	6.375	17.505	0	2	121	0	0	NA	NA	NA	NA	NA
2	1	2	6.489	17.353	0	2	139	0.191	0.191	NA	0.191	NA	-53.13	NA
3	1	3	6.527	17.314	0	2	139	0.244	0.244	NA	0.054	NA	-45	8.13
4	1	4	6.68	17.391	0	2	65	0.415	0.326	NA	0.17	NA	26.565	71.565
5	1	5	6.718	17.391	0	2	74	0.453	0.362	NA	0.038	NA	0	-26.565
6	1	6	6.642	17.391	0	2	83	0.529	0.29	NA	0.076	NA	180	180
7	1	7	6.642	17.391	0	2	83	0.529	0.29	NA	0	NA	0	-180
8	1	8	6.794	17.314	0	2	46	0.7	0.461	NA	0.17	NA	-26.565	-26.565
9	1	9	6.718	17.353	0	2	65	0.785	0.375	NA	0.085	NA	153.435	180
10	1	10	6.756	17.429	0	2	55	0.87	0.389	NA	0.085	NA	63.435	-90
11	1	11	6.756	17.467	0	2	46	0.908	0.383	NA	0.038	NA	90	26.565
12	1	12	6.527	17.276	0	2	55	1.206	0.275	NA	0.298	NA	-140.194	129.806
13	1	13	6.489	17.314	0	2	27	1.26	0.222	NA	0.054	NA	135	-84.806
14	1	14	6.489	17.276	0	2	18	1.298	0.256	NA	0.038	NA	-90	135
15	1	15	6.68	17.124	0	2	9	1.542	0.488	NA	0.244	NA	-38.66	51.34
16	1	16	6.794	17.2	0	2	27	1.68	0.518	NA	0.137	NA	33.69	72.35
17	1	17	6.451	17.048	0	2	37	2.055	0.464	NA	0.375	NA	-156.038	170.272
18	1	18	6.68	17.048	0	2	9	2.284	0.55	NA	0.229	NA	0	156.038
19	2	1	10.835	15.332	0	2	65	0	0	NA	NA	NA	NA	NA
20	2	2	11.025	15.714	0	2	139	0.426	0.426	NA	0.426	NA	63.435	NA
21	2	3	11.216	15.866	0	2	9	0.67	0.656	NA	0.244	NA	38.66	-24.775
22	2	4	11.063	15.714	0	2	9	0.886	0.445	NA	0.216	NA	-135	-173.66
23	2	5	11.178	15.675	0	2	83	1.006	0.485	NA	0.121	NA	-18.435	116.565
24	2	6	11.33	15.675	0	2	9	1.159	0.603	NA	0.152	NA	0	18.435
25	2	7	11.559	15.942	0	2	18	1.51	0.947	NA	0.351	NA	49.399	49.399
26	2	8	11.635	15.752	0	2	83	1.716	0.904	NA	0.205	NA	-68.199	-117.597
27	2	9	11.902	15.637	0	2	18	2.006	1.11	NA	0.29	NA	-23.199	45
28	2	10	12.245	15.637	0	2	9	2.349	1.443	NA	0.343	NA	0	23.199
29	2	11	12.131	15.79	0	2	74	2.539	1.374	NA	0.191	NA	126.87	126.87
30	2	12	11.864	16.133	0	2	0	2.974	1.304	NA	0.435	NA	127.875	1.005
31	2	13	11.864	16.4	0	2	27	3.241	1.483	NA	0.267	NA	90	-37.875
32	2	14	11.635	16.133	0	2	18	3.592	1.132	NA	0.351	NA	-130.601	139.399
33	2	15	11.673	16.438	0	2	9	3.9	1.387	NA	0.307	NA	82.875	-146.524
34	2	16	11.483	16.361	0	2	18	4.105	1.216	NA	0.205	NA	-158.199	118.926
35	2	17	11.597	16.4	0	2	9	4.225	1.312	NA	0.121	NA	18.435	176.634
36	2	18	12.054	16.438	0	2	9	4.684	1.646	NA	0.459	NA	4.764	-13.671
37	2	19	12.245	16.247	0	2	27	4.954	1.681	NA	0.27	NA	-45	-49.764
38	2	20	11.559	16.323	0	2	0	5.644	1.227	NA	0.69	NA	173.66	-141.34
39	3	1	5.803	16.361	0	2	9	0	0	NA	NA	NA	NA	NA
40	3	2	5.346	16.285	0	2	9	0.464	0.464	NA	0.464	NA	-170.538	NA
41	3	3	5.041	16.323	0	2	9	0.771	0.763	NA	0.307	NA	172.875	-16.587
42	3	4	5.193	16.59	0	2	0	1.078	0.651	NA	0.307	NA	60.255	-112.62
43	3	5	6.032	16.59	0	2	9	1.917	0.323	NA	0.839	NA	0	-60.255
44	4	1	5.536	17.581	0	2	0	0	0	NA	NA	NA	NA	NA
45	4	2	5.651	17.048	0	2	9	0.546	0.546	NA	0.546	NA	-77.905	NA
46	4	3	4.927	16.857	0	2	0	1.295	0.947	NA	0.749	NA	-165.256	-87.351
47	4	4	4.736	16.819	0	2	0	1.489	1.105	NA	0.194	NA	-168.69	-3.434
48	4	5	5.193	17.124	0	2	0	2.039	0.572	NA	0.55	NA	33.69	-157.62
49	4	6	5.308	17.276	0	2	18	2.229	0.381	NA	0.191	NA	53.13	19.44
50	4	7	5.46	17.276	0	2	18	2.382	0.314	NA	0.152	NA	0	-53.13
51	4	8	5.498	17.276	0	2	18	2.42	0.307	NA	0.038	NA	0	0
52	4	9	5.231	16.933	0	2	9	2.854	0.716	NA	0.435	NA	-127.875	-127.875
53	4	10	5.422	17.2	0	2	9	3.182	0.398	NA	0.328	NA	54.462	-177.663
54	4	11	5.384	17.009	0	2	0	3.377	0.592	NA	0.194	NA	-101.31	-155.772
55	4	12	5.117	16.743	0	2	9	3.754	0.938	NA	0.377	NA	-135	-33.69
56	4	13	5.46	17.048	0	2	18	4.213	0.539	NA	0.459	NA	41.634	176.634
57	4	14	5.27	16.781	0	2	9	4.541	0.844	NA	0.328	NA	-125.538	-167.171
58	4	15	5.651	16.514	0	2	18	5.006	1.073	NA	0.465	NA	-34.992	90.546
59	4	16	5.689	16.628	0	2	9	5.127	0.965	NA	0.121	NA	71.565	106.557
60	5	1	7.48	17.467	0	2	9	0	0	NA	NA	NA	NA	NA
61	5	2	7.823	17.734	0	2	46	0.435	0.435	NA	0.435	NA	37.875	NA
62	5	3	7.976	17.657	0	2	18	0.605	0.531	NA	0.17	NA	-26.565	-64.44
63	5	4	8.09	17.657	0	2	18	0.719	0.639	NA	0.114	NA	0	26.565
64	6	1	11.216	16.743	0	2	27	0	0	NA	NA	NA	NA	NA
65	6	2	10.53	17.2	0	2	0	0.825	0.825	NA	0.825	NA	146.31	NA
66	6	3	9.958	17.2	0	2	9	1.396	1.338	NA	0.572	NA	180	33.69
67	6	4	9.272	16.819	0	2	0	2.181	1.945	NA	0.785	NA	-150.945	29.055
68	7	1	10.453	17.162	0	2	18	0	0	NA	NA	NA	NA	NA
69	7	2	10.11	17.238	0	2	18	0.351	0.351	NA	0.351	NA	167.471	NA
70	7	3	9.501	17.2	0	2	18	0.962	0.954	NA	0.611	NA	-176.424	16.105
71	7	4	8.891	17.276	0	2	18	1.577	1.567	NA	0.615	NA	172.875	-10.701
72	7	5	7.862	17.276	0	2	9	2.606	2.594	NA	1.029	NA	180	7.125
73	8	1	8.853	17.391	0	2	18	0	0	NA	NA	NA	NA	NA
74	8	2	9.081	17.581	0	2	0	0.298	0.298	NA	0.298	NA	39.806	NA
75	8	3	9.31	17.619	0	2	0	0.53	0.511	NA	0.232	NA	9.462	-30.343
76	8	4	9.081	17.619	0	2	0	0.758	0.323	NA	0.229	NA	180	170.538
77	8	5	9.005	17.619	0	2	9	0.834	0.275	NA	0.076	NA	180	0
78	8	6	9.043	17.581	0	2	9	0.888	0.27	NA	0.054	NA	-45	135
79	8	7	9.081	17.581	0	2	0	0.927	0.298	NA	0.038	NA	0	45
80	8	8	9.081	17.581	0	2	0	0.927	0.298	NA	0	NA	0	0
81	8	9	9.386	17.467	0	2	0	1.252	0.539	NA	0.326	NA	-20.556	-20.556
82	8	10	9.081	17.314	0	2	9	1.593	0.241	NA	0.341	NA	-153.435	-132.879
83	8	11	9.272	17.505	0	2	0	1.863	0.435	NA	0.27	NA	45	-161.565
84	8	12	9.234	17.391	0	2	27	1.983	0.381	NA	0.121	NA	-108.435	-153.435
85	8	13	9.005	17.238	0	2	9	2.258	0.216	NA	0.275	NA	-146.31	-37.875
86	8	14	9.234	17.353	0	2	18	2.514	0.383	NA	0.256	NA	26.565	172.875
87	9	1	7.862	17.734	0	2	18	0	0	NA	NA	NA	NA	NA
88	9	2	7.976	17.848	0	2	0	0.162	0.162	NA	0.162	NA	45	NA
89	9	3	8.205	17.505	0	2	0	0.574	0.412	NA	0.412	NA	-56.31	-101.31
90	9	4	8.205	17.467	0	2	27	0.612	0.435	NA	0.038	NA	-90	-33.69
91	9	5	8.586	17.124	0	2	18	1.125	0.947	NA	0.513	NA	-41.987	48.013
92	9	6	8.929	16.895	0	2	9	1.537	1.357	NA	0.412	NA	-33.69	8.297
93	10	1	10.911	14.837	0	2	9	0	0	NA	NA	NA	NA	NA
94	10	2	11.216	15.104	0	2	9	0.405	0.405	NA	0.405	NA	41.186	NA
95	10	3	11.521	15.18	0	2	18	0.719	0.7	NA	0.314	NA	14.036	-27.15
96	10	4	11.864	15.294	0	2	9	1.081	1.057	NA	0.362	NA	18.435	4.399
97	10	5	11.711	15.447	0	2	9	1.297	1.006	NA	0.216	NA	135	116.565
98	10	6	11.483	15.447	0	2	18	1.525	0.836	NA	0.229	NA	180	45
99	11	1	7.862	13.693	0	2	0	0	0	NA	NA	NA	NA	NA
100	11	2	8.814	14.341	0	2	9	1.152	1.152	NA	1.152	NA	34.216	NA
101	11	3	8.967	14.379	0	2	27	1.31	1.301	NA	0.157	NA	14.036	-20.179
102	11	4	9.348	14.418	0	2	27	1.693	1.654	NA	0.383	NA	5.711	-8.326
103	11	5	9.805	14.456	0	2	18	2.152	2.088	NA	0.459	NA	4.764	-0.947
104	11	6	9.805	14.379	0	2	27	2.228	2.061	NA	0.076	NA	-90	-94.764
105	11	7	10.149	14.379	0	2	9	2.571	2.388	NA	0.343	NA	0	90
106	12	1	13.427	13.503	0	2	9	0	0	NA	NA	NA	NA	NA
107	12	2	13.503	13.655	0	2	55	0.17	0.17	NA	0.17	NA	63.435	NA
108	12	3	13.503	13.655	0	2	0	0.17	0.17	NA	0	NA	0	-63.435
109	12	4	13.007	13.274	0	2	0	0.796	0.478	NA	0.625	NA	-142.431	-142.431
110	12	5	13.312	13.808	0	2	37	1.41	0.326	NA	0.615	NA	60.255	-157.313
111	12	6	13.083	13.388	0	2	27	1.888	0.362	NA	0.478	NA	-118.61	-178.866
112	12	7	13.122	13.35	0	2	27	1.942	0.341	NA	0.054	NA	-45	73.61
113	12	8	13.16	13.312	0	2	27	1.996	0.328	NA	0.054	NA	-45	0
114	12	9	13.427	13.35	0	2	9	2.265	0.152	NA	0.27	NA	8.13	53.13
115	12	10	13.579	13.465	0	2	0	2.456	0.157	NA	0.191	NA	36.87	28.74
116	13	1	12.664	14.57	0	2	37	0	0	NA	NA	NA	NA	NA
117	13	2	12.893	14.57	0	2	0	0.229	0.229	NA	0.229	NA	0	NA
118	13	3	12.893	14.57	0	2	18	0.229	0.229	NA	0	NA	0	0
119	13	4	12.855	14.684	0	2	27	0.349	0.222	NA	0.121	NA	108.435	108.435
120	13	5	12.855	14.684	0	2	27	0.349	0.222	NA	0	NA	0	-108.435
121	13	6	13.122	14.722	0	2	0	0.619	0.482	NA	0.27	NA	8.13	8.13
122	13	7	12.931	14.722	0	2	0	0.809	0.307	NA	0.191	NA	180	171.87
123	13	8	12.817	14.532	0	2	0	1.032	0.157	NA	0.222	NA	-120.964	59.036
124	13	9	12.893	14.532	0	2	9	1.108	0.232	NA	0.076	NA	0	120.964
