Nr	TID	PID	x [micron]	y [micron]	t [sec]	c [idx]	I [val]	Len [micron]	D2S [micron]	D2R [micron]	D2P [micron]	v [micron/sec]	? [deg]	?? [deg]
1	1	1	29.6	38.131	0	2	27	0	0	NA	NA	NA	NA	NA
2	1	2	29.759	38.131	0	2	74	0.159	0.159	NA	0.159	NA	0	NA
3	1	3	29.68	38.131	0	2	93	0.239	0.08	NA	0.08	NA	180	180
4	1	4	29.52	38.131	0	2	46	0.399	0.08	NA	0.159	NA	180	0
5	1	5	29.919	38.211	0	2	65	0.805	0.329	NA	0.407	NA	11.31	-168.69
6	1	6	29.919	38.211	0	2	65	0.805	0.329	NA	0	NA	0	-11.31
7	1	7	29.759	38.211	0	2	130	0.965	0.178	NA	0.159	NA	180	180
8	1	8	29.759	38.211	0	2	37	0.965	0.178	NA	0	NA	0	-180
9	1	9	29.441	37.972	0	2	65	1.363	0.226	NA	0.399	NA	-143.13	-143.13
10	1	10	29.68	37.972	0	2	46	1.603	0.178	NA	0.239	NA	0	143.13
11	1	11	29.919	38.051	0	2	102	1.855	0.329	NA	0.252	NA	18.435	18.435
12	1	12	29.919	38.051	0	2	27	1.855	0.329	NA	0	NA	0	-18.435
13	1	13	29.839	38.131	0	2	37	1.967	0.239	NA	0.113	NA	135	135
14	1	14	30.477	37.972	0	2	74	2.625	0.891	NA	0.657	NA	-14.036	-149.036
15	1	15	29.999	37.493	0	2	37	3.301	0.752	NA	0.677	NA	-135	-120.964
16	1	16	30.238	37.493	0	2	111	3.541	0.902	NA	0.239	NA	0	135
17	1	17	30.477	37.573	0	2	74	3.793	1.04	NA	0.252	NA	18.435	18.435
18	1	18	30.716	37.653	0	2	111	4.045	1.214	NA	0.252	NA	18.435	0
19	1	19	30.636	37.653	0	2	83	4.125	1.142	NA	0.08	NA	180	161.565
20	1	20	30.636	37.653	0	2	111	4.125	1.142	NA	0	NA	0	-180
21	1	21	30.557	37.733	0	2	65	4.237	1.036	NA	0.113	NA	135	135
22	1	22	30.557	37.733	0	2	55	4.237	1.036	NA	0	NA	0	-135
23	1	23	30.796	37.892	0	2	111	4.525	1.22	NA	0.287	NA	33.69	33.69
24	1	24	30.876	37.892	0	2	83	4.605	1.298	NA	0.08	NA	0	-33.69
25	1	25	30.876	37.892	0	2	27	4.605	1.298	NA	0	NA	0	0
26	1	26	30.955	37.334	0	2	27	5.168	1.573	NA	0.564	NA	-81.87	-81.87
27	1	27	30.716	37.653	0	2	65	5.567	1.214	NA	0.399	NA	126.87	-151.26
28	1	28	31.274	37.653	0	2	18	6.125	1.741	NA	0.558	NA	0	-126.87
29	1	29	30.955	37.812	0	2	46	6.482	1.392	NA	0.357	NA	153.435	153.435
30	1	30	30.796	37.733	0	2	46	6.66	1.261	NA	0.178	NA	-153.435	53.13
31	1	31	30.716	37.733	0	2	55	6.74	1.185	NA	0.08	NA	180	-26.565
32	1	32	30.716	37.733	0	2	55	6.74	1.185	NA	0	NA	0	-180
33	1	33	30.716	37.733	0	2	93	6.74	1.185	NA	0	NA	0	0
34	1	34	30.716	37.733	0	2	27	6.74	1.185	NA	0	NA	0	0
35	1	35	30.158	37.972	0	2	27	7.347	0.58	NA	0.607	NA	156.801	156.801
36	1	36	30.158	38.211	0	2	9	7.586	0.564	NA	0.239	NA	90	-66.801
37	1	37	30.158	38.53	0	2	65	7.905	0.686	NA	0.319	NA	90	0
38	1	38	30.158	38.61	0	2	9	7.985	0.735	NA	0.08	NA	90	0
39	1	39	30.158	38.769	0	2	27	8.144	0.848	NA	0.159	NA	90	0
40	1	40	30.158	38.849	0	2	37	8.224	0.909	NA	0.08	NA	90	0
41	1	41	30.158	38.849	0	2	83	8.224	0.909	NA	0	NA	0	-90
42	1	42	30.158	38.849	0	2	37	8.224	0.909	NA	0	NA	0	0
43	1	43	30.158	38.849	0	2	27	8.224	0.909	NA	0	NA	0	0
44	1	44	30.318	38.849	0	2	18	8.383	1.015	NA	0.159	NA	0	0
45	1	45	30.238	38.61	0	2	18	8.636	0.797	NA	0.252	NA	-108.435	-108.435
46	1	46	30.078	38.61	0	2	9	8.795	0.677	NA	0.159	NA	180	-71.565
47	1	47	30.078	38.61	0	2	27	8.795	0.677	NA	0	NA	0	-180
48	2	1	41.56	33.985	0	2	46	0	0	NA	NA	NA	NA	NA
49	2	2	41.719	33.985	0	2	37	0.159	0.159	NA	0.159	NA	0	NA
50	2	3	41.719	33.985	0	2	55	0.159	0.159	NA	0	NA	0	0
51	2	4	41.4	33.905	0	2	55	0.488	0.178	NA	0.329	NA	-165.964	-165.964
52	2	5	41.4	33.905	0	2	18	0.488	0.178	NA	0	NA	0	165.964
53	2	6	41.4	33.905	0	2	74	0.488	0.178	NA	0	NA	0	0
54	2	7	41.4	33.905	0	2	65	0.488	0.178	NA	0	NA	0	0
55	2	8	41.4	33.905	0	2	46	0.488	0.178	NA	0	NA	0	0
56	2	9	41.4	33.905	0	2	27	0.488	0.178	NA	0	NA	0	0
57	2	10	41.4	33.905	0	2	18	0.488	0.178	NA	0	NA	0	0
58	2	11	41.4	33.905	0	2	9	0.488	0.178	NA	0	NA	0	0
59	2	12	41.4	33.905	0	2	65	0.488	0.178	NA	0	NA	0	0
60	2	13	41.4	33.905	0	2	65	0.488	0.178	NA	0	NA	0	0
61	2	14	41.4	33.905	0	2	9	0.488	0.178	NA	0	NA	0	0
62	2	15	41.48	33.905	0	2	18	0.568	0.113	NA	0.08	NA	0	0
63	2	16	41.799	34.224	0	2	37	1.019	0.338	NA	0.451	NA	45	45
64	2	17	41.799	34.224	0	2	83	1.019	0.338	NA	0	NA	0	-45
65	2	18	41.799	34.224	0	2	27	1.019	0.338	NA	0	NA	0	0
66	2	19	41.799	34.224	0	2	9	1.019	0.338	NA	0	NA	0	0
67	2	20	41.241	33.905	0	2	27	1.662	0.329	NA	0.643	NA	-150.255	-150.255
68	2	21	41.241	33.905	0	2	37	1.662	0.329	NA	0	NA	0	150.255
69	2	22	41.241	33.905	0	2	46	1.662	0.329	NA	0	NA	0	0
70	2	23	41.48	33.905	0	2	18	1.901	0.113	NA	0.239	NA	0	0
71	2	24	41.48	33.905	0	2	27	1.901	0.113	NA	0	NA	0	0
72	2	25	41.4	33.905	0	2	65	1.981	0.178	NA	0.08	NA	180	180
73	2	26	41.4	33.905	0	2	55	1.981	0.178	NA	0	NA	0	-180
74	2	27	41.4	33.905	0	2	37	1.981	0.178	NA	0	NA	0	0
75	2	28	41.4	34.065	0	2	27	2.14	0.178	NA	0.159	NA	90	90
76	2	29	41.4	34.224	0	2	46	2.3	0.287	NA	0.159	NA	90	0
77	2	30	41.4	34.224	0	2	37	2.3	0.287	NA	0	NA	0	-90
78	2	31	41.4	34.384	0	2	83	2.459	0.429	NA	0.159	NA	90	90
79	2	32	41.4	34.384	0	2	27	2.459	0.429	NA	0	NA	0	-90
80	2	33	41.4	34.623	0	2	37	2.698	0.657	NA	0.239	NA	90	90
81	2	34	41.4	34.703	0	2	9	2.778	0.735	NA	0.08	NA	90	0
82	2	35	42.118	34.543	0	2	55	3.513	0.789	NA	0.735	NA	-12.529	-102.529
83	2	36	42.357	34.464	0	2	65	3.765	0.93	NA	0.252	NA	-18.435	-5.906
84	3	1	43.952	32.709	0	2	27	0	0	NA	NA	NA	NA	NA
85	3	2	43.074	32.391	0	2	83	0.933	0.933	NA	0.933	NA	-160.017	NA
86	3	3	41.4	32.789	0	2	65	2.654	2.553	NA	1.721	NA	166.608	-33.376
87	3	4	40.124	33.028	0	2	9	3.952	3.84	NA	1.298	NA	169.38	2.773
88	3	5	40.124	33.028	0	2	9	3.952	3.84	NA	0	NA	0	-169.38
89	3	6	40.124	33.028	0	2	9	3.952	3.84	NA	0	NA	0	0
90	3	7	40.124	32.709	0	2	27	4.271	3.827	NA	0.319	NA	-90	-90
91	3	8	40.124	32.709	0	2	9	4.271	3.827	NA	0	NA	0	90
92	3	9	40.045	32.63	0	2	37	4.384	3.908	NA	0.113	NA	-135	-135
93	3	10	40.045	32.63	0	2	18	4.384	3.908	NA	0	NA	0	135
94	3	11	38.769	32.789	0	2	18	5.67	5.183	NA	1.286	NA	172.875	172.875
95	3	12	39.327	33.028	0	2	18	6.277	4.635	NA	0.607	NA	23.199	-149.676
96	3	13	39.327	33.028	0	2	0	6.277	4.635	NA	0	NA	0	-23.199
97	3	14	39.088	33.028	0	2	0	6.516	4.874	NA	0.239	NA	180	180
98	3	15	39.008	32.949	0	2	55	6.629	4.949	NA	0.113	NA	-135	45
99	3	16	38.928	32.949	0	2	37	6.708	5.029	NA	0.08	NA	180	-45
100	3	17	39.168	33.028	0	2	9	6.961	4.794	NA	0.252	NA	18.435	-161.565
101	3	18	39.088	32.869	0	2	27	7.139	4.866	NA	0.178	NA	-116.565	-135
102	3	19	39.566	33.028	0	2	18	7.643	4.397	NA	0.504	NA	18.435	135
103	3	20	39.566	33.028	0	2	37	7.643	4.397	NA	0	NA	0	-18.435
104	4	1	44.749	35.58	0	2	18	0	0	NA	NA	NA	NA	NA
105	4	2	45.546	35.181	0	2	9	0.891	0.891	NA	0.891	NA	-26.565	NA
106	4	3	45.466	35.181	0	2	18	0.971	0.821	NA	0.08	NA	180	-153.435
107	4	4	45.227	35.101	0	2	0	1.223	0.677	NA	0.252	NA	-161.565	18.435
108	4	5	45.147	35.101	0	2	9	1.303	0.623	NA	0.08	NA	180	-18.435
109	4	6	45.227	35.101	0	2	46	1.383	0.677	NA	0.08	NA	0	-180
110	4	7	45.068	34.942	0	2	46	1.608	0.713	NA	0.226	NA	-135	-135
111	4	8	45.068	34.942	0	2	18	1.608	0.713	NA	0	NA	0	135
112	4	9	44.669	34.703	0	2	9	2.073	0.881	NA	0.465	NA	-149.036	-149.036
113	4	10	44.988	34.703	0	2	46	2.392	0.909	NA	0.319	NA	0	149.036
114	4	11	45.227	34.782	0	2	9	2.644	0.93	NA	0.252	NA	18.435	18.435
115	4	12	44.589	34.543	0	2	27	3.325	1.049	NA	0.681	NA	-159.444	-177.879
116	4	13	44.35	34.464	0	2	46	3.578	1.185	NA	0.252	NA	-161.565	-2.121
117	4	14	45.227	34.623	0	2	18	4.469	1.07	NA	0.891	NA	10.305	171.87
118	4	15	45.068	34.623	0	2	9	4.628	1.009	NA	0.159	NA	180	169.695
119	4	16	44.988	34.782	0	2	9	4.807	0.832	NA	0.178	NA	116.565	-63.435
120	4	17	45.147	34.862	0	2	9	4.985	0.821	NA	0.178	NA	26.565	-90
121	4	18	44.35	34.623	0	2	0	5.817	1.036	NA	0.832	NA	-163.301	170.134
122	4	19	44.988	34.862	0	2	46	6.499	0.756	NA	0.681	NA	20.556	-176.143
123	4	20	45.147	34.862	0	2	0	6.658	0.821	NA	0.159	NA	0	-20.556
124	4	21	44.988	34.862	0	2	27	6.818	0.756	NA	0.159	NA	180	180
125	4	22	45.387	34.862	0	2	18	7.216	0.96	NA	0.399	NA	0	-180
126	4	23	44.988	35.341	0	2	55	7.839	0.338	NA	0.623	NA	129.806	129.806
127	4	24	44.988	35.819	0	2	0	8.317	0.338	NA	0.478	NA	90	-39.806
128	4	25	44.988	35.819	0	2	0	8.317	0.338	NA	0	NA	0	-90
129	4	26	44.988	35.819	0	2	9	8.317	0.338	NA	0	NA	0	0
130	4	27	44.988	35.819	0	2	9	8.317	0.338	NA	0	NA	0	0
131	4	28	44.749	35.58	0	2	9	8.656	0	NA	0.338	NA	-135	-135
132	4	29	44.589	35.66	0	2	18	8.834	0.178	NA	0.178	NA	153.435	-71.565
133	4	30	44.031	36.218	0	2	18	9.623	0.96	NA	0.789	NA	135	-18.435
134	4	31	42.516	36.537	0	2	0	11.171	2.429	NA	1.548	NA	168.111	33.111
135	5	1	39.646	39.168	0	2	0	0	0	NA	NA	NA	NA	NA
136	5	2	39.487	39.168	0	2	65	0.159	0.159	NA	0.159	NA	180	NA
137	5	3	39.008	40.762	0	2	9	1.824	1.717	NA	1.665	NA	106.699	-73.301
138	5	4	38.37	41.241	0	2	55	2.622	2.434	NA	0.797	NA	143.13	36.431
139	5	5	37.972	41.48	0	2	27	3.086	2.855	NA	0.465	NA	149.036	5.906
140	5	6	38.051	41.719	0	2	18	3.339	3.009	NA	0.252	NA	71.565	-77.471
141	5	7	37.892	41.56	0	2	18	3.564	2.966	NA	0.226	NA	-135	153.435
142	5	8	38.45	41.48	0	2	18	4.128	2.603	NA	0.564	NA	-8.13	126.87
143	5	9	38.131	41.4	0	2	27	4.457	2.698	NA	0.329	NA	-165.964	-157.834
144	5	10	37.972	41.32	0	2	9	4.635	2.727	NA	0.178	NA	-153.435	12.529
145	6	1	35.899	41.879	0	2	27	0	0	NA	NA	NA	NA	NA
146	6	2	35.978	41.32	0	2	37	0.564	0.564	NA	0.564	NA	-81.87	NA
147	6	3	35.978	41.32	0	2	27	0.564	0.564	NA	0	NA	0	81.87
148	6	4	35.739	41.241	0	2	18	0.816	0.657	NA	0.252	NA	-161.565	-161.565
149	6	5	35.739	41.241	0	2	37	0.816	0.657	NA	0	NA	0	161.565
150	6	6	36.058	41.241	0	2	37	1.135	0.657	NA	0.319	NA	0	0
151	6	7	35.739	41.32	0	2	18	1.464	0.58	NA	0.329	NA	165.964	165.964
152	6	8	35.739	41.081	0	2	27	1.703	0.813	NA	0.239	NA	-90	104.036
153	6	9	35.739	41.081	0	2	55	1.703	0.813	NA	0	NA	0	90
154	6	10	35.899	41.081	0	2	46	1.862	0.797	NA	0.159	NA	0	0
155	6	11	35.66	41.001	0	2	46	2.114	0.909	NA	0.252	NA	-161.565	-161.565
156	6	12	35.66	41.001	0	2	46	2.114	0.909	NA	0	NA	0	161.565
157	6	13	35.58	41.48	0	2	9	2.599	0.511	NA	0.485	NA	99.462	99.462
158	6	14	36.377	41.241	0	2	37	3.432	0.797	NA	0.832	NA	-16.699	-116.162
159	6	15	36.058	41.241	0	2	65	3.751	0.657	NA	0.319	NA	180	-163.301
160	6	16	36.297	41.4	0	2	27	4.038	0.623	NA	0.287	NA	33.69	-146.31
161	6	17	36.138	41.081	0	2	37	4.395	0.832	NA	0.357	NA	-116.565	-150.255
162	6	18	36.218	41.161	0	2	55	4.507	0.785	NA	0.113	NA	45	161.565
163	6	19	36.058	41.32	0	2	27	4.733	0.58	NA	0.226	NA	135	90
164	6	20	35.978	41.32	0	2	55	4.813	0.564	NA	0.08	NA	180	45
165	6	21	35.978	41.32	0	2	55	4.813	0.564	NA	0	NA	0	-180
166	6	22	36.138	41.32	0	2	37	4.972	0.607	NA	0.159	NA	0	0
167	6	23	36.058	41.32	0	2	37	5.052	0.58	NA	0.08	NA	180	180
168	6	24	35.819	41.719	0	2	9	5.517	0.178	NA	0.465	NA	120.964	-59.036
169	6	25	35.42	41.719	0	2	27	5.915	0.504	NA	0.399	NA	180	59.036
170	6	26	35.42	41.719	0	2	9	5.915	0.504	NA	0	NA	0	-180
171	6	27	35.899	41.879	0	2	0	6.42	0	NA	0.504	NA	18.435	18.435
172	6	28	35.899	41.719	0	2	0	6.579	0.159	NA	0.159	NA	-90	-108.435
173	6	29	35.739	41.48	0	2	27	6.867	0.429	NA	0.287	NA	-123.69	-33.69
174	6	30	36.218	41.879	0	2	27	7.489	0.319	NA	0.623	NA	39.806	163.496
175	6	31	35.819	41.4	0	2	65	8.112	0.485	NA	0.623	NA	-129.806	-169.611
176	6	32	36.297	41.48	0	2	27	8.597	0.564	NA	0.485	NA	9.462	139.268
177	6	33	35.819	41.56	0	2	37	9.082	0.329	NA	0.485	NA	170.538	161.075
178	6	34	34.942	41.879	0	2	9	10.015	0.957	NA	0.933	NA	160.017	-10.521
179	6	35	35.341	42.197	0	2	27	10.526	0.643	NA	0.511	NA	38.66	-121.357
180	6	36	35.899	41.56	0	2	27	11.373	0.319	NA	0.848	NA	-48.814	-87.474
181	6	37	35.819	41.639	0	2	46	11.486	0.252	NA	0.113	NA	135	-176.186
182	6	38	35.58	41.719	0	2	18	11.738	0.357	NA	0.252	NA	161.565	26.565
183	7	1	34.623	39.008	0	2	27	0	0	NA	NA	NA	NA	NA
184	7	2	34.623	39.327	0	2	37	0.319	0.319	NA	0.319	NA	90	NA
185	7	3	34.703	39.327	0	2	9	0.399	0.329	NA	0.08	NA	0	-90
186	7	4	34.384	39.168	0	2	18	0.755	0.287	NA	0.357	NA	-153.435	-153.435
187	7	5	34.464	40.124	0	2	18	1.715	1.128	NA	0.96	NA	85.236	-121.329
188	7	6	34.703	39.646	0	2	9	2.25	0.643	NA	0.535	NA	-63.435	-148.671
189	7	7	34.703	39.487	0	2	9	2.41	0.485	NA	0.159	NA	-90	-26.565
190	7	8	34.623	39.407	0	2	0	2.522	0.399	NA	0.113	NA	-135	-45
191	7	9	34.623	39.407	0	2	37	2.522	0.399	NA	0	NA	0	135
192	7	10	34.862	39.407	0	2	0	2.762	0.465	NA	0.239	NA	0	0
193	7	11	34.862	39.407	0	2	9	2.762	0.465	NA	0	NA	0	0
194	7	12	34.862	39.407	0	2	18	2.762	0.465	NA	0	NA	0	0
195	7	13	34.942	39.487	0	2	55	2.874	0.575	NA	0.113	NA	45	45
196	7	14	35.101	39.407	0	2	37	3.053	0.623	NA	0.178	NA	-26.565	-71.565
197	7	15	35.022	39.407	0	2	37	3.132	0.564	NA	0.08	NA	180	-153.435
198	7	16	35.261	39.407	0	2	18	3.372	0.752	NA	0.239	NA	0	-180
199	7	17	35.341	39.487	0	2	18	3.484	0.862	NA	0.113	NA	45	45
200	7	18	35.181	39.407	0	2	9	3.663	0.686	NA	0.178	NA	-153.435	161.565
201	7	19	35.5	38.849	0	2	0	4.305	0.891	NA	0.643	NA	-60.255	93.18
202	7	20	35.261	38.928	0	2	18	4.558	0.643	NA	0.252	NA	161.565	-138.18
203	8	1	21.149	39.487	0	2	93	0	0	NA	NA	NA	NA	NA
204	8	2	20.909	39.327	0	2	37	0.287	0.287	NA	0.287	NA	-146.31	NA
205	8	3	21.388	39.487	0	2	18	0.792	0.239	NA	0.504	NA	18.435	164.745
206	8	4	20.83	39.885	0	2	37	1.478	0.511	NA	0.686	NA	144.462	126.027
207	8	5	20.83	39.885	0	2	18	1.478	0.511	NA	0	NA	0	-144.462
208	8	6	20.83	39.965	0	2	65	1.557	0.575	NA	0.08	NA	90	90
209	8	7	20.431	40.683	0	2	37	2.378	1.395	NA	0.821	NA	119.055	29.055
210	8	8	20.431	40.364	0	2	74	2.697	1.133	NA	0.319	NA	-90	150.945
211	8	9	20.511	40.443	0	2	37	2.81	1.15	NA	0.113	NA	45	135
212	8	10	20.511	40.443	0	2	37	2.81	1.15	NA	0	NA	0	-45
213	8	11	20.511	40.443	0	2	46	2.81	1.15	NA	0	NA	0	0
214	8	12	20.59	40.443	0	2	55	2.89	1.108	NA	0.08	NA	0	0
215	8	13	20.59	40.443	0	2	46	2.89	1.108	NA	0	NA	0	0
216	8	14	21.228	40.124	0	2	0	3.603	0.643	NA	0.713	NA	-26.565	-26.565
217	8	15	21.228	40.045	0	2	9	3.682	0.564	NA	0.08	NA	-90	-63.435
218	8	16	21.149	40.045	0	2	37	3.762	0.558	NA	0.08	NA	180	-90
219	8	17	21.627	39.646	0	2	27	4.385	0.504	NA	0.623	NA	-39.806	140.194
220	8	18	21.627	39.646	0	2	55	4.385	0.504	NA	0	NA	0	39.806
221	8	19	21.627	39.646	0	2	74	4.385	0.504	NA	0	NA	0	0
222	8	20	21.547	39.965	0	2	46	4.714	0.623	NA	0.329	NA	104.036	104.036
223	8	21	21.547	39.965	0	2	27	4.714	0.623	NA	0	NA	0	-104.036
224	8	22	21.149	40.124	0	2	27	5.143	0.638	NA	0.429	NA	158.199	158.199
225	8	23	21.149	40.124	0	2	27	5.143	0.638	NA	0	NA	0	-158.199
226	8	24	21.388	40.124	0	2	18	5.382	0.681	NA	0.239	NA	0	0
227	8	25	21.388	40.124	0	2	46	5.382	0.681	NA	0	NA	0	0
228	8	26	21.467	40.124	0	2	27	5.462	0.713	NA	0.08	NA	0	0
229	8	27	21.308	40.045	0	2	102	5.64	0.58	NA	0.178	NA	-153.435	-153.435
230	8	28	21.308	40.045	0	2	55	5.64	0.58	NA	0	NA	0	153.435
231	8	29	21.308	40.045	0	2	55	5.64	0.58	NA	0	NA	0	0
232	8	30	21.308	40.045	0	2	37	5.64	0.58	NA	0	NA	0	0
233	8	31	21.308	40.045	0	2	27	5.64	0.58	NA	0	NA	0	0
234	8	32	21.627	39.726	0	2	55	6.091	0.535	NA	0.451	NA	-45	-45
235	8	33	21.627	39.726	0	2	46	6.091	0.535	NA	0	NA	0	45
236	8	34	21.627	39.726	0	2	65	6.091	0.535	NA	0	NA	0	0
237	8	35	21.946	39.407	0	2	27	6.542	0.801	NA	0.451	NA	-45	-45
238	8	36	21.946	39.407	0	2	46	6.542	0.801	NA	0	NA	0	45
239	8	37	22.185	38.928	0	2	65	7.077	1.177	NA	0.535	NA	-63.435	-63.435
240	8	38	22.185	38.928	0	2	27	7.077	1.177	NA	0	NA	0	63.435
241	8	39	22.584	38.928	0	2	46	7.476	1.54	NA	0.399	NA	0	0
242	9	1	23.78	37.733	0	2	46	0	0	NA	NA	NA	NA	NA
243	9	2	23.222	38.61	0	2	46	1.04	1.04	NA	1.04	NA	122.471	NA
244	9	3	22.823	38.769	0	2	65	1.469	1.411	NA	0.429	NA	158.199	35.727
245	9	4	22.584	39.008	0	2	111	1.807	1.749	NA	0.338	NA	135	-23.199
246	9	5	22.265	39.247	0	2	65	2.206	2.142	NA	0.399	NA	143.13	8.13
247	9	6	22.265	39.726	0	2	55	2.684	2.504	NA	0.478	NA	90	-53.13
248	9	7	21.707	40.045	0	2	18	3.327	3.105	NA	0.643	NA	150.255	60.255
249	9	8	21.069	40.922	0	2	46	4.411	4.186	NA	1.084	NA	126.027	-24.228
250	9	9	21.069	40.922	0	2	27	4.411	4.186	NA	0	NA	0	-126.027
251	9	10	20.67	41.241	0	2	83	4.922	4.688	NA	0.511	NA	141.34	141.34
252	9	11	20.192	41.879	0	2	9	5.719	5.483	NA	0.797	NA	126.87	-14.47
253	9	12	20.032	41.4	0	2	55	6.224	5.243	NA	0.504	NA	-108.435	124.695
254	10	1	21.866	34.224	0	2	55	0	0	NA	NA	NA	NA	NA
255	10	2	21.627	34.145	0	2	83	0.252	0.252	NA	0.252	NA	-161.565	NA
256	10	3	21.627	34.145	0	2	130	0.252	0.252	NA	0	NA	0	161.565
257	10	4	21.627	34.145	0	2	0	0.252	0.252	NA	0	NA	0	0
258	10	5	21.228	34.543	0	2	121	0.816	0.713	NA	0.564	NA	135	135
259	10	6	21.228	34.543	0	2	65	0.816	0.713	NA	0	NA	0	-135
260	10	7	21.069	34.543	0	2	83	0.975	0.859	NA	0.159	NA	180	180
261	10	8	21.069	34.543	0	2	93	0.975	0.859	NA	0	NA	0	-180
262	10	9	21.149	34.543	0	2	83	1.055	0.785	NA	0.08	NA	0	0
263	10	10	21.308	34.623	0	2	121	1.233	0.686	NA	0.178	NA	26.565	26.565
264	10	11	21.388	34.782	0	2	37	1.412	0.735	NA	0.178	NA	63.435	36.87
265	10	12	21.388	34.782	0	2	83	1.412	0.735	NA	0	NA	0	-63.435
266	10	13	21.627	34.782	0	2	55	1.651	0.607	NA	0.239	NA	0	0
267	10	14	21.627	34.782	0	2	27	1.651	0.607	NA	0	NA	0	0
268	10	15	21.627	34.782	0	2	27	1.651	0.607	NA	0	NA	0	0
269	10	16	21.627	34.782	0	2	55	1.651	0.607	NA	0	NA	0	0
270	10	17	21.627	34.782	0	2	55	1.651	0.607	NA	0	NA	0	0
271	10	18	21.627	34.782	0	2	46	1.651	0.607	NA	0	NA	0	0
272	10	19	21.308	34.703	0	2	55	1.98	0.735	NA	0.329	NA	-165.964	-165.964
273	10	20	21.467	34.703	0	2	93	2.139	0.623	NA	0.159	NA	0	165.964
274	10	21	21.547	34.782	0	2	74	2.252	0.643	NA	0.113	NA	45	45
275	10	22	21.388	34.782	0	2	121	2.411	0.735	NA	0.159	NA	180	135
276	10	23	21.308	34.782	0	2	74	2.491	0.789	NA	0.08	NA	180	0
277	10	24	21.069	34.942	0	2	27	2.778	1.073	NA	0.287	NA	146.31	-33.69
278	10	25	21.069	34.782	0	2	130	2.938	0.973	NA	0.159	NA	-90	123.69
279	10	26	21.149	34.703	0	2	93	3.051	0.862	NA	0.113	NA	-45	45
280	10	27	21.149	35.022	0	2	65	3.37	1.073	NA	0.319	NA	90	135
281	10	28	21.149	35.101	0	2	65	3.449	1.133	NA	0.08	NA	90	0
282	10	29	21.308	35.101	0	2	65	3.609	1.04	NA	0.159	NA	0	-90
283	10	30	21.627	35.022	0	2	102	3.938	0.832	NA	0.329	NA	-14.036	-14.036
284	10	31	21.388	35.022	0	2	65	4.177	0.93	NA	0.239	NA	180	-165.964
285	10	32	21.388	34.942	0	2	37	4.256	0.862	NA	0.08	NA	-90	90
286	10	33	21.388	34.942	0	2	93	4.256	0.862	NA	0	NA	0	90
287	10	34	21.388	34.942	0	2	83	4.256	0.862	NA	0	NA	0	0
288	10	35	21.388	35.261	0	2	37	4.575	1.142	NA	0.319	NA	90	90
289	10	36	21.069	35.261	0	2	37	4.894	1.308	NA	0.319	NA	180	90
290	10	37	21.308	35.261	0	2	37	5.134	1.177	NA	0.239	NA	0	-180
291	10	38	21.547	35.022	0	2	111	5.472	0.859	NA	0.338	NA	-45	-45
292	10	39	21.547	35.022	0	2	83	5.472	0.859	NA	0	NA	0	45
293	10	40	21.547	35.022	0	2	130	5.472	0.859	NA	0	NA	0	0
294	10	41	21.547	35.022	0	2	83	5.472	0.859	NA	0	NA	0	0
295	10	42	21.547	35.022	0	2	27	5.472	0.859	NA	0	NA	0	0
296	10	43	21.547	35.022	0	2	55	5.472	0.859	NA	0	NA	0	0
297	10	44	21.149	35.022	0	2	27	5.87	1.073	NA	0.399	NA	180	180
298	10	45	21.308	35.101	0	2	102	6.049	1.04	NA	0.178	NA	26.565	-153.435
299	10	46	21.308	35.341	0	2	46	6.288	1.248	NA	0.239	NA	90	63.435
300	10	47	21.308	35.341	0	2	37	6.288	1.248	NA	0	NA	0	-90
301	10	48	21.308	35.341	0	2	74	6.288	1.248	NA	0	NA	0	0
302	10	49	21.308	35.261	0	2	93	6.368	1.177	NA	0.08	NA	-90	-90
303	10	50	21.308	35.261	0	2	55	6.368	1.177	NA	0	NA	0	90
304	11	1	21.149	43.473	0	2	27	0	0	NA	NA	NA	NA	NA
305	11	2	21.388	43.234	0	2	65	0.338	0.338	NA	0.338	NA	-45	NA
306	11	3	21.627	43.234	0	2	18	0.577	0.535	NA	0.239	NA	0	45
307	11	4	21.627	43.074	0	2	46	0.737	0.623	NA	0.159	NA	-90	-90
308	11	5	21.627	43.074	0	2	55	0.737	0.623	NA	0	NA	0	90
309	11	6	21.627	43.074	0	2	65	0.737	0.623	NA	0	NA	0	0
310	11	7	22.026	42.995	0	2	93	1.143	0.999	NA	0.407	NA	-11.31	-11.31
311	11	8	22.105	42.995	0	2	102	1.223	1.07	NA	0.08	NA	0	11.31
312	11	9	22.105	42.676	0	2	46	1.542	1.245	NA	0.319	NA	-90	-90
313	11	10	22.185	42.596	0	2	37	1.655	1.358	NA	0.113	NA	-45	45
314	11	11	22.265	42.596	0	2	18	1.735	1.42	NA	0.08	NA	0	45
315	11	12	22.265	42.516	0	2	74	1.814	1.47	NA	0.08	NA	-90	-90
316	11	13	22.504	42.437	0	2	93	2.066	1.706	NA	0.252	NA	-18.435	71.565
317	11	14	22.823	42.277	0	2	18	2.423	2.058	NA	0.357	NA	-26.565	-8.13
318	11	15	22.504	42.118	0	2	102	2.78	1.917	NA	0.357	NA	-153.435	-126.87
319	11	16	22.663	42.118	0	2	83	2.939	2.033	NA	0.159	NA	0	153.435
320	11	17	22.743	41.719	0	2	46	3.346	2.371	NA	0.407	NA	-78.69	-78.69
321	11	18	22.743	41.719	0	2	102	3.346	2.371	NA	0	NA	0	78.69
322	11	19	22.743	41.719	0	2	74	3.346	2.371	NA	0	NA	0	0
323	11	20	22.982	41.719	0	2	83	3.585	2.538	NA	0.239	NA	0	0
324	11	21	22.982	41.719	0	2	46	3.585	2.538	NA	0	NA	0	0
325	11	22	22.823	41.56	0	2	65	3.81	2.543	NA	0.226	NA	-135	-135
326	11	23	22.823	41.56	0	2	74	3.81	2.543	NA	0	NA	0	135
327	11	24	23.222	41.719	0	2	55	4.24	2.716	NA	0.429	NA	21.801	21.801
328	11	25	23.222	41.719	0	2	93	4.24	2.716	NA	0	NA	0	-21.801
329	11	26	23.222	41.719	0	2	55	4.24	2.716	NA	0	NA	0	0
330	11	27	23.142	41.719	0	2	55	4.319	2.655	NA	0.08	NA	180	180
331	11	28	23.142	41.719	0	2	55	4.319	2.655	NA	0	NA	0	-180
332	11	29	23.142	41.719	0	2	55	4.319	2.655	NA	0	NA	0	0
333	11	30	23.381	41.639	0	2	83	4.572	2.889	NA	0.252	NA	-18.435	-18.435
334	11	31	22.982	41.639	0	2	74	4.97	2.593	NA	0.399	NA	180	-161.565
335	11	32	22.982	41.799	0	2	46	5.13	2.483	NA	0.159	NA	90	-90
336	11	33	22.982	41.958	0	2	139	5.289	2.379	NA	0.159	NA	90	0
337	11	34	22.982	41.958	0	2	55	5.289	2.379	NA	0	NA	0	-90
338	11	35	22.743	42.118	0	2	65	5.577	2.093	NA	0.287	NA	146.31	146.31
339	11	36	22.504	42.197	0	2	55	5.829	1.861	NA	0.252	NA	161.565	15.255
340	11	37	22.504	42.197	0	2	102	5.829	1.861	NA	0	NA	0	-161.565
341	11	38	22.663	41.48	0	2	83	6.564	2.504	NA	0.735	NA	-77.471	-77.471
342	11	39	22.663	41.48	0	2	65	6.564	2.504	NA	0	NA	0	77.471
343	11	40	22.823	41.48	0	2	102	6.723	2.603	NA	0.159	NA	0	0
344	12	1	28.245	32.47	0	2	9	0	0	NA	NA	NA	NA	NA
345	12	2	28.245	32.47	0	2	27	0	0	NA	0	NA	0	NA
346	12	3	28.245	32.47	0	2	27	0	0	NA	0	NA	0	0
347	12	4	28.324	32.311	0	2	46	0.178	0.178	NA	0.178	NA	-63.435	-63.435
348	12	5	28.484	32.311	0	2	46	0.338	0.287	NA	0.159	NA	0	63.435
349	12	6	28.484	32.311	0	2	37	0.338	0.287	NA	0	NA	0	0
350	12	7	28.484	32.311	0	2	27	0.338	0.287	NA	0	NA	0	0
351	12	8	28.564	32.311	0	2	27	0.417	0.357	NA	0.08	NA	0	0
352	12	9	28.643	32.311	0	2	27	0.497	0.429	NA	0.08	NA	0	0
353	12	10	28.723	32.311	0	2	9	0.577	0.504	NA	0.08	NA	0	0
354	12	11	28.723	32.311	0	2	37	0.577	0.504	NA	0	NA	0	0
355	12	12	28.723	32.311	0	2	65	0.577	0.504	NA	0	NA	0	0
356	12	13	28.723	32.311	0	2	18	0.577	0.504	NA	0	NA	0	0
357	12	14	28.723	32.311	0	2	18	0.577	0.504	NA	0	NA	0	0
358	12	15	28.723	32.311	0	2	46	0.577	0.504	NA	0	NA	0	0
359	12	16	28.882	32.311	0	2	18	0.736	0.657	NA	0.159	NA	0	0
360	12	17	28.882	32.311	0	2	18	0.736	0.657	NA	0	NA	0	0
361	12	18	28.723	32.789	0	2	27	1.241	0.575	NA	0.504	NA	108.435	108.435
362	12	19	28.723	32.789	0	2	27	1.241	0.575	NA	0	NA	0	-108.435
363	12	20	28.723	32.789	0	2	55	1.241	0.575	NA	0	NA	0	0
364	12	21	28.723	32.789	0	2	18	1.241	0.575	NA	0	NA	0	0
365	12	22	28.723	32.789	0	2	27	1.241	0.575	NA	0	NA	0	0
366	12	23	28.643	32.55	0	2	46	1.493	0.407	NA	0.252	NA	-108.435	-108.435
367	12	24	28.643	32.55	0	2	27	1.493	0.407	NA	0	NA	0	108.435
368	12	25	28.643	32.789	0	2	27	1.732	0.511	NA	0.239	NA	90	90
369	12	26	28.643	32.789	0	2	18	1.732	0.511	NA	0	NA	0	-90
370	12	27	28.882	32.869	0	2	27	1.984	0.752	NA	0.252	NA	18.435	18.435
371	12	28	28.723	32.789	0	2	27	2.162	0.575	NA	0.178	NA	-153.435	-171.87
372	12	29	28.723	32.789	0	2	0	2.162	0.575	NA	0	NA	0	153.435
373	12	30	28.723	32.789	0	2	9	2.162	0.575	NA	0	NA	0	0
374	12	31	28.882	32.789	0	2	18	2.322	0.713	NA	0.159	NA	0	0
375	12	32	29.122	32.709	0	2	0	2.574	0.909	NA	0.252	NA	-18.435	-18.435
376	12	33	29.122	32.709	0	2	9	2.574	0.909	NA	0	NA	0	18.435
377	12	34	29.122	32.63	0	2	0	2.654	0.891	NA	0.08	NA	-90	-90
378	12	35	29.201	32.63	0	2	18	2.733	0.97	NA	0.08	NA	0	90
379	12	36	29.281	32.47	0	2	27	2.912	1.036	NA	0.178	NA	-63.435	-63.435
380	12	37	29.042	32.151	0	2	0	3.31	0.859	NA	0.399	NA	-126.87	-63.435
381	12	38	29.361	32.391	0	2	9	3.709	1.119	NA	0.399	NA	36.87	163.74
382	12	39	29.6	32.63	0	2	18	4.047	1.365	NA	0.338	NA	45	8.13
383	12	40	29.441	32.869	0	2	9	4.335	1.261	NA	0.287	NA	123.69	78.69
384	12	41	29.361	32.789	0	2	18	4.448	1.161	NA	0.113	NA	-135	101.31
385	12	42	29.201	32.789	0	2	9	4.607	1.009	NA	0.159	NA	180	-45
386	12	43	28.882	33.268	0	2	27	5.182	1.021	NA	0.575	NA	123.69	-56.31
387	12	44	28.484	33.347	0	2	9	5.588	0.909	NA	0.407	NA	168.69	45
388	12	45	28.723	33.188	0	2	9	5.876	0.862	NA	0.287	NA	-33.69	157.62
389	12	46	28.404	33.666	0	2	27	6.451	1.207	NA	0.575	NA	123.69	157.38
390	12	47	28.404	33.826	0	2	18	6.61	1.365	NA	0.159	NA	90	-33.69
391	13	1	17.003	39.726	0	2	55	0	0	NA	NA	NA	NA	NA
392	13	2	17.003	39.726	0	2	74	0	0	NA	0	NA	0	NA
393	13	3	17.082	39.726	0	2	37	0.08	0.08	NA	0.08	NA	0	0
394	13	4	17.082	39.726	0	2	83	0.08	0.08	NA	0	NA	0	0
395	13	5	17.082	39.726	0	2	93	0.08	0.08	NA	0	NA	0	0
396	13	6	17.082	39.726	0	2	74	0.08	0.08	NA	0	NA	0	0
397	13	7	17.162	39.806	0	2	65	0.192	0.178	NA	0.113	NA	45	45
398	13	8	17.162	39.806	0	2	37	0.192	0.178	NA	0	NA	0	-45
399	13	9	17.242	39.806	0	2	37	0.272	0.252	NA	0.08	NA	0	0
400	13	10	17.242	40.124	0	2	46	0.591	0.465	NA	0.319	NA	90	90
401	13	11	17.481	39.646	0	2	37	1.126	0.485	NA	0.535	NA	-63.435	-153.435
402	13	12	17.242	39.566	0	2	65	1.378	0.287	NA	0.252	NA	-161.565	-98.13
403	13	13	17.162	39.566	0	2	74	1.458	0.226	NA	0.08	NA	180	-18.435
404	13	14	17.242	39.646	0	2	55	1.571	0.252	NA	0.113	NA	45	-135
405	13	15	17.321	39.885	0	2	9	1.823	0.357	NA	0.252	NA	71.565	26.565
406	13	16	17.321	39.885	0	2	93	1.823	0.357	NA	0	NA	0	-71.565
407	13	17	17.321	39.885	0	2	83	1.823	0.357	NA	0	NA	0	0
408	13	18	17.401	40.045	0	2	18	2.001	0.511	NA	0.178	NA	63.435	63.435
409	13	19	17.481	40.045	0	2	65	2.081	0.575	NA	0.08	NA	0	-63.435
410	13	20	17.8	40.284	0	2	27	2.479	0.973	NA	0.399	NA	36.87	36.87
411	13	21	17.8	40.284	0	2	46	2.479	0.973	NA	0	NA	0	-36.87
412	13	22	17.8	40.284	0	2	65	2.479	0.973	NA	0	NA	0	0
413	13	23	17.959	40.443	0	2	55	2.705	1.196	NA	0.226	NA	45	45
414	13	24	18.199	39.806	0	2	93	3.386	1.199	NA	0.681	NA	-69.444	-114.444
415	13	25	18.119	39.806	0	2	74	3.466	1.119	NA	0.08	NA	180	-110.556
416	13	26	18.278	40.045	0	2	37	3.753	1.315	NA	0.287	NA	56.31	-123.69
417	13	27	18.199	40.045	0	2	46	3.833	1.238	NA	0.08	NA	180	123.69
418	13	28	18.199	40.045	0	2	55	3.833	1.238	NA	0	NA	0	-180
419	13	29	18.199	40.284	0	2	18	4.072	1.32	NA	0.239	NA	90	90
420	13	30	18.199	40.523	0	2	37	4.311	1.437	NA	0.239	NA	90	0
421	13	31	17.959	40.284	0	2	74	4.65	1.108	NA	0.338	NA	-135	135
422	13	32	17.959	40.284	0	2	130	4.65	1.108	NA	0	NA	0	135
423	13	33	17.88	40.204	0	2	65	4.762	0.999	NA	0.113	NA	-135	-135
424	13	34	17.8	40.603	0	2	9	5.169	1.185	NA	0.407	NA	101.31	-123.69
425	13	35	17.481	40.443	0	2	46	5.526	0.862	NA	0.357	NA	-153.435	105.255
426	13	36	17.481	40.364	0	2	102	5.605	0.797	NA	0.08	NA	-90	63.435
427	13	37	17.481	40.284	0	2	65	5.685	0.735	NA	0.08	NA	-90	0
428	13	38	17.481	40.284	0	2	111	5.685	0.735	NA	0	NA	0	90
429	13	39	17.481	40.284	0	2	83	5.685	0.735	NA	0	NA	0	0
430	13	40	17.242	40.204	0	2	121	5.937	0.535	NA	0.252	NA	-161.565	-161.565
431	13	41	17.242	40.204	0	2	111	5.937	0.535	NA	0	NA	0	161.565
432	13	42	17.242	40.364	0	2	74	6.097	0.681	NA	0.159	NA	90	90
433	13	43	17.242	40.364	0	2	177	6.097	0.681	NA	0	NA	0	-90
434	13	44	17.162	39.965	0	2	65	6.503	0.287	NA	0.407	NA	-101.31	-101.31
435	13	45	17.162	39.965	0	2	83	6.503	0.287	NA	0	NA	0	101.31
436	13	46	16.524	40.364	0	2	37	7.255	0.797	NA	0.752	NA	147.995	147.995
437	13	47	16.524	40.443	0	2	93	7.335	0.862	NA	0.08	NA	90	-57.995
438	13	48	16.524	40.523	0	2	83	7.415	0.93	NA	0.08	NA	90	0
439	13	49	16.524	40.523	0	2	65	7.415	0.93	NA	0	NA	0	-90
440	13	50	16.524	40.603	0	2	37	7.495	0.999	NA	0.08	NA	90	90
441	14	1	38.689	40.364	0	2	9	0	0	NA	NA	NA	NA	NA
442	14	2	39.327	39.806	0	2	18	0.848	0.848	NA	0.848	NA	-41.186	NA
443	14	3	40.045	39.566	0	2	18	1.604	1.573	NA	0.756	NA	-18.435	22.751
444	14	4	41.001	39.247	0	2	18	2.612	2.568	NA	1.009	NA	-18.435	0
445	14	5	41.001	39.247	0	2	27	2.612	2.568	NA	0	NA	0	18.435
446	14	6	41.001	39.168	0	2	18	2.692	2.603	NA	0.08	NA	-90	-90
447	14	7	41.001	39.008	0	2	9	2.852	2.68	NA	0.159	NA	-90	0
448	14	8	41.001	39.008	0	2	9	2.852	2.68	NA	0	NA	0	90
449	14	9	40.842	39.566	0	2	18	3.432	2.296	NA	0.58	NA	105.945	105.945
450	14	10	40.683	39.566	0	2	9	3.592	2.147	NA	0.159	NA	180	74.055
451	14	11	40.364	39.487	0	2	18	3.92	1.89	NA	0.329	NA	-165.964	14.036
452	14	12	40.603	39.247	0	2	55	4.259	2.215	NA	0.338	NA	-45	120.964
453	14	13	40.603	39.247	0	2	37	4.259	2.215	NA	0	NA	0	45
454	14	14	40.443	39.646	0	2	18	4.688	1.895	NA	0.429	NA	111.801	111.801
455	14	15	40.842	39.247	0	2	27	5.252	2.425	NA	0.564	NA	-45	-156.801
456	14	16	40.842	39.566	0	2	27	5.571	2.296	NA	0.319	NA	90	135
457	14	17	40.842	39.327	0	2	0	5.81	2.389	NA	0.239	NA	-90	-180
458	14	18	41.001	39.088	0	2	18	6.097	2.641	NA	0.287	NA	-56.31	33.69
459	14	19	41.56	38.849	0	2	0	6.705	3.246	NA	0.607	NA	-23.199	33.111
460	14	20	41.4	39.008	0	2	18	6.93	3.031	NA	0.226	NA	135	158.199
461	14	21	41.161	39.008	0	2	18	7.169	2.819	NA	0.239	NA	180	45
462	14	22	40.922	39.088	0	2	37	7.421	2.571	NA	0.252	NA	161.565	-18.435
463	14	23	41.161	39.407	0	2	9	7.82	2.65	NA	0.399	NA	53.13	-108.435
464	15	1	37.254	41.719	0	2	46	0	0	NA	NA	NA	NA	NA
465	15	2	37.254	41.799	0	2	27	0.08	0.08	NA	0.08	NA	90	NA
466	15	3	37.254	41.799	0	2	27	0.08	0.08	NA	0	NA	0	-90
467	15	4	37.493	40.922	0	2	46	0.989	0.832	NA	0.909	NA	-74.745	-74.745
468	15	5	37.493	40.922	0	2	65	0.989	0.832	NA	0	NA	0	74.745
469	15	6	38.051	40.922	0	2	18	1.547	1.128	NA	0.558	NA	0	0
470	15	7	38.131	40.842	0	2	18	1.66	1.24	NA	0.113	NA	-45	-45
471	15	8	38.211	40.603	0	2	27	1.912	1.47	NA	0.252	NA	-71.565	-26.565
472	15	9	38.849	40.204	0	2	27	2.664	2.199	NA	0.752	NA	-32.005	39.56
473	16	1	37.653	43.712	0	2	37	0	0	NA	NA	NA	NA	NA
474	16	2	37.653	43.633	0	2	9	0.08	0.08	NA	0.08	NA	-90	NA
475	16	3	37.653	43.234	0	2	27	0.478	0.478	NA	0.399	NA	-90	0
476	16	4	38.051	43.074	0	2	27	0.908	0.752	NA	0.429	NA	-21.801	68.199
477	16	5	38.45	42.756	0	2	18	1.418	1.245	NA	0.511	NA	-38.66	-16.858
478	16	6	38.849	42.516	0	2	27	1.883	1.691	NA	0.465	NA	-30.964	7.696
479	16	7	39.008	42.516	0	2	46	2.043	1.808	NA	0.159	NA	0	30.964
480	16	8	39.088	42.277	0	2	18	2.295	2.03	NA	0.252	NA	-71.565	-71.565
481	16	9	39.407	43.074	0	2	18	3.153	1.866	NA	0.859	NA	68.199	139.764
