Nr	TID	PID	x [micron]	y [micron]	t [sec]	c [idx]	I [val]	Len [micron]	D2S [micron]	D2R [micron]	D2P [micron]	v [micron/sec]	? [deg]	?? [deg]
1	1	1	15.08	35.817	0	2	23	0	0	NA	NA	NA	NA	NA
2	1	2	15.912	36.725	0	2	81	1.232	1.232	NA	1.232	NA	47.49	NA
3	1	3	17.048	37.785	0	2	46	2.785	2.783	NA	1.553	NA	43.025	-4.464
4	1	4	17.729	38.769	0	2	69	3.982	3.966	NA	1.197	NA	55.305	12.28
5	1	5	18.41	39.45	0	2	0	4.945	4.928	NA	0.963	NA	45	-10.305
6	1	6	18.41	39.45	0	2	11	4.945	4.928	NA	0	NA	0	-45
7	1	7	19.091	39.753	0	2	46	5.69	5.619	NA	0.745	NA	23.962	23.962
8	1	8	19.47	40.434	0	2	58	6.469	6.37	NA	0.779	NA	60.945	36.983
9	1	9	19.621	40.434	0	2	81	6.621	6.476	NA	0.151	NA	0	-60.945
10	1	10	19.999	40.51	0	2	69	7.007	6.798	NA	0.386	NA	11.31	11.31
11	1	11	19.999	40.661	0	2	58	7.158	6.904	NA	0.151	NA	90	78.69
12	1	12	19.848	40.737	0	2	69	7.327	6.851	NA	0.169	NA	153.435	63.435
13	1	13	20.756	41.872	0	2	0	8.781	8.299	NA	1.454	NA	51.34	-102.095
14	1	14	20.226	41.872	0	2	34	9.311	7.946	NA	0.53	NA	180	128.66
15	1	15	20.302	41.418	0	2	11	9.771	7.657	NA	0.46	NA	-80.538	99.462
16	1	16	20.151	40.737	0	2	11	10.469	7.065	NA	0.698	NA	-102.529	-21.991
17	1	17	20.226	40.282	0	2	58	10.929	6.814	NA	0.46	NA	-80.538	21.991
18	1	18	19.545	40.282	0	2	23	11.611	6.315	NA	0.681	NA	180	-99.462
19	1	19	19.621	39.828	0	2	104	12.071	6.059	NA	0.46	NA	-80.538	99.462
20	1	20	19.243	39.072	0	2	34	12.917	5.284	NA	0.846	NA	-116.565	-36.027
21	1	21	18.713	38.466	0	2	69	13.722	4.496	NA	0.805	NA	-131.186	-14.621
22	1	22	18.788	37.861	0	2	23	14.332	4.234	NA	0.61	NA	-82.875	48.311
23	1	23	18.864	38.239	0	2	58	14.718	4.493	NA	0.386	NA	78.69	161.565
24	1	24	18.788	38.163	0	2	104	14.825	4.388	NA	0.107	NA	-135	146.31
25	1	25	18.561	36.877	0	2	23	16.131	3.639	NA	1.306	NA	-100.008	34.992
26	1	26	18.486	37.255	0	2	46	16.517	3.697	NA	0.386	NA	101.31	-158.682
27	1	27	18.561	37.104	0	2	23	16.686	3.712	NA	0.169	NA	-63.435	-164.745
28	1	28	18.41	37.104	0	2	81	16.838	3.57	NA	0.151	NA	180	-116.565
29	1	29	18.41	37.104	0	2	81	16.838	3.57	NA	0	NA	0	-180
30	1	30	18.334	37.179	0	2	46	16.945	3.528	NA	0.107	NA	135	135
31	1	31	18.259	37.179	0	2	116	17.021	3.458	NA	0.076	NA	180	45
32	1	32	18.259	37.255	0	2	34	17.096	3.489	NA	0.076	NA	90	-90
33	1	33	18.486	37.407	0	2	34	17.369	3.758	NA	0.273	NA	33.69	-56.31
34	1	34	18.259	37.482	0	2	128	17.608	3.588	NA	0.239	NA	161.565	127.875
35	1	35	18.259	37.558	0	2	81	17.684	3.624	NA	0.076	NA	90	-71.565
36	1	36	18.486	37.936	0	2	58	18.125	4.011	NA	0.441	NA	59.036	-30.964
37	1	37	18.259	37.861	0	2	46	18.365	3.779	NA	0.239	NA	-161.565	139.399
38	1	38	18.259	37.861	0	2	116	18.365	3.779	NA	0	NA	0	161.565
39	1	39	18.259	37.861	0	2	81	18.365	3.779	NA	0	NA	0	0
40	1	40	18.41	38.163	0	2	116	18.703	4.074	NA	0.338	NA	63.435	63.435
41	1	41	18.561	38.163	0	2	34	18.855	4.198	NA	0.151	NA	0	-63.435
42	1	42	18.486	38.163	0	2	139	18.93	4.136	NA	0.076	NA	180	180
43	1	43	18.486	38.163	0	2	81	18.93	4.136	NA	0	NA	0	-180
44	1	44	18.486	38.163	0	2	81	18.93	4.136	NA	0	NA	0	0
45	1	45	18.41	38.163	0	2	46	19.006	4.074	NA	0.076	NA	180	180
46	1	46	18.486	38.163	0	2	11	19.082	4.136	NA	0.076	NA	0	-180
47	1	47	18.41	38.239	0	2	34	19.189	4.118	NA	0.107	NA	135	135
48	2	1	20.605	47.17	0	2	0	0	0	NA	NA	NA	NA	NA
49	2	2	21.059	46.716	0	2	11	0.642	0.642	NA	0.642	NA	-45	NA
50	2	3	21.059	46.64	0	2	0	0.718	0.698	NA	0.076	NA	-90	-45
51	2	4	20.983	46.64	0	2	11	0.794	0.651	NA	0.076	NA	180	-90
52	2	5	19.621	46.413	0	2	0	2.175	1.241	NA	1.381	NA	-170.538	9.462
53	2	6	19.243	44.823	0	2	11	3.808	2.713	NA	1.634	NA	-103.392	67.145
54	2	7	19.243	44.445	0	2	11	4.187	3.046	NA	0.378	NA	-90	13.392
55	2	8	19.015	44.142	0	2	58	4.565	3.419	NA	0.378	NA	-126.87	-36.87
56	2	9	18.788	44.142	0	2	0	4.792	3.53	NA	0.227	NA	180	-53.13
57	2	10	18.259	43.764	0	2	23	5.443	4.136	NA	0.651	NA	-144.462	35.538
58	2	11	18.259	43.764	0	2	0	5.443	4.136	NA	0	NA	0	144.462
59	2	12	18.259	43.84	0	2	34	5.519	4.074	NA	0.076	NA	90	90
60	2	13	18.107	43.84	0	2	34	5.67	4.163	NA	0.151	NA	180	90
61	2	14	18.183	43.84	0	2	23	5.746	4.118	NA	0.076	NA	0	-180
62	2	15	18.334	43.688	0	2	11	5.96	4.156	NA	0.214	NA	-45	-45
63	2	16	18.183	43.613	0	2	23	6.129	4.303	NA	0.169	NA	-153.435	-108.435
64	2	17	17.805	43.764	0	2	11	6.537	4.409	NA	0.408	NA	158.199	-48.366
65	2	18	18.032	43.537	0	2	46	6.858	4.452	NA	0.321	NA	-45	156.801
66	3	1	20.075	43.764	0	2	58	0	0	NA	NA	NA	NA	NA
67	3	2	20.226	43.764	0	2	11	0.151	0.151	NA	0.151	NA	0	NA
68	3	3	20.605	43.764	0	2	0	0.53	0.53	NA	0.378	NA	0	0
69	3	4	21.059	44.369	0	2	23	1.287	1.155	NA	0.757	NA	53.13	53.13
70	3	5	20.983	45.278	0	2	23	2.198	1.765	NA	0.911	NA	94.764	41.634
71	3	6	20.908	44.369	0	2	0	3.109	1.029	NA	0.911	NA	-94.764	170.473
72	3	7	20.529	43.613	0	2	23	3.955	0.479	NA	0.846	NA	-116.565	-21.801
73	3	8	20.605	42.629	0	2	34	4.942	1.253	NA	0.987	NA	-85.601	30.964
74	3	9	20.983	42.023	0	2	11	5.656	1.963	NA	0.714	NA	-57.995	27.607
75	3	10	20.378	42.023	0	2	0	6.262	1.767	NA	0.605	NA	180	-122.005
76	3	11	20.605	41.72	0	2	0	6.64	2.111	NA	0.378	NA	-53.13	126.87
77	3	12	20.226	42.023	0	2	34	7.125	1.747	NA	0.485	NA	141.34	-165.53
78	3	13	20.68	42.175	0	2	34	7.603	1.701	NA	0.479	NA	18.435	-122.905
79	3	14	20.302	42.402	0	2	58	8.045	1.381	NA	0.441	NA	149.036	130.601
80	3	15	20.302	42.553	0	2	23	8.196	1.232	NA	0.151	NA	90	-59.036
81	3	16	20.378	42.704	0	2	0	8.365	1.102	NA	0.169	NA	63.435	-26.565
82	3	17	19.924	42.78	0	2	46	8.826	0.995	NA	0.46	NA	170.538	107.103
83	3	18	20.605	42.856	0	2	11	9.511	1.051	NA	0.685	NA	6.34	-164.197
84	3	19	20.453	42.553	0	2	0	9.85	1.269	NA	0.338	NA	-116.565	-122.905
85	3	20	20.151	41.266	0	2	34	11.171	2.499	NA	1.322	NA	-103.241	13.325
86	3	21	20.832	42.023	0	2	0	12.189	1.898	NA	1.018	NA	48.013	151.253
87	3	22	20.378	42.175	0	2	23	12.668	1.618	NA	0.479	NA	161.565	113.552
88	3	23	20.605	42.175	0	2	34	12.895	1.675	NA	0.227	NA	0	-161.565
89	3	24	20.908	42.78	0	2	23	13.572	1.289	NA	0.677	NA	63.435	63.435
90	4	1	18.334	43.84	0	2	0	0	0	NA	NA	NA	NA	NA
91	4	2	17.88	43.915	0	2	11	0.46	0.46	NA	0.46	NA	170.538	NA
92	4	3	18.032	43.915	0	2	11	0.612	0.312	NA	0.151	NA	0	-170.538
93	4	4	18.107	43.915	0	2	11	0.687	0.239	NA	0.076	NA	0	0
94	4	5	18.032	43.915	0	2	34	0.763	0.312	NA	0.076	NA	180	180
95	4	6	18.183	43.915	0	2	46	0.914	0.169	NA	0.151	NA	0	-180
96	4	7	18.334	44.294	0	2	11	1.322	0.454	NA	0.408	NA	68.199	68.199
97	4	8	17.729	44.294	0	2	23	1.927	0.757	NA	0.605	NA	180	111.801
98	4	9	18.259	44.294	0	2	23	2.457	0.46	NA	0.53	NA	0	-180
99	4	10	18.561	44.596	0	2	11	2.885	0.79	NA	0.428	NA	45	45
100	4	11	18.107	44.142	0	2	23	3.528	0.378	NA	0.642	NA	-135	-180
101	4	12	18.334	44.142	0	2	11	3.755	0.303	NA	0.227	NA	0	135
102	5	1	17.275	42.78	0	2	81	0	0	NA	NA	NA	NA	NA
103	5	2	17.426	42.704	0	2	0	0.169	0.169	NA	0.169	NA	-26.565	NA
104	5	3	16.745	42.25	0	2	23	0.988	0.749	NA	0.819	NA	-146.31	-119.745
105	5	4	16.821	41.948	0	2	11	1.3	0.948	NA	0.312	NA	-75.964	70.346
106	5	5	16.745	42.023	0	2	58	1.407	0.924	NA	0.107	NA	135	-149.036
107	5	6	17.275	42.402	0	2	23	2.058	0.378	NA	0.651	NA	35.538	-99.462
108	5	7	17.35	42.856	0	2	46	2.518	0.107	NA	0.46	NA	80.538	45
109	5	8	17.805	43.158	0	2	23	3.064	0.651	NA	0.546	NA	33.69	-46.848
110	5	9	17.502	43.613	0	2	93	3.61	0.863	NA	0.546	NA	123.69	90
111	5	10	18.032	43.613	0	2	23	4.14	1.125	NA	0.53	NA	0	-123.69
112	5	11	17.729	43.613	0	2	34	4.442	0.948	NA	0.303	NA	180	180
113	5	12	18.032	43.915	0	2	81	4.871	1.364	NA	0.428	NA	45	-135
114	5	13	18.334	44.672	0	2	81	5.686	2.169	NA	0.815	NA	68.199	23.199
115	5	14	18.788	44.899	0	2	104	6.193	2.604	NA	0.508	NA	26.565	-41.634
116	5	15	19.621	45.883	0	2	23	7.482	3.89	NA	1.289	NA	49.764	23.199
117	5	16	19.394	45.732	0	2	23	7.755	3.634	NA	0.273	NA	-146.31	163.926
118	5	17	18.713	44.975	0	2	34	8.773	2.624	NA	1.018	NA	-131.987	14.323
119	5	18	18.637	44.672	0	2	46	9.085	2.331	NA	0.312	NA	-104.036	27.951
120	5	19	18.94	44.596	0	2	58	9.397	2.464	NA	0.312	NA	-14.036	90
121	5	20	18.713	44.823	0	2	34	9.719	2.499	NA	0.321	NA	135	149.036
122	5	21	19.091	45.126	0	2	34	10.203	2.967	NA	0.485	NA	38.66	-96.34
123	5	22	19.015	45.278	0	2	34	10.372	3.044	NA	0.169	NA	116.565	77.905
124	5	23	19.015	45.732	0	2	69	10.826	3.427	NA	0.454	NA	90	-26.565
125	5	24	19.697	45.883	0	2	23	11.524	3.936	NA	0.698	NA	12.529	-77.471
126	5	25	19.091	46.564	0	2	34	12.436	4.198	NA	0.911	NA	131.634	119.105
127	5	26	19.091	46.413	0	2	11	12.587	4.062	NA	0.151	NA	-90	138.366
128	5	27	19.091	46.337	0	2	0	12.663	3.994	NA	0.076	NA	-90	0
129	6	1	14.323	33.244	0	2	23	0	0	NA	NA	NA	NA	NA
130	6	2	14.399	34.076	0	2	58	0.836	0.836	NA	0.836	NA	84.806	NA
131	6	3	14.853	34.455	0	2	0	1.427	1.322	NA	0.591	NA	39.806	-45
132	6	4	15.004	34.606	0	2	34	1.641	1.523	NA	0.214	NA	45	5.194
133	6	5	14.853	34.455	0	2	128	1.855	1.322	NA	0.214	NA	-135	-180
134	6	6	15.08	34.833	0	2	46	2.296	1.76	NA	0.441	NA	59.036	-165.964
135	6	7	15.534	35.363	0	2	34	2.994	2.441	NA	0.698	NA	49.399	-9.638
136	6	8	15.912	36.574	0	2	0	4.263	3.69	NA	1.269	NA	72.646	23.247
137	6	9	15.912	37.482	0	2	11	5.171	4.526	NA	0.908	NA	90	17.354
138	6	10	16.442	38.693	0	2	23	6.493	5.847	NA	1.322	NA	66.371	-23.629
139	6	11	17.275	40.358	0	2	11	8.354	7.702	NA	1.862	NA	63.435	-2.936
140	6	12	17.048	40.964	0	2	34	9.001	8.186	NA	0.647	NA	110.556	47.121
141	6	13	17.123	41.266	0	2	46	9.313	8.497	NA	0.312	NA	75.964	-34.592
142	6	14	17.577	41.948	0	2	23	10.132	9.292	NA	0.819	NA	56.31	-19.654
143	6	15	18.259	43.083	0	2	23	11.456	10.597	NA	1.324	NA	59.036	2.726
144	6	16	18.864	42.931	0	2	23	12.08	10.699	NA	0.624	NA	-14.036	-73.072
145	6	17	19.091	42.856	0	2	0	12.319	10.729	NA	0.239	NA	-18.435	-4.399
146	6	18	19.697	41.72	0	2	0	13.606	10.036	NA	1.287	NA	-61.928	-43.493
147	6	19	19.697	41.569	0	2	11	13.757	9.909	NA	0.151	NA	-90	-28.072
148	6	20	19.243	41.948	0	2	46	14.348	9.998	NA	0.591	NA	140.194	-129.806
149	7	1	22.043	48.305	0	2	0	0	0	NA	NA	NA	NA	NA
150	7	2	22.194	47.699	0	2	0	0.624	0.624	NA	0.624	NA	-75.964	NA
151	7	3	21.967	46.943	0	2	11	1.414	1.364	NA	0.79	NA	-106.699	-30.735
152	7	4	21.664	47.17	0	2	0	1.793	1.197	NA	0.378	NA	143.13	-110.171
153	7	5	21.362	47.17	0	2	11	2.095	1.324	NA	0.303	NA	180	36.87
154	7	6	21.059	46.64	0	2	34	2.706	1.934	NA	0.61	NA	-119.745	60.255
155	7	7	21.21	46.413	0	2	34	2.978	2.067	NA	0.273	NA	-56.31	63.435
156	7	8	21.286	46.489	0	2	11	3.086	1.968	NA	0.107	NA	45	101.31
157	7	9	20.378	46.261	0	2	11	4.022	2.636	NA	0.936	NA	-165.964	149.036
158	7	10	20.226	45.807	0	2	0	4.5	3.088	NA	0.479	NA	-108.435	57.529
159	8	1	16.064	32.866	0	2	23	0	0	NA	NA	NA	NA	NA
160	8	2	15.761	32.79	0	2	11	0.312	0.312	NA	0.312	NA	-165.964	NA
161	8	3	16.518	33.547	0	2	0	1.382	0.819	NA	1.07	NA	45	-149.036
162	8	4	16.139	32.714	0	2	0	2.297	0.169	NA	0.914	NA	-114.444	-159.444
163	8	5	16.594	32.563	0	2	0	2.776	0.61	NA	0.479	NA	-18.435	96.009
164	8	6	16.518	33.244	0	2	11	3.461	0.591	NA	0.685	NA	96.34	114.775
165	8	7	16.669	33.774	0	2	34	4.012	1.092	NA	0.551	NA	74.055	-22.286
166	8	8	16.745	34.001	0	2	11	4.251	1.324	NA	0.239	NA	71.565	-2.49
167	8	9	16.669	33.849	0	2	0	4.42	1.155	NA	0.169	NA	-116.565	171.87
168	8	10	16.139	34.076	0	2	0	4.997	1.213	NA	0.576	NA	156.801	-86.634
169	8	11	16.291	34.152	0	2	11	5.166	1.306	NA	0.169	NA	26.565	-130.236
170	8	12	16.215	34.076	0	2	23	5.273	1.22	NA	0.107	NA	-135	-161.565
171	8	13	16.367	34.152	0	2	34	5.442	1.322	NA	0.169	NA	26.565	161.565
172	8	14	16.442	34.001	0	2	23	5.612	1.197	NA	0.169	NA	-63.435	-90
173	8	15	16.442	34.531	0	2	11	6.141	1.707	NA	0.53	NA	90	153.435
174	8	16	16.669	34.682	0	2	0	6.414	1.915	NA	0.273	NA	33.69	-56.31
175	8	17	16.896	34.606	0	2	11	6.654	1.93	NA	0.239	NA	-18.435	-52.125
176	8	18	16.518	34.531	0	2	11	7.039	1.726	NA	0.386	NA	-168.69	-150.255
177	8	19	15.988	34.682	0	2	11	7.59	1.818	NA	0.551	NA	164.055	-27.255
178	8	20	16.442	34.606	0	2	58	8.051	1.781	NA	0.46	NA	-9.462	-173.517
179	8	21	16.518	34.606	0	2	23	8.126	1.799	NA	0.076	NA	0	9.462
180	8	22	17.048	34.682	0	2	0	8.662	2.066	NA	0.535	NA	8.13	8.13
181	8	23	16.594	34.758	0	2	23	9.122	1.965	NA	0.46	NA	170.538	162.408
182	8	24	16.896	34.758	0	2	0	9.425	2.067	NA	0.303	NA	0	-170.538
183	8	25	16.896	34.833	0	2	0	9.5	2.137	NA	0.076	NA	90	90
184	8	26	16.594	34.985	0	2	11	9.839	2.184	NA	0.338	NA	153.435	63.435
185	9	1	16.064	33.471	0	2	11	0	0	NA	NA	NA	NA	NA
186	9	2	16.064	33.017	0	2	0	0.454	0.454	NA	0.454	NA	-90	NA
187	9	3	16.139	32.26	0	2	0	1.215	1.213	NA	0.761	NA	-84.289	5.711
188	9	4	16.215	31.655	0	2	11	1.825	1.823	NA	0.61	NA	-82.875	1.414
189	9	5	16.064	31.806	0	2	34	2.039	1.665	NA	0.214	NA	135	-142.125
190	9	6	16.518	31.655	0	2	0	2.518	1.872	NA	0.479	NA	-18.435	-153.435
191	9	7	16.367	31.806	0	2	11	2.732	1.692	NA	0.214	NA	135	153.435
192	9	8	16.064	31.655	0	2	11	3.07	1.816	NA	0.338	NA	-153.435	71.565
193	9	9	15.837	31.428	0	2	23	3.391	2.056	NA	0.321	NA	-135	18.435
194	9	10	15.534	30.368	0	2	46	4.493	3.148	NA	1.102	NA	-105.945	29.055
195	9	11	15.988	29.535	0	2	11	5.442	3.936	NA	0.948	NA	-61.39	44.556
196	9	12	15.988	29.762	0	2	0	5.669	3.709	NA	0.227	NA	90	151.39
197	9	13	15.61	30.141	0	2	11	6.204	3.361	NA	0.535	NA	135	45
198	9	14	16.367	30.822	0	2	0	7.222	2.666	NA	1.018	NA	41.987	-93.013
199	9	15	16.215	30.822	0	2	0	7.373	2.653	NA	0.151	NA	180	138.013
200	9	16	15.837	30.444	0	2	11	7.908	3.036	NA	0.535	NA	-135	45
201	9	17	15.458	28.4	0	2	46	9.987	5.107	NA	2.078	NA	-100.491	34.509
202	9	18	15.231	27.038	0	2	11	11.368	6.487	NA	1.381	NA	-99.462	1.029
203	9	19	15.231	27.568	0	2	23	11.898	5.962	NA	0.53	NA	90	-170.538
204	10	1	13.112	35.514	0	2	23	0	0	NA	NA	NA	NA	NA
205	10	2	13.491	35.969	0	2	23	0.591	0.591	NA	0.591	NA	50.194	NA
206	10	3	13.642	36.877	0	2	0	1.512	1.462	NA	0.921	NA	80.538	30.343
207	10	4	13.945	37.634	0	2	23	2.327	2.277	NA	0.815	NA	68.199	-12.339
208	10	5	14.474	38.92	0	2	23	3.718	3.668	NA	1.391	NA	67.62	-0.579
209	11	1	12.204	34.606	0	2	0	0	0	NA	NA	NA	NA	NA
210	11	2	11.447	34.001	0	2	11	0.969	0.969	NA	0.969	NA	-141.34	NA
211	11	3	11.371	33.244	0	2	11	1.73	1.597	NA	0.761	NA	-95.711	45.63
212	11	4	10.69	32.79	0	2	23	2.548	2.364	NA	0.819	NA	-146.31	-50.599
213	11	5	10.615	32.109	0	2	46	3.234	2.96	NA	0.685	NA	-96.34	49.97
214	11	6	10.615	32.109	0	2	46	3.234	2.96	NA	0	NA	0	96.34
215	11	7	10.539	32.033	0	2	11	3.341	3.065	NA	0.107	NA	-135	-135
216	11	8	10.766	32.26	0	2	23	3.662	2.752	NA	0.321	NA	45	-180
217	11	9	10.615	31.957	0	2	11	4	3.089	NA	0.338	NA	-116.565	-161.565
218	11	10	10.615	32.487	0	2	0	4.53	2.649	NA	0.53	NA	90	-153.435
219	11	11	10.69	32.487	0	2	0	4.606	2.604	NA	0.076	NA	0	-90
220	11	12	10.388	32.109	0	2	23	5.09	3.088	NA	0.485	NA	-128.66	-128.66
221	11	13	10.463	32.487	0	2	11	5.476	2.742	NA	0.386	NA	78.69	-152.65
222	11	14	10.539	32.487	0	2	11	5.552	2.695	NA	0.076	NA	0	-78.69
223	11	15	10.463	32.563	0	2	0	5.659	2.684	NA	0.107	NA	135	135
224	11	16	10.539	32.563	0	2	0	5.735	2.636	NA	0.076	NA	0	-135
225	11	17	9.933	32.487	0	2	23	6.345	3.106	NA	0.61	NA	-172.875	-172.875
226	11	18	10.236	32.411	0	2	0	6.657	2.948	NA	0.312	NA	-14.036	158.839
227	12	1	16.972	26.811	0	2	23	0	0	NA	NA	NA	NA	NA
228	12	2	17.048	26.887	0	2	0	0.107	0.107	NA	0.107	NA	45	NA
229	12	3	16.745	26.811	0	2	0	0.419	0.227	NA	0.312	NA	-165.964	149.036
230	12	4	17.275	26.811	0	2	11	0.949	0.303	NA	0.53	NA	0	165.964
231	12	5	17.426	26.811	0	2	0	1.1	0.454	NA	0.151	NA	0	0
232	12	6	17.577	26.887	0	2	0	1.269	0.61	NA	0.169	NA	26.565	26.565
233	12	7	17.123	26.887	0	2	34	1.724	0.169	NA	0.454	NA	180	153.435
234	12	8	16.442	25.978	0	2	11	2.859	0.987	NA	1.135	NA	-126.87	53.13
235	12	9	16.442	25.978	0	2	34	2.859	0.987	NA	0	NA	0	126.87
236	12	10	16.442	25.903	0	2	11	2.935	1.051	NA	0.076	NA	-90	-90
237	12	11	16.669	25.903	0	2	0	3.162	0.957	NA	0.227	NA	0	90
238	12	12	16.669	26.054	0	2	23	3.313	0.815	NA	0.151	NA	90	90
239	12	13	16.594	26.205	0	2	34	3.482	0.714	NA	0.169	NA	116.565	26.565
240	12	14	16.594	26.205	0	2	11	3.482	0.714	NA	0	NA	0	-116.565
241	12	15	16.518	26.281	0	2	58	3.589	0.698	NA	0.107	NA	135	135
242	12	16	16.518	26.432	0	2	23	3.741	0.591	NA	0.151	NA	90	-45
243	12	17	16.442	26.281	0	2	23	3.91	0.749	NA	0.169	NA	-116.565	153.435
244	12	18	16.139	26.054	0	2	0	4.288	1.125	NA	0.378	NA	-143.13	-26.565
245	12	19	16.064	25.751	0	2	11	4.6	1.396	NA	0.312	NA	-104.036	39.094
246	12	20	15.61	25.6	0	2	0	5.079	1.823	NA	0.479	NA	-161.565	-57.529
247	12	21	15.912	25.6	0	2	23	5.382	1.609	NA	0.303	NA	0	161.565
248	12	22	15.912	25.827	0	2	11	5.609	1.446	NA	0.227	NA	90	90
249	12	23	15.912	25.827	0	2	0	5.609	1.446	NA	0	NA	0	-90
250	12	24	15.761	25.373	0	2	0	6.087	1.88	NA	0.479	NA	-108.435	-108.435
251	12	25	15.534	25.373	0	2	0	6.314	2.034	NA	0.227	NA	180	-71.565
252	12	26	15.231	24.919	0	2	23	6.86	2.571	NA	0.546	NA	-123.69	56.31
253	12	27	15.307	25.07	0	2	11	7.029	2.409	NA	0.169	NA	63.435	-172.875
254	12	28	15.307	25.07	0	2	23	7.029	2.409	NA	0	NA	0	-63.435
255	12	29	15.08	24.843	0	2	0	7.351	2.73	NA	0.321	NA	-135	-135
256	12	30	14.777	24.162	0	2	0	8.096	3.44	NA	0.745	NA	-113.962	21.038
257	12	31	14.172	23.632	0	2	0	8.9	4.236	NA	0.805	NA	-138.814	-24.852
258	12	32	14.172	22.951	0	2	34	9.582	4.769	NA	0.681	NA	-90	48.814
259	12	33	13.869	22.951	0	2	0	9.884	4.952	NA	0.303	NA	180	-90
260	12	34	14.626	23.708	0	2	11	10.955	3.89	NA	1.07	NA	45	-135
261	12	35	14.172	24.162	0	2	0	11.597	3.855	NA	0.642	NA	135	90
262	12	36	14.626	23.935	0	2	23	12.105	3.712	NA	0.508	NA	-26.565	-161.565
263	12	37	14.172	23.481	0	2	11	12.747	4.351	NA	0.642	NA	-135	-108.435
264	12	38	14.172	23.481	0	2	0	12.747	4.351	NA	0	NA	0	135
265	12	39	13.945	23.329	0	2	0	13.02	4.614	NA	0.273	NA	-146.31	-146.31
266	12	40	14.02	23.102	0	2	11	13.259	4.74	NA	0.239	NA	-71.565	74.745
267	12	41	14.247	23.254	0	2	0	13.532	4.481	NA	0.273	NA	33.69	105.255
268	12	42	14.172	23.329	0	2	23	13.639	4.468	NA	0.107	NA	135	101.31
269	12	43	14.323	23.405	0	2	11	13.808	4.315	NA	0.169	NA	26.565	-108.435
270	12	44	14.777	23.556	0	2	0	14.287	3.925	NA	0.479	NA	18.435	-8.13
271	12	45	14.55	23.708	0	2	11	14.56	3.936	NA	0.273	NA	146.31	127.875
272	12	46	14.55	23.708	0	2	0	14.56	3.936	NA	0	NA	0	-146.31
273	12	47	14.172	23.784	0	2	0	14.946	4.124	NA	0.386	NA	168.69	168.69
274	13	1	26.281	33.471	0	2	58	0	0	NA	NA	NA	NA	NA
275	13	2	25.978	33.471	0	2	255	0.303	0.303	NA	0.303	NA	180	NA
276	13	3	25.978	33.471	0	2	116	0.303	0.303	NA	0	NA	0	-180
277	13	4	25.978	33.471	0	2	198	0.303	0.303	NA	0	NA	0	0
278	13	5	25.978	33.547	0	2	81	0.378	0.312	NA	0.076	NA	90	90
279	13	6	26.054	33.547	0	2	34	0.454	0.239	NA	0.076	NA	0	-90
280	13	7	26.13	33.395	0	2	139	0.623	0.169	NA	0.169	NA	-63.435	-63.435
281	13	8	26.205	33.244	0	2	255	0.793	0.239	NA	0.169	NA	-63.435	0
282	13	9	26.13	33.395	0	2	116	0.962	0.169	NA	0.169	NA	116.565	180
283	13	10	26.13	34.001	0	2	11	1.567	0.551	NA	0.605	NA	90	-26.565
284	13	11	26.432	33.774	0	2	151	1.946	0.338	NA	0.378	NA	-36.87	-126.87
285	13	12	26.054	33.622	0	2	255	2.353	0.273	NA	0.408	NA	-158.199	-121.329
286	13	13	26.054	33.698	0	2	174	2.429	0.321	NA	0.076	NA	90	-111.801
287	13	14	26.432	33.698	0	2	104	2.807	0.273	NA	0.378	NA	0	-90
288	13	15	26.205	33.622	0	2	255	3.047	0.169	NA	0.239	NA	-161.565	-161.565
289	13	16	26.205	33.622	0	2	116	3.047	0.169	NA	0	NA	0	161.565
290	13	17	26.205	33.622	0	2	139	3.047	0.169	NA	0	NA	0	0
291	13	18	26.205	33.622	0	2	34	3.047	0.169	NA	0	NA	0	0
292	13	19	26.205	33.622	0	2	116	3.047	0.169	NA	0	NA	0	0
293	13	20	25.978	33.698	0	2	174	3.286	0.378	NA	0.239	NA	161.565	161.565
294	13	21	25.978	33.698	0	2	104	3.286	0.378	NA	0	NA	0	-161.565
295	13	22	25.903	33.698	0	2	104	3.362	0.441	NA	0.076	NA	180	180
296	13	23	25.978	33.698	0	2	139	3.437	0.378	NA	0.076	NA	0	-180
297	13	24	25.903	33.774	0	2	93	3.544	0.485	NA	0.107	NA	135	135
298	13	25	26.205	34.379	0	2	93	4.221	0.911	NA	0.677	NA	63.435	-71.565
299	13	26	26.054	34.228	0	2	69	4.435	0.79	NA	0.214	NA	-135	161.565
300	13	27	25.978	33.32	0	2	46	5.347	0.338	NA	0.911	NA	-94.764	40.236
301	13	28	25.903	33.32	0	2	69	5.422	0.408	NA	0.076	NA	180	-85.236
302	13	29	25.903	33.547	0	2	81	5.649	0.386	NA	0.227	NA	90	-90
303	13	30	25.903	32.79	0	2	139	6.406	0.779	NA	0.757	NA	-90	-180
304	13	31	25.6	32.79	0	2	0	6.709	0.963	NA	0.303	NA	180	-90
305	13	32	25.373	31.882	0	2	151	7.645	1.831	NA	0.936	NA	-104.036	75.964
306	13	33	25.297	31.276	0	2	151	8.255	2.405	NA	0.61	NA	-97.125	6.911
307	13	34	25.221	31.2	0	2	221	8.362	2.506	NA	0.107	NA	-135	-37.875
308	13	35	25.221	31.2	0	2	255	8.362	2.506	NA	0	NA	0	135
309	13	36	25.297	31.2	0	2	93	8.438	2.475	NA	0.076	NA	0	0
310	13	37	25.297	31.655	0	2	128	8.892	2.066	NA	0.454	NA	90	90
311	13	38	26.205	33.168	0	2	11	10.657	0.312	NA	1.765	NA	59.036	-30.964
312	13	39	26.054	33.698	0	2	34	11.208	0.321	NA	0.551	NA	105.945	46.909
313	13	40	26.432	33.698	0	2	11	11.587	0.273	NA	0.378	NA	0	-105.945
314	13	41	26.054	33.32	0	2	34	12.122	0.273	NA	0.535	NA	-135	-135
315	13	42	25.903	32.866	0	2	104	12.601	0.714	NA	0.479	NA	-108.435	26.565
316	13	43	26.13	33.093	0	2	81	12.922	0.408	NA	0.321	NA	45	153.435
317	13	44	26.13	33.093	0	2	34	12.922	0.408	NA	0	NA	0	-45
318	13	45	25.751	33.168	0	2	46	13.308	0.61	NA	0.386	NA	168.69	168.69
319	13	46	25.903	33.017	0	2	23	13.522	0.591	NA	0.214	NA	-45	146.31
320	13	47	25.676	31.882	0	2	11	14.679	1.701	NA	1.158	NA	-101.31	-56.31
321	14	1	25.751	22.648	0	2	46	0	0	NA	NA	NA	NA	NA
322	14	2	25.676	24.086	0	2	23	1.44	1.44	NA	1.44	NA	93.013	NA
323	14	3	26.054	24.465	0	2	0	1.975	1.841	NA	0.535	NA	45	-48.013
324	14	4	26.054	25.146	0	2	0	2.656	2.516	NA	0.681	NA	90	45
325	14	5	26.13	26.357	0	2	11	3.87	3.728	NA	1.213	NA	86.424	-3.576
326	14	6	26.584	26.735	0	2	34	4.461	4.171	NA	0.591	NA	39.806	-46.618
327	14	7	26.584	26.735	0	2	11	4.461	4.171	NA	0	NA	0	-39.806
328	14	8	26.584	26.659	0	2	23	4.536	4.097	NA	0.076	NA	-90	-90
329	14	9	26.205	25.676	0	2	93	5.591	3.061	NA	1.054	NA	-111.038	-21.038
330	14	10	26.205	24.692	0	2	69	6.574	2.093	NA	0.984	NA	-90	21.038
331	14	11	26.205	24.54	0	2	0	6.726	1.946	NA	0.151	NA	-90	0
332	14	12	25.978	24.843	0	2	34	7.104	2.207	NA	0.378	NA	126.87	-143.13
333	14	13	25.978	25.07	0	2	139	7.331	2.432	NA	0.227	NA	90	-36.87
334	14	14	25.978	25.221	0	2	46	7.483	2.583	NA	0.151	NA	90	0
335	14	15	25.978	25.297	0	2	81	7.558	2.659	NA	0.076	NA	90	0
336	14	16	25.751	25.449	0	2	163	7.831	2.8	NA	0.273	NA	146.31	56.31
337	14	17	25.751	26.962	0	2	46	9.345	4.314	NA	1.514	NA	90	-56.31
338	14	18	26.281	27.87	0	2	34	10.396	5.249	NA	1.051	NA	59.744	-30.256
339	14	19	26.735	29.308	0	2	11	11.904	6.732	NA	1.508	NA	72.474	12.731
340	15	1	24.616	30.368	0	2	11	0	0	NA	NA	NA	NA	NA
341	15	2	25.373	32.184	0	2	81	1.968	1.968	NA	1.968	NA	67.38	NA
342	15	3	25.827	32.866	0	2	58	2.786	2.776	NA	0.819	NA	56.31	-11.07
343	15	4	25.449	32.033	0	2	93	3.701	1.862	NA	0.914	NA	-114.444	-170.754
344	15	5	25.07	29.99	0	2	0	5.779	0.591	NA	2.078	NA	-100.491	13.952
345	15	6	24.767	29.308	0	2	0	6.524	1.07	NA	0.745	NA	-113.962	-13.471
346	16	1	24.616	23.859	0	2	0	0	0	NA	NA	NA	NA	NA
347	16	2	24.238	23.859	0	2	0	0.378	0.378	NA	0.378	NA	180	NA
348	16	3	24.238	23.859	0	2	23	0.378	0.378	NA	0	NA	0	-180
349	16	4	24.616	23.859	0	2	11	0.757	0	NA	0.378	NA	0	0
350	16	5	24.389	24.011	0	2	11	1.03	0.273	NA	0.273	NA	146.31	146.31
351	16	6	24.389	23.935	0	2	23	1.105	0.239	NA	0.076	NA	-90	123.69
352	16	7	24.54	24.389	0	2	11	1.584	0.535	NA	0.479	NA	71.565	161.565
353	16	8	24.313	24.767	0	2	23	2.025	0.957	NA	0.441	NA	120.964	49.399
354	16	9	24.011	24.238	0	2	23	2.636	0.714	NA	0.61	NA	-119.745	119.291
355	16	10	24.238	24.238	0	2	0	2.863	0.535	NA	0.227	NA	0	119.745
356	16	11	24.162	24.011	0	2	34	3.102	0.479	NA	0.239	NA	-108.435	-108.435
357	16	12	24.162	24.011	0	2	11	3.102	0.479	NA	0	NA	0	108.435
358	16	13	24.162	24.011	0	2	23	3.102	0.479	NA	0	NA	0	0
359	16	14	23.859	23.935	0	2	0	3.414	0.761	NA	0.312	NA	-165.964	-165.964
360	16	15	24.011	24.011	0	2	11	3.583	0.624	NA	0.169	NA	26.565	-167.471
361	16	16	24.162	24.011	0	2	0	3.735	0.479	NA	0.151	NA	0	-26.565
362	16	17	24.54	24.238	0	2	11	4.176	0.386	NA	0.441	NA	30.964	30.964
363	16	18	24.389	24.313	0	2	0	4.345	0.508	NA	0.169	NA	153.435	122.471
364	16	19	24.011	24.162	0	2	69	4.753	0.677	NA	0.408	NA	-158.199	48.366
365	16	20	24.238	24.238	0	2	11	4.992	0.535	NA	0.239	NA	18.435	176.634
366	16	21	24.313	24.389	0	2	0	5.161	0.61	NA	0.169	NA	63.435	45
367	16	22	23.784	24.238	0	2	23	5.712	0.914	NA	0.551	NA	-164.055	132.51
368	16	23	23.708	24.086	0	2	34	5.881	0.936	NA	0.169	NA	-116.565	47.49
369	16	24	23.708	24.086	0	2	81	5.881	0.936	NA	0	NA	0	116.565
370	16	25	23.632	24.162	0	2	11	5.989	1.029	NA	0.107	NA	135	135
371	16	26	23.556	23.405	0	2	11	6.749	1.153	NA	0.761	NA	-95.711	129.289
372	16	27	23.632	23.935	0	2	116	7.284	0.987	NA	0.535	NA	81.87	177.58
373	16	28	23.784	23.935	0	2	0	7.436	0.836	NA	0.151	NA	0	-81.87
374	16	29	23.632	23.859	0	2	46	7.605	0.984	NA	0.169	NA	-153.435	-153.435
375	16	30	23.632	23.859	0	2	23	7.605	0.984	NA	0	NA	0	153.435
376	16	31	23.254	23.178	0	2	11	8.384	1.523	NA	0.779	NA	-119.055	-119.055
377	16	32	23.405	23.405	0	2	0	8.657	1.293	NA	0.273	NA	56.31	175.365
378	16	33	23.784	23.935	0	2	0	9.308	0.836	NA	0.651	NA	54.462	-1.848
379	16	34	24.162	23.708	0	2	23	9.749	0.479	NA	0.441	NA	-30.964	-85.426
380	16	35	24.011	23.632	0	2	11	9.919	0.647	NA	0.169	NA	-153.435	-122.471
381	16	36	23.708	23.632	0	2	0	10.221	0.936	NA	0.303	NA	180	-26.565
382	16	37	23.708	23.254	0	2	11	10.6	1.092	NA	0.378	NA	-90	90
383	16	38	23.708	23.178	0	2	23	10.675	1.135	NA	0.076	NA	-90	0
384	16	39	23.556	23.102	0	2	0	10.845	1.302	NA	0.169	NA	-153.435	-63.435
385	16	40	23.935	23.254	0	2	46	11.252	0.911	NA	0.408	NA	21.801	175.236
386	16	41	23.935	23.254	0	2	46	11.252	0.911	NA	0	NA	0	-21.801
387	16	42	23.935	23.254	0	2	0	11.252	0.911	NA	0	NA	0	0
388	16	43	24.54	25.751	0	2	81	13.822	1.894	NA	2.57	NA	76.373	76.373
389	16	44	24.238	24.994	0	2	11	14.637	1.197	NA	0.815	NA	-111.801	171.826
390	16	45	24.162	24.389	0	2	34	15.247	0.698	NA	0.61	NA	-97.125	14.676
391	17	1	28.173	34.985	0	2	104	0	0	NA	NA	NA	NA	NA
392	17	2	28.097	34.985	0	2	93	0.076	0.076	NA	0.076	NA	180	NA
393	17	3	28.325	35.06	0	2	34	0.315	0.169	NA	0.239	NA	18.435	-161.565
394	17	4	28.325	35.06	0	2	46	0.315	0.169	NA	0	NA	0	-18.435
395	17	5	28.4	35.136	0	2	11	0.422	0.273	NA	0.107	NA	45	45
396	17	6	28.4	35.136	0	2	11	0.422	0.273	NA	0	NA	0	-45
397	17	7	28.022	34.682	0	2	34	1.013	0.338	NA	0.591	NA	-129.806	-129.806
398	17	8	28.097	34.606	0	2	46	1.12	0.386	NA	0.107	NA	-45	84.806
399	17	9	27.87	34.304	0	2	0	1.499	0.745	NA	0.378	NA	-126.87	-81.87
400	17	10	27.795	34.228	0	2	104	1.606	0.846	NA	0.107	NA	-135	-8.13
401	17	11	27.719	34.228	0	2	0	1.681	0.883	NA	0.076	NA	180	-45
402	17	12	27.568	33.849	0	2	23	2.089	1.287	NA	0.408	NA	-111.801	68.199
403	17	13	27.341	33.849	0	2	23	2.316	1.408	NA	0.227	NA	180	-68.199
404	17	14	27.946	33.698	0	2	34	2.94	1.306	NA	0.624	NA	-14.036	165.964
405	17	15	28.022	33.698	0	2	11	3.016	1.295	NA	0.076	NA	0	14.036
406	17	16	27.795	33.244	0	2	34	3.523	1.781	NA	0.508	NA	-116.565	-116.565
407	17	17	27.568	32.487	0	2	0	4.314	2.57	NA	0.79	NA	-106.699	9.866
408	17	18	27.719	31.882	0	2	23	4.938	3.136	NA	0.624	NA	-75.964	30.735
409	18	1	29.006	28.097	0	2	104	0	0	NA	NA	NA	NA	NA
410	18	2	29.006	28.097	0	2	93	0	0	NA	0	NA	0	NA
411	18	3	29.157	28.097	0	2	93	0.151	0.151	NA	0.151	NA	0	0
412	18	4	29.157	27.946	0	2	11	0.303	0.214	NA	0.151	NA	-90	-90
413	18	5	29.157	27.265	0	2	34	0.984	0.846	NA	0.681	NA	-90	0
414	18	6	28.703	27.189	0	2	198	1.444	0.957	NA	0.46	NA	-170.538	-80.538
415	18	7	28.779	27.114	0	2	255	1.551	1.01	NA	0.107	NA	-45	125.538
416	18	8	28.779	26.887	0	2	93	1.778	1.232	NA	0.227	NA	-90	-45
417	18	9	29.006	26.735	0	2	23	2.051	1.362	NA	0.273	NA	-33.69	56.31
418	18	10	29.006	26.432	0	2	46	2.354	1.665	NA	0.303	NA	-90	-56.31
419	18	11	28.93	25.827	0	2	93	2.964	2.272	NA	0.61	NA	-97.125	-7.125
420	18	12	28.779	25.373	0	2	151	3.443	2.734	NA	0.479	NA	-108.435	-11.31
421	18	13	28.703	24.692	0	2	163	4.128	3.419	NA	0.685	NA	-96.34	12.095
422	18	14	28.703	24.162	0	2	23	4.658	3.947	NA	0.53	NA	-90	6.34
423	18	15	28.703	23.102	0	2	255	5.717	5.004	NA	1.06	NA	-90	0
424	18	16	28.703	23.102	0	2	34	5.717	5.004	NA	0	NA	0	90
425	18	17	28.703	23.102	0	2	128	5.717	5.004	NA	0	NA	0	0
426	18	18	28.627	23.102	0	2	255	5.793	5.009	NA	0.076	NA	180	180
427	18	19	28.325	23.481	0	2	255	6.278	4.667	NA	0.485	NA	128.66	-51.34
428	18	20	28.703	22.951	0	2	174	6.929	5.155	NA	0.651	NA	-54.462	176.878
429	18	21	28.703	22.951	0	2	244	6.929	5.155	NA	0	NA	0	54.462
430	18	22	28.552	21.589	0	2	255	8.3	6.525	NA	1.371	NA	-96.34	-96.34
431	18	23	28.93	21.664	0	2	128	8.685	6.434	NA	0.386	NA	11.31	107.65
432	18	24	28.93	21.664	0	2	139	8.685	6.434	NA	0	NA	0	-11.31
433	18	25	28.93	21.664	0	2	186	8.685	6.434	NA	0	NA	0	0
434	18	26	28.93	21.059	0	2	128	9.291	7.039	NA	0.605	NA	-90	-90
435	18	27	28.703	20.529	0	2	116	9.867	7.574	NA	0.576	NA	-113.199	-23.199
436	18	28	28.703	20.226	0	2	244	10.17	7.877	NA	0.303	NA	-90	23.199
437	18	29	28.703	20.075	0	2	244	10.321	8.028	NA	0.151	NA	-90	0
438	18	30	28.703	19.091	0	2	163	11.305	9.011	NA	0.984	NA	-90	0
439	18	31	28.93	18.486	0	2	255	11.952	9.612	NA	0.647	NA	-69.444	20.556
440	18	32	29.006	17.805	0	2	139	12.637	10.293	NA	0.685	NA	-83.66	-14.216
441	18	33	28.854	17.729	0	2	221	12.806	10.37	NA	0.169	NA	-153.435	-69.775
442	18	34	29.006	15.912	0	2	104	14.629	12.185	NA	1.823	NA	-85.236	68.199
443	18	35	29.308	15.761	0	2	23	14.968	12.34	NA	0.338	NA	-26.565	58.671
444	18	36	29.308	14.626	0	2	11	16.103	13.475	NA	1.135	NA	-90	-63.435
445	18	37	29.308	14.096	0	2	69	16.633	14.005	NA	0.53	NA	-90	0
446	18	38	29.308	14.096	0	2	58	16.633	14.005	NA	0	NA	0	90
447	18	39	29.687	13.188	0	2	116	17.617	14.925	NA	0.984	NA	-67.38	-67.38
448	18	40	29.46	13.036	0	2	69	17.889	15.068	NA	0.273	NA	-146.31	-78.93
449	18	41	29.46	13.036	0	2	11	17.889	15.068	NA	0	NA	0	146.31
450	18	42	29.535	12.355	0	2	34	18.575	15.751	NA	0.685	NA	-83.66	-83.66
451	18	43	29.535	11.826	0	2	23	19.105	16.281	NA	0.53	NA	-90	-6.34
452	18	44	29.611	12.128	0	2	0	19.417	15.981	NA	0.312	NA	75.964	165.964
453	18	45	29.611	12.128	0	2	58	19.417	15.981	NA	0	NA	0	-75.964
454	18	46	29.611	12.128	0	2	23	19.417	15.981	NA	0	NA	0	0
455	18	47	29.611	12.507	0	2	69	19.795	15.603	NA	0.378	NA	90	90
456	19	1	30.973	22.118	0	2	34	0	0	NA	NA	NA	NA	NA
457	19	2	30.822	21.589	0	2	11	0.551	0.551	NA	0.551	NA	-105.945	NA
458	19	3	31.049	21.589	0	2	46	0.778	0.535	NA	0.227	NA	0	105.945
459	19	4	30.822	21.589	0	2	11	1.005	0.551	NA	0.227	NA	180	180
460	19	5	30.822	21.589	0	2	46	1.005	0.551	NA	0	NA	0	-180
461	19	6	30.822	21.589	0	2	58	1.005	0.551	NA	0	NA	0	0
462	19	7	30.822	21.589	0	2	81	1.005	0.551	NA	0	NA	0	0
463	19	8	30.822	21.513	0	2	93	1.081	0.624	NA	0.076	NA	-90	-90
464	19	9	30.671	21.513	0	2	69	1.232	0.677	NA	0.151	NA	180	-90
465	19	10	30.671	21.513	0	2	81	1.232	0.677	NA	0	NA	0	-180
466	19	11	30.671	21.513	0	2	23	1.232	0.677	NA	0	NA	0	0
467	19	12	30.292	21.21	0	2	23	1.717	1.135	NA	0.485	NA	-141.34	-141.34
468	19	13	30.746	21.437	0	2	93	2.224	0.718	NA	0.508	NA	26.565	167.905
469	19	14	30.368	22.724	0	2	34	3.566	0.856	NA	1.341	NA	106.39	79.824
470	19	15	29.838	23.859	0	2	46	4.818	2.078	NA	1.253	NA	115.017	8.627
471	19	16	29.611	25.978	0	2	46	6.95	4.093	NA	2.131	NA	96.116	-18.901
472	19	17	29.384	26.887	0	2	128	7.886	5.026	NA	0.936	NA	104.036	7.921
473	19	18	29.233	27.114	0	2	58	8.159	5.29	NA	0.273	NA	123.69	19.654
474	19	19	29.384	28.93	0	2	23	9.981	6.994	NA	1.823	NA	85.236	-38.454
475	20	1	30.065	13.718	0	2	93	0	0	NA	NA	NA	NA	NA
476	20	2	30.141	14.399	0	2	186	0.685	0.685	NA	0.685	NA	83.66	NA
477	20	3	29.914	14.929	0	2	58	1.262	1.22	NA	0.576	NA	113.199	29.539
478	20	4	29.838	15.988	0	2	0	2.324	2.282	NA	1.062	NA	94.086	-19.113
479	20	5	29.838	15.912	0	2	255	2.4	2.207	NA	0.076	NA	-90	175.914
480	20	6	30.217	16.669	0	2	151	3.246	2.956	NA	0.846	NA	63.435	153.435
481	20	7	30.292	16.745	0	2	139	3.353	3.036	NA	0.107	NA	45	-18.435
482	20	8	29.99	16.745	0	2	255	3.656	3.028	NA	0.303	NA	180	135
483	20	9	29.838	16.821	0	2	209	3.825	3.111	NA	0.169	NA	153.435	-26.565
484	20	10	30.065	16.896	0	2	255	4.064	3.179	NA	0.239	NA	18.435	-135
485	20	11	29.914	17.502	0	2	128	4.688	3.787	NA	0.624	NA	104.036	85.601
486	20	12	30.292	18.259	0	2	221	5.534	4.547	NA	0.846	NA	63.435	-40.601
487	20	13	30.368	19.015	0	2	104	6.295	5.306	NA	0.761	NA	84.289	20.854
488	20	14	30.519	18.864	0	2	255	6.509	5.166	NA	0.214	NA	-45	-129.289
489	20	15	30.292	17.805	0	2	255	7.593	4.093	NA	1.084	NA	-102.095	-57.095
490	20	16	30.368	17.35	0	2	221	8.053	3.645	NA	0.46	NA	-80.538	21.557
491	20	17	30.368	16.821	0	2	174	8.583	3.118	NA	0.53	NA	-90	-9.462
492	20	18	30.368	16.821	0	2	255	8.583	3.118	NA	0	NA	0	90
493	20	19	30.217	16.669	0	2	116	8.797	2.956	NA	0.214	NA	-135	-135
494	20	20	30.595	16.442	0	2	255	9.238	2.776	NA	0.441	NA	-30.964	104.036
495	20	21	30.671	16.442	0	2	255	9.314	2.791	NA	0.076	NA	0	30.964
496	20	22	30.671	16.669	0	2	255	9.541	3.013	NA	0.227	NA	90	90
497	20	23	30.595	17.35	0	2	255	10.226	3.671	NA	0.685	NA	96.34	6.34
498	20	24	30.595	17.502	0	2	255	10.378	3.821	NA	0.151	NA	90	-6.34
499	20	25	30.746	17.729	0	2	244	10.651	4.069	NA	0.273	NA	56.31	-33.69
500	20	26	30.746	18.259	0	2	186	11.18	4.592	NA	0.53	NA	90	33.69
501	20	27	30.292	19.621	0	2	163	12.616	5.908	NA	1.436	NA	108.435	18.435
502	20	28	29.99	20.529	0	2	151	13.574	6.812	NA	0.957	NA	108.435	0
503	20	29	29.687	21.286	0	2	244	14.389	7.578	NA	0.815	NA	111.801	3.366
504	20	30	29.611	21.437	0	2	174	14.558	7.733	NA	0.169	NA	116.565	4.764
505	21	1	31.957	18.637	0	2	11	0	0	NA	NA	NA	NA	NA
506	21	2	31.503	20.453	0	2	46	1.872	1.872	NA	1.872	NA	104.036	NA
507	21	3	30.671	21.589	0	2	221	3.28	3.22	NA	1.408	NA	126.254	22.218
508	21	4	30.746	21.513	0	2	46	3.387	3.121	NA	0.107	NA	-45	-171.254
509	21	5	30.746	21.513	0	2	46	3.387	3.121	NA	0	NA	0	45
510	21	6	30.746	21.513	0	2	93	3.387	3.121	NA	0	NA	0	0
511	21	7	30.822	21.059	0	2	0	3.847	2.675	NA	0.46	NA	-80.538	-80.538
512	21	8	30.822	20.908	0	2	221	3.999	2.538	NA	0.151	NA	-90	-9.462
513	21	9	31.2	20.68	0	2	139	4.44	2.179	NA	0.441	NA	-30.964	59.036
514	21	10	30.822	21.816	0	2	139	5.637	3.375	NA	1.197	NA	108.435	139.399
515	21	11	30.822	21.74	0	2	104	5.713	3.304	NA	0.076	NA	-90	161.565
516	21	12	30.898	21.589	0	2	255	5.882	3.136	NA	0.169	NA	-63.435	26.565
517	21	13	30.671	21.589	0	2	255	6.109	3.22	NA	0.227	NA	180	-116.565
518	21	14	30.671	21.589	0	2	255	6.109	3.22	NA	0	NA	0	-180
519	21	15	30.898	20.908	0	2	139	6.827	2.506	NA	0.718	NA	-71.565	-71.565
520	21	16	31.049	20.68	0	2	128	7.1	2.236	NA	0.273	NA	-56.31	15.255
521	21	17	31.125	20.605	0	2	93	7.207	2.137	NA	0.107	NA	-45	11.31
522	21	18	31.125	20.605	0	2	46	7.207	2.137	NA	0	NA	0	45
523	21	19	31.2	20.302	0	2	34	7.519	1.829	NA	0.312	NA	-75.964	-75.964
524	21	20	30.898	20.453	0	2	34	7.857	2.103	NA	0.338	NA	153.435	-130.601
525	21	21	31.428	20.075	0	2	69	8.508	1.532	NA	0.651	NA	-35.538	171.027
526	21	22	31.428	20.075	0	2	46	8.508	1.532	NA	0	NA	0	35.538
527	21	23	31.428	20.075	0	2	34	8.508	1.532	NA	0	NA	0	0
528	21	24	31.352	19.848	0	2	46	8.748	1.354	NA	0.239	NA	-108.435	-108.435
529	21	25	31.428	19.697	0	2	104	8.917	1.185	NA	0.169	NA	-63.435	45
530	21	26	31.428	19.697	0	2	93	8.917	1.185	NA	0	NA	0	63.435
531	21	27	31.276	19.697	0	2	116	9.068	1.26	NA	0.151	NA	180	180
532	21	28	31.428	19.697	0	2	116	9.22	1.185	NA	0.151	NA	0	-180
533	21	29	31.428	19.697	0	2	104	9.22	1.185	NA	0	NA	0	0
534	22	1	28.552	37.028	0	2	11	0	0	NA	NA	NA	NA	NA
535	22	2	28.552	37.558	0	2	23	0.53	0.53	NA	0.53	NA	90	NA
536	22	3	28.4	37.558	0	2	46	0.681	0.551	NA	0.151	NA	180	90
537	22	4	28.854	38.239	0	2	23	1.5	1.248	NA	0.819	NA	56.31	-123.69
538	22	5	29.157	38.617	0	2	11	1.984	1.701	NA	0.485	NA	51.34	-4.97
539	22	6	29.157	39.299	0	2	34	2.666	2.35	NA	0.681	NA	90	38.66
540	22	7	29.157	39.299	0	2	58	2.666	2.35	NA	0	NA	0	-90
541	22	8	29.308	39.526	0	2	23	2.938	2.61	NA	0.273	NA	56.31	56.31
542	22	9	29.384	39.526	0	2	11	3.014	2.633	NA	0.076	NA	0	-56.31
543	22	10	29.308	39.828	0	2	58	3.326	2.901	NA	0.312	NA	104.036	104.036
544	22	11	29.308	39.828	0	2	0	3.326	2.901	NA	0	NA	0	-104.036
545	22	12	29.838	40.131	0	2	11	3.936	3.359	NA	0.61	NA	29.745	29.745
546	22	13	29.233	39.677	0	2	23	4.693	2.735	NA	0.757	NA	-143.13	-172.875
547	22	14	28.779	39.374	0	2	0	5.239	2.357	NA	0.546	NA	-146.31	-3.18
548	22	15	29.46	39.753	0	2	23	6.018	2.872	NA	0.779	NA	29.055	175.365
549	22	16	29.46	39.753	0	2	11	6.018	2.872	NA	0	NA	0	-29.055
550	22	17	30.973	41.115	0	2	34	8.055	4.751	NA	2.036	NA	41.987	41.987
551	22	18	30.671	40.812	0	2	11	8.483	4.337	NA	0.428	NA	-135	-176.987
552	22	19	30.368	40.888	0	2	34	8.795	4.266	NA	0.312	NA	165.964	-59.036
553	22	20	30.444	40.812	0	2	11	8.902	4.231	NA	0.107	NA	-45	149.036
554	22	21	29.914	39.828	0	2	0	10.019	3.114	NA	1.117	NA	-118.301	-73.301
555	22	22	29.308	38.239	0	2	11	11.72	1.428	NA	1.701	NA	-110.854	7.446
556	22	23	28.552	38.542	0	2	0	12.535	1.514	NA	0.815	NA	158.199	-90.947
557	22	24	29.308	39.526	0	2	34	13.776	2.61	NA	1.241	NA	52.431	-105.767
558	22	25	30.444	41.191	0	2	11	15.792	4.572	NA	2.015	NA	55.713	3.282
559	22	26	30.746	41.266	0	2	46	16.104	4.773	NA	0.312	NA	14.036	-41.677
560	22	27	30.973	41.493	0	2	34	16.425	5.08	NA	0.321	NA	45	30.964
561	22	28	31.2	41.72	0	2	34	16.746	5.388	NA	0.321	NA	45	0
562	22	29	31.2	41.72	0	2	0	16.746	5.388	NA	0	NA	0	-45
563	22	30	31.049	41.342	0	2	11	17.153	4.985	NA	0.408	NA	-111.801	-111.801
564	22	31	30.671	39.526	0	2	11	19.009	3.275	NA	1.855	NA	-101.768	10.033
565	22	32	30.746	39.299	0	2	0	19.248	3.158	NA	0.239	NA	-71.565	30.203
566	23	1	30.065	31.2	0	2	0	0	0	NA	NA	NA	NA	NA
567	23	2	29.914	30.595	0	2	0	0.624	0.624	NA	0.624	NA	-104.036	NA
568	23	3	29.611	30.822	0	2	46	1.003	0.591	NA	0.378	NA	143.13	-112.834
569	23	4	29.914	30.898	0	2	0	1.315	0.338	NA	0.312	NA	14.036	-129.094
570	23	5	29.838	31.125	0	2	58	1.554	0.239	NA	0.239	NA	108.435	94.399
571	23	6	29.838	30.973	0	2	34	1.705	0.321	NA	0.151	NA	-90	161.565
572	23	7	29.687	29.762	0	2	23	2.926	1.487	NA	1.22	NA	-97.125	-7.125
573	23	8	29.384	29.535	0	2	93	3.304	1.799	NA	0.378	NA	-143.13	-46.005
574	23	9	29.233	28.854	0	2	46	4.002	2.49	NA	0.698	NA	-102.529	40.601
575	23	10	29.157	29.006	0	2	69	4.171	2.375	NA	0.169	NA	116.565	-140.906
576	23	11	29.308	28.552	0	2	23	4.65	2.755	NA	0.479	NA	-71.565	171.87
577	24	1	29.838	35.439	0	2	0	0	0	NA	NA	NA	NA	NA
578	24	2	29.914	35.59	0	2	58	0.169	0.169	NA	0.169	NA	63.435	NA
579	24	3	30.444	35.666	0	2	11	0.704	0.647	NA	0.535	NA	8.13	-55.305
580	24	4	29.914	35.287	0	2	23	1.355	0.169	NA	0.651	NA	-144.462	-152.592
581	24	5	29.99	35.817	0	2	11	1.891	0.408	NA	0.535	NA	81.87	-133.668
582	24	6	30.141	35.893	0	2	11	2.06	0.546	NA	0.169	NA	26.565	-55.305
583	24	7	30.141	35.893	0	2	23	2.06	0.546	NA	0	NA	0	-26.565
584	24	8	30.141	35.893	0	2	34	2.06	0.546	NA	0	NA	0	0
585	24	9	30.141	36.12	0	2	0	2.287	0.745	NA	0.227	NA	90	90
586	24	10	29.838	36.196	0	2	0	2.599	0.757	NA	0.312	NA	165.964	75.964
587	24	11	29.762	36.196	0	2	0	2.675	0.761	NA	0.076	NA	180	14.036
588	24	12	29.99	36.044	0	2	34	2.948	0.624	NA	0.273	NA	-33.69	146.31
589	24	13	30.292	36.498	0	2	11	3.493	1.153	NA	0.546	NA	56.31	90
590	24	14	30.519	36.498	0	2	11	3.72	1.26	NA	0.227	NA	0	-56.31
591	24	15	29.838	35.741	0	2	11	4.739	0.303	NA	1.018	NA	-131.987	-131.987
592	25	1	29.914	36.423	0	2	11	0	0	NA	NA	NA	NA	NA
593	25	2	29.46	36.044	0	2	46	0.591	0.591	NA	0.591	NA	-140.194	NA
594	25	3	29.46	36.044	0	2	0	0.591	0.591	NA	0	NA	0	140.194
595	25	4	29.914	36.12	0	2	11	1.051	0.303	NA	0.46	NA	9.462	9.462
596	25	5	29.762	36.196	0	2	34	1.221	0.273	NA	0.169	NA	153.435	143.973
597	25	6	29.611	36.12	0	2	0	1.39	0.428	NA	0.169	NA	-153.435	53.13
598	25	7	29.384	35.59	0	2	23	1.966	0.987	NA	0.576	NA	-113.199	40.236
599	25	8	29.611	35.817	0	2	69	2.287	0.677	NA	0.321	NA	45	158.199
600	25	9	29.687	35.969	0	2	58	2.457	0.508	NA	0.169	NA	63.435	18.435
601	25	10	29.687	35.969	0	2	69	2.457	0.508	NA	0	NA	0	-63.435
602	25	11	29.687	35.969	0	2	23	2.457	0.508	NA	0	NA	0	0
603	25	12	29.687	35.969	0	2	11	2.457	0.508	NA	0	NA	0	0
604	25	13	29.611	36.044	0	2	0	2.564	0.485	NA	0.107	NA	135	135
605	25	14	29.081	35.136	0	2	23	3.615	1.532	NA	1.051	NA	-120.256	104.744
606	25	15	29.006	33.925	0	2	34	4.828	2.658	NA	1.213	NA	-93.576	26.68
607	25	16	29.384	33.017	0	2	0	5.812	3.447	NA	0.984	NA	-67.38	26.196
608	25	17	29.838	32.184	0	2	11	6.761	4.239	NA	0.948	NA	-61.39	5.991
609	25	18	28.703	30.898	0	2	34	8.476	5.656	NA	1.716	NA	-131.424	-70.034
610	25	19	29.006	29.687	0	2	46	9.725	6.797	NA	1.248	NA	-75.964	55.46
611	25	20	29.006	28.93	0	2	11	10.482	7.547	NA	0.757	NA	-90	-14.036
612	26	1	27.416	22.951	0	2	46	0	0	NA	NA	NA	NA	NA
613	26	2	27.492	23.178	0	2	116	0.239	0.239	NA	0.239	NA	71.565	NA
614	26	3	27.795	23.708	0	2	163	0.85	0.846	NA	0.61	NA	60.255	-11.31
615	26	4	27.795	24.692	0	2	221	1.833	1.781	NA	0.984	NA	90	29.745
616	26	5	28.022	26.735	0	2	58	3.889	3.832	NA	2.056	NA	83.66	-6.34
617	26	6	28.173	28.476	0	2	11	5.637	5.576	NA	1.747	NA	85.03	1.37
618	26	7	28.4	30.217	0	2	34	7.392	7.332	NA	1.755	NA	82.569	-2.462
619	26	8	28.4	30.368	0	2	11	7.544	7.482	NA	0.151	NA	90	7.431
620	26	9	28.249	30.595	0	2	23	7.816	7.689	NA	0.273	NA	123.69	33.69
621	26	10	28.022	31.352	0	2	0	8.607	8.423	NA	0.79	NA	106.699	-16.991
622	27	1	27.643	32.714	0	2	46	0	0	NA	NA	NA	NA	NA
623	27	2	28.476	32.866	0	2	58	0.846	0.846	NA	0.846	NA	10.305	NA
624	27	3	28.627	33.471	0	2	0	1.47	1.241	NA	0.624	NA	75.964	65.659
625	27	4	28.703	33.547	0	2	34	1.577	1.348	NA	0.107	NA	45	-30.964
626	27	5	28.703	32.487	0	2	0	2.637	1.084	NA	1.06	NA	-90	-135
627	27	6	28.325	31.428	0	2	34	3.762	1.456	NA	1.125	NA	-109.654	-19.654
628	27	7	28.325	30.065	0	2	11	5.124	2.735	NA	1.362	NA	-90	19.654
629	27	8	28.249	29.308	0	2	0	5.885	3.459	NA	0.761	NA	-95.711	-5.711
630	27	9	28.249	28.854	0	2	23	6.339	3.907	NA	0.454	NA	-90	5.711
631	27	10	28.93	29.233	0	2	81	7.118	3.712	NA	0.779	NA	29.055	119.055
632	27	11	29.081	29.081	0	2	23	7.332	3.907	NA	0.214	NA	-45	-74.055
633	28	1	27.568	33.698	0	2	23	0	0	NA	NA	NA	NA	NA
634	28	2	27.568	33.698	0	2	11	0	0	NA	0	NA	0	NA
635	28	3	28.022	33.698	0	2	58	0.454	0.454	NA	0.454	NA	0	0
636	28	4	27.946	33.925	0	2	0	0.693	0.441	NA	0.239	NA	108.435	108.435
637	28	5	27.87	33.925	0	2	34	0.769	0.378	NA	0.076	NA	180	71.565
638	28	6	27.87	33.925	0	2	23	0.769	0.378	NA	0	NA	0	-180
639	28	7	27.795	33.925	0	2	0	0.845	0.321	NA	0.076	NA	180	180
640	28	8	27.87	33.849	0	2	34	0.952	0.338	NA	0.107	NA	-45	135
641	28	9	27.795	34.001	0	2	23	1.121	0.378	NA	0.169	NA	116.565	161.565
642	28	10	28.097	33.774	0	2	0	1.499	0.535	NA	0.378	NA	-36.87	-153.435
643	28	11	27.87	34.076	0	2	0	1.878	0.485	NA	0.378	NA	126.87	163.74
644	28	12	28.325	34.152	0	2	0	2.338	0.883	NA	0.46	NA	9.462	-117.408
645	28	13	28.325	34.152	0	2	0	2.338	0.883	NA	0	NA	0	-9.462
646	28	14	28.249	34.152	0	2	23	2.414	0.819	NA	0.076	NA	180	180
647	28	15	28.476	34.076	0	2	23	2.653	0.984	NA	0.239	NA	-18.435	161.565
648	28	16	28.854	34.606	0	2	46	3.304	1.575	NA	0.651	NA	54.462	72.897
649	28	17	29.233	34.758	0	2	0	3.712	1.974	NA	0.408	NA	21.801	-32.661
650	28	18	28.854	35.06	0	2	23	4.197	1.874	NA	0.485	NA	141.34	119.539
651	28	19	28.173	35.363	0	2	34	4.942	1.772	NA	0.745	NA	156.038	14.697
652	28	20	28.097	37.407	0	2	11	6.987	3.746	NA	2.045	NA	92.121	-63.916
653	29	1	29.157	19.999	0	2	0	0	0	NA	NA	NA	NA	NA
654	29	2	28.854	18.788	0	2	104	1.248	1.248	NA	1.248	NA	-104.036	NA
655	29	3	28.93	18.864	0	2	11	1.355	1.158	NA	0.107	NA	45	149.036
656	29	4	28.93	18.864	0	2	46	1.355	1.158	NA	0	NA	0	-45
657	29	5	28.93	18.864	0	2	69	1.355	1.158	NA	0	NA	0	0
658	29	6	28.854	18.864	0	2	34	1.431	1.175	NA	0.076	NA	180	180
659	29	7	28.854	18.864	0	2	69	1.431	1.175	NA	0	NA	0	-180
660	29	8	28.93	18.864	0	2	23	1.507	1.158	NA	0.076	NA	0	0
661	29	9	28.854	18.864	0	2	0	1.582	1.175	NA	0.076	NA	180	180
662	29	10	28.703	19.924	0	2	58	2.653	0.46	NA	1.07	NA	98.13	-81.87
663	29	11	29.081	21.135	0	2	23	3.921	1.138	NA	1.269	NA	72.646	-25.484
664	29	12	28.854	22.346	0	2	209	5.153	2.366	NA	1.232	NA	100.62	27.974
665	29	13	27.87	24.011	0	2	0	7.087	4.213	NA	1.934	NA	120.579	19.96
666	29	14	27.568	25.827	0	2	23	8.929	6.04	NA	1.841	NA	99.462	-21.117
667	30	1	28.4	23.178	0	2	58	0	0	NA	NA	NA	NA	NA
668	30	2	28.703	22.875	0	2	255	0.428	0.428	NA	0.428	NA	-45	NA
669	30	3	28.627	22.875	0	2	46	0.504	0.378	NA	0.076	NA	180	-135
670	30	4	28.703	22.497	0	2	34	0.89	0.745	NA	0.386	NA	-78.69	101.31
671	30	5	28.779	22.724	0	2	58	1.129	0.591	NA	0.239	NA	71.565	150.255
672	30	6	28.627	22.724	0	2	198	1.28	0.508	NA	0.151	NA	180	108.435
673	30	7	28.627	22.724	0	2	255	1.28	0.508	NA	0	NA	0	-180
674	31	1	29.535	25.676	0	2	23	0	0	NA	NA	NA	NA	NA
675	31	2	29.46	25.751	0	2	0	0.107	0.107	NA	0.107	NA	135	NA
676	31	3	29.308	25.827	0	2	139	0.276	0.273	NA	0.169	NA	153.435	18.435
677	31	4	29.384	26.054	0	2	81	0.516	0.408	NA	0.239	NA	71.565	-81.87
678	31	5	29.081	25.6	0	2	139	1.061	0.46	NA	0.546	NA	-123.69	164.745
679	31	6	29.535	25.524	0	2	46	1.522	0.151	NA	0.46	NA	-9.462	114.228
680	31	7	29.611	24.919	0	2	11	2.132	0.761	NA	0.61	NA	-82.875	-73.413
681	31	8	29.611	24.919	0	2	81	2.132	0.761	NA	0	NA	0	82.875
682	31	9	29.308	25.373	0	2	93	2.678	0.378	NA	0.546	NA	123.69	123.69
683	31	10	29.384	25.676	0	2	46	2.99	0.151	NA	0.312	NA	75.964	-47.726
684	31	11	29.384	25.297	0	2	0	3.368	0.408	NA	0.378	NA	-90	-165.964
685	31	12	29.308	25.297	0	2	69	3.444	0.441	NA	0.076	NA	180	-90
686	31	13	29.308	25.297	0	2	93	3.444	0.441	NA	0	NA	0	-180
687	31	14	29.308	25.297	0	2	163	3.444	0.441	NA	0	NA	0	0
688	31	15	29.081	25.297	0	2	174	3.671	0.591	NA	0.227	NA	180	180
689	31	16	29.081	25.297	0	2	128	3.671	0.591	NA	0	NA	0	-180
690	31	17	29.762	25.373	0	2	69	4.356	0.378	NA	0.685	NA	6.34	6.34
691	31	18	29.762	25.373	0	2	46	4.356	0.378	NA	0	NA	0	-6.34
692	31	19	29.535	25.373	0	2	104	4.583	0.303	NA	0.227	NA	180	180
693	31	20	29.384	25.6	0	2	46	4.856	0.169	NA	0.273	NA	123.69	-56.31
694	31	21	29.384	25.751	0	2	46	5.008	0.169	NA	0.151	NA	90	-33.69
695	31	22	29.46	25.449	0	2	58	5.32	0.239	NA	0.312	NA	-75.964	-165.964
696	31	23	29.46	25.449	0	2	81	5.32	0.239	NA	0	NA	0	75.964
697	31	24	29.535	25.373	0	2	104	5.427	0.303	NA	0.107	NA	-45	-45
698	31	25	29.535	25.373	0	2	116	5.427	0.303	NA	0	NA	0	45
