Nr	TID	PID	x [micron]	y [micron]	t [sec]	c [idx]	I [val]	Len [micron]	D2S [micron]	D2R [micron]	D2P [micron]	v [micron/sec]	? [deg]	?? [deg]
1	1	1	4.339	17.642	0	2	255	0	0	NA	NA	NA	NA	NA
2	1	2	4.269	17.712	0	2	177	0.099	0.099	NA	0.099	NA	135	NA
3	1	3	4.129	17.782	0	2	65	0.255	0.252	NA	0.156	NA	153.435	18.435
4	1	4	4.164	17.153	0	2	74	0.884	0.519	NA	0.629	NA	-86.82	119.745
5	1	5	4.234	17.084	0	2	167	0.983	0.568	NA	0.099	NA	-45	41.82
6	1	6	4.234	17.119	0	2	214	1.018	0.534	NA	0.035	NA	90	135
7	1	7	4.967	16.804	0	2	83	1.816	1.048	NA	0.798	NA	-23.199	-113.199
8	1	8	4.443	17.398	0	2	149	2.608	0.266	NA	0.792	NA	131.424	154.622
9	1	9	4.408	17.398	0	2	149	2.642	0.254	NA	0.035	NA	180	48.576
10	1	10	4.443	17.398	0	2	177	2.677	0.266	NA	0.035	NA	0	-180
11	1	11	4.129	17.468	0	2	74	2.999	0.273	NA	0.322	NA	167.471	167.471
12	1	12	4.339	17.119	0	2	46	3.407	0.524	NA	0.407	NA	-59.036	133.493
13	1	13	4.269	17.119	0	2	102	3.476	0.528	NA	0.07	NA	180	-120.964
14	1	14	4.269	17.223	0	2	121	3.581	0.425	NA	0.105	NA	90	-90
15	1	15	4.618	16.455	0	2	83	4.425	1.22	NA	0.844	NA	-65.556	-155.556
16	1	16	4.793	16.525	0	2	93	4.613	1.206	NA	0.188	NA	21.801	87.357
17	1	17	4.653	16.734	0	2	65	4.865	0.961	NA	0.252	NA	123.69	101.889
18	1	18	4.688	16.734	0	2	74	4.9	0.973	NA	0.035	NA	0	-123.69
19	1	19	4.793	16.769	0	2	46	5.01	0.984	NA	0.11	NA	18.435	18.435
20	1	20	4.793	16.769	0	2	37	5.01	0.984	NA	0	NA	0	-18.435
21	1	21	5.246	16.455	0	2	37	5.562	1.495	NA	0.552	NA	-34.695	-34.695
22	1	22	5.491	16.281	0	2	55	5.863	1.784	NA	0.3	NA	-35.538	-0.843
23	1	23	5.875	15.722	0	2	37	6.541	2.459	NA	0.678	NA	-55.491	-19.954
24	1	24	5.351	15.757	0	2	27	7.065	2.14	NA	0.525	NA	176.186	-128.323
25	1	25	5.351	16.036	0	2	9	7.345	1.899	NA	0.279	NA	90	-86.186
26	2	1	11.183	13.522	0	2	46	0	0	NA	NA	NA	NA	NA
27	2	2	11.602	12.928	0	2	102	0.727	0.727	NA	0.727	NA	-54.782	NA
28	2	3	11.741	11.881	0	2	121	1.783	1.734	NA	1.057	NA	-82.405	-27.623
29	2	4	11.427	11.287	0	2	205	2.455	2.248	NA	0.672	NA	-117.897	-35.492
30	2	5	12.021	10.135	0	2	205	3.751	3.489	NA	1.296	NA	-62.745	55.153
31	2	6	12.09	10.205	0	2	65	3.85	3.439	NA	0.099	NA	45	107.745
32	2	7	11.776	10.03	0	2	55	4.21	3.542	NA	0.36	NA	-150.945	164.055
33	2	8	11.567	11.113	0	2	149	5.312	2.44	NA	1.103	NA	100.954	-108.101
34	2	9	12.09	11.078	0	2	102	5.837	2.607	NA	0.525	NA	-3.814	-104.768
35	2	10	11.148	10.763	0	2	18	6.831	2.759	NA	0.994	NA	-161.565	-157.751
36	2	11	10.729	10.624	0	2	65	7.272	2.934	NA	0.442	NA	-161.565	0
37	2	12	11.497	10.868	0	2	195	8.079	2.672	NA	0.806	NA	17.65	179.215
38	2	13	11.217	10.763	0	2	27	8.377	2.759	NA	0.298	NA	-159.444	-177.094
39	2	14	11.043	10.344	0	2	223	8.831	3.181	NA	0.454	NA	-112.62	46.824
40	2	15	10.833	10.659	0	2	27	9.209	2.884	NA	0.378	NA	123.69	-123.69
41	2	16	10.938	10.414	0	2	18	9.475	3.117	NA	0.266	NA	-66.801	169.509
42	2	17	10.065	10.344	0	2	55	10.35	3.368	NA	0.876	NA	-175.426	-108.625
43	2	18	10.589	10.729	0	2	18	11	2.856	NA	0.65	NA	36.254	-148.32
44	2	19	9.297	10.903	0	2	37	12.303	3.227	NA	1.304	NA	172.304	136.05
45	3	1	12.719	16.49	0	2	93	0	0	NA	NA	NA	NA	NA
46	3	2	12.579	15.966	0	2	55	0.542	0.542	NA	0.542	NA	-104.931	NA
47	3	3	13.033	15.582	0	2	55	1.137	0.961	NA	0.595	NA	-40.236	64.695
48	3	4	13.836	14.814	0	2	111	2.248	2.014	NA	1.111	NA	-43.727	-3.491
49	3	5	13.836	14.884	0	2	111	2.318	1.957	NA	0.07	NA	90	133.727
50	3	6	14.604	14.604	0	2	149	3.135	2.667	NA	0.817	NA	-19.983	-109.983
51	4	1	12.335	15.093	0	2	93	0	0	NA	NA	NA	NA	NA
52	4	2	12.963	14.744	0	2	93	0.719	0.719	NA	0.719	NA	-29.055	NA
53	4	3	12.649	15.966	0	2	27	1.981	0.928	NA	1.262	NA	104.421	133.475
54	4	4	12.16	15.652	0	2	83	2.562	0.585	NA	0.581	NA	-147.265	108.314
55	4	5	12.125	15.373	0	2	93	2.844	0.349	NA	0.282	NA	-97.125	50.14
56	4	6	12.44	15.233	0	2	167	3.187	0.175	NA	0.344	NA	-23.962	73.163
57	4	7	12.998	14.744	0	2	37	3.93	0.75	NA	0.742	NA	-41.186	-17.223
58	4	8	13.941	14.151	0	2	111	5.044	1.862	NA	1.114	NA	-32.196	8.99
59	4	9	14.989	13.522	0	2	111	6.266	3.084	NA	1.222	NA	-30.964	1.232
60	5	1	6.888	15.896	0	2	46	0	0	NA	NA	NA	NA	NA
61	5	2	7.097	15.792	0	2	74	0.234	0.234	NA	0.234	NA	-26.565	NA
62	5	3	8.005	15.408	0	2	37	1.22	1.22	NA	0.986	NA	-22.932	3.633
63	5	4	8.04	14.29	0	2	55	2.338	1.977	NA	1.118	NA	-88.21	-65.278
64	5	5	8.04	14.43	0	2	18	2.478	1.865	NA	0.14	NA	90	178.21
65	5	6	8.913	14.081	0	2	27	3.418	2.72	NA	0.94	NA	-21.801	-111.801
66	5	7	8.284	14.535	0	2	65	4.193	1.951	NA	0.775	NA	144.162	165.964
67	5	8	8.005	14.744	0	2	37	4.542	1.605	NA	0.349	NA	143.13	-1.032
68	5	9	8.354	14.465	0	2	0	4.989	2.049	NA	0.447	NA	-38.66	178.21
69	5	10	7.691	15.582	0	2	74	6.289	0.862	NA	1.299	NA	120.7	159.36
70	6	1	8.773	11.741	0	2	9	0	0	NA	NA	NA	NA	NA
71	6	2	9.541	12.021	0	2	55	0.817	0.817	NA	0.817	NA	19.983	NA
72	6	3	8.878	12.405	0	2	0	1.584	0.672	NA	0.767	NA	149.931	129.948
73	6	4	8.354	12.893	0	2	9	2.3	1.226	NA	0.716	NA	136.975	-12.956
74	7	1	7.551	13.592	0	2	27	0	0	NA	NA	NA	NA	NA
75	7	2	7.481	14.185	0	2	37	0.598	0.598	NA	0.598	NA	96.71	NA
76	7	3	7.551	14.57	0	2	27	0.988	0.978	NA	0.39	NA	79.695	-17.015
77	7	4	7.167	14.814	0	2	46	1.443	1.281	NA	0.455	NA	147.529	67.834
78	7	5	7.202	14.989	0	2	0	1.621	1.44	NA	0.178	NA	78.69	-68.839
79	7	6	7.272	14.989	0	2	18	1.691	1.424	NA	0.07	NA	0	-78.69
80	7	7	7.342	14.989	0	2	9	1.761	1.412	NA	0.07	NA	0	0
81	7	8	7.516	15.128	0	2	27	1.985	1.537	NA	0.224	NA	38.66	38.66
82	7	9	7.376	15.163	0	2	9	2.129	1.581	NA	0.144	NA	165.964	127.304
83	7	10	7.237	15.233	0	2	9	2.285	1.671	NA	0.156	NA	153.435	-12.529
84	8	1	9.646	11.252	0	2	27	0	0	NA	NA	NA	NA	NA
85	8	2	10.065	11.078	0	2	9	0.454	0.454	NA	0.454	NA	-22.62	NA
86	8	3	11.706	12.23	0	2	37	2.459	2.28	NA	2.005	NA	35.074	57.694
87	8	4	11.811	12.09	0	2	0	2.634	2.321	NA	0.175	NA	-53.13	-88.204
88	8	5	11.846	12.614	0	2	55	3.159	2.587	NA	0.525	NA	86.186	139.316
89	8	6	10.938	14.29	0	2	18	5.065	3.301	NA	1.906	NA	118.443	32.257
90	8	7	10.414	14.604	0	2	27	5.676	3.439	NA	0.611	NA	149.036	30.593
91	8	8	11.078	14.604	0	2	9	6.339	3.645	NA	0.663	NA	0	-149.036
92	8	9	10.344	15.338	0	2	65	7.376	4.145	NA	1.037	NA	135	135
93	8	10	11.043	15.896	0	2	37	8.271	4.85	NA	0.894	NA	38.66	-96.34
94	8	11	11.252	16.001	0	2	46	8.505	5.013	NA	0.234	NA	26.565	-12.095
95	8	12	11.427	15.512	0	2	27	9.024	4.617	NA	0.519	NA	-70.346	-96.911
96	8	13	10.379	15.722	0	2	46	10.092	4.529	NA	1.068	NA	168.69	-120.964
97	8	14	10.065	15.652	0	2	37	10.414	4.42	NA	0.322	NA	-167.471	23.839
98	8	15	9.402	15.896	0	2	18	11.121	4.651	NA	0.707	NA	159.775	-32.754
99	9	1	1.964	18.306	0	2	9	0	0	NA	NA	NA	NA	NA
100	9	2	2.977	18.061	0	2	102	1.042	1.042	NA	1.042	NA	-13.57	NA
101	9	3	3.57	17.852	0	2	121	1.671	1.669	NA	0.629	NA	-19.44	-5.87
102	9	4	3.57	17.852	0	2	65	1.671	1.669	NA	0	NA	0	19.44
103	9	5	3.535	17.817	0	2	37	1.721	1.646	NA	0.049	NA	-135	-135
104	9	6	3.675	17.328	0	2	111	2.229	1.971	NA	0.508	NA	-74.055	60.945
105	9	7	3.71	17.293	0	2	121	2.278	2.018	NA	0.049	NA	-45	29.055
106	9	8	3.885	17.084	0	2	55	2.551	2.276	NA	0.273	NA	-50.194	-5.194
107	9	9	4.129	16.909	0	2	65	2.851	2.576	NA	0.3	NA	-35.538	14.657
108	9	10	4.234	16.7	0	2	46	3.086	2.781	NA	0.234	NA	-63.435	-27.897
109	9	11	4.653	16.35	0	2	55	3.631	3.325	NA	0.545	NA	-39.806	23.629
110	9	12	4.653	16.35	0	2	55	3.631	3.325	NA	0	NA	0	39.806
111	9	13	4.723	16.211	0	2	102	3.787	3.464	NA	0.156	NA	-63.435	-63.435
112	9	14	4.862	16.176	0	2	74	3.931	3.597	NA	0.144	NA	-14.036	49.399
113	9	15	5.002	16.001	0	2	55	4.155	3.813	NA	0.224	NA	-51.34	-37.304
114	9	16	5.072	15.617	0	2	83	4.545	4.109	NA	0.39	NA	-79.695	-28.355
115	9	17	5.281	15.512	0	2	9	4.779	4.337	NA	0.234	NA	-26.565	53.13
116	9	18	5.072	15.827	0	2	55	5.157	3.975	NA	0.378	NA	123.69	150.255
117	9	19	5.316	15.827	0	2	37	5.402	4.169	NA	0.244	NA	0	-123.69
118	9	20	5.421	15.303	0	2	55	5.936	4.579	NA	0.534	NA	-78.69	-78.69
119	9	21	5.526	15.023	0	2	18	6.234	4.843	NA	0.298	NA	-69.444	9.246
120	9	22	5.665	14.989	0	2	27	6.378	4.97	NA	0.144	NA	-14.036	55.408
121	9	23	5.735	14.884	0	2	0	6.504	5.092	NA	0.126	NA	-56.31	-42.274
122	9	24	5.596	14.709	0	2	27	6.728	5.111	NA	0.224	NA	-128.66	-72.35
123	9	25	5.7	14.779	0	2	9	6.853	5.138	NA	0.126	NA	33.69	162.35
124	9	26	5.596	14.604	0	2	37	7.057	5.185	NA	0.204	NA	-120.964	-154.654
125	9	27	5.7	15.023	0	2	27	7.489	4.973	NA	0.432	NA	75.964	-163.072
126	9	28	5.735	14.884	0	2	9	7.633	5.092	NA	0.144	NA	-75.964	-151.928
127	9	29	5.735	14.884	0	2	27	7.633	5.092	NA	0	NA	0	75.964
128	9	30	5.596	15.128	0	2	9	7.914	4.825	NA	0.282	NA	119.745	119.745
129	9	31	5.631	15.093	0	2	27	7.964	4.875	NA	0.049	NA	-45	-164.745
130	9	32	5.561	14.779	0	2	27	8.286	5.037	NA	0.322	NA	-102.529	-57.529
131	9	33	5.491	14.081	0	2	27	8.988	5.504	NA	0.702	NA	-95.711	6.818
132	9	34	5.7	14.5	0	2	37	9.456	5.333	NA	0.468	NA	63.435	159.146
133	10	1	9.297	11.602	0	2	27	0	0	NA	NA	NA	NA	NA
134	10	2	9.087	12.3	0	2	9	0.729	0.729	NA	0.729	NA	106.699	NA
135	10	3	8.843	11.951	0	2	46	1.155	0.573	NA	0.426	NA	-124.992	128.309
136	10	4	9.332	11.462	0	2	65	1.847	0.144	NA	0.691	NA	-45	79.992
137	10	5	8.703	12.405	0	2	37	2.98	0.999	NA	1.133	NA	123.69	168.69
138	10	6	8.948	12.544	0	2	37	3.261	1.005	NA	0.282	NA	29.745	-93.945
139	10	7	8.389	12.3	0	2	102	3.871	1.145	NA	0.61	NA	-156.371	173.884
140	10	8	8.319	12.544	0	2	18	4.125	1.358	NA	0.254	NA	105.945	-97.684
141	10	9	8.564	12.37	0	2	37	4.426	1.062	NA	0.3	NA	-35.538	-141.483
142	10	10	8.668	12.998	0	2	18	5.063	1.532	NA	0.637	NA	80.538	116.075
143	11	1	12.859	13.836	0	2	65	0	0	NA	NA	NA	NA	NA
144	11	2	12.893	13.836	0	2	9	0.035	0.035	NA	0.035	NA	0	NA
145	11	3	12.649	14.116	0	2	65	0.406	0.349	NA	0.371	NA	131.186	131.186
146	11	4	12.789	13.732	0	2	102	0.815	0.126	NA	0.409	NA	-70.017	158.797
147	11	5	12.16	13.697	0	2	18	1.444	0.712	NA	0.629	NA	-176.82	-106.803
148	11	6	12.3	13.697	0	2	37	1.584	0.576	NA	0.14	NA	0	176.82
149	11	7	12.614	13.243	0	2	46	2.136	0.642	NA	0.552	NA	-55.305	-55.305
150	11	8	12.16	13.417	0	2	27	2.622	0.814	NA	0.486	NA	158.962	-145.733
151	11	9	12.021	13.836	0	2	0	3.064	0.838	NA	0.442	NA	108.435	-50.528
152	11	10	12.265	13.522	0	2	37	3.462	0.672	NA	0.398	NA	-52.125	-160.56
153	11	11	12.021	13.906	0	2	55	3.918	0.841	NA	0.455	NA	122.471	174.596
154	12	1	13.801	10.589	0	2	55	0	0	NA	NA	NA	NA	NA
155	12	2	13.592	10.519	0	2	37	0.221	0.221	NA	0.221	NA	-161.565	NA
156	12	3	13.522	11.078	0	2	27	0.784	0.563	NA	0.563	NA	97.125	-101.31
157	12	4	14.255	11.671	0	2	55	1.727	1.174	NA	0.943	NA	38.991	-58.134
158	12	5	14.255	11.986	0	2	65	2.042	1.469	NA	0.314	NA	90	51.009
159	12	6	13.801	12.474	0	2	65	2.709	1.886	NA	0.667	NA	132.879	42.879
160	12	7	14.046	12.998	0	2	65	3.287	2.422	NA	0.578	NA	64.983	-67.896
161	13	1	14.151	14.674	0	2	255	0	0	NA	NA	NA	NA	NA
162	13	2	14.779	14.954	0	2	255	0.688	0.688	NA	0.688	NA	23.962	NA
163	13	3	14.884	14.989	0	2	255	0.798	0.798	NA	0.11	NA	18.435	-5.528
164	13	4	14.709	15.233	0	2	255	1.099	0.79	NA	0.3	NA	125.538	107.103
165	13	5	14.779	15.233	0	2	255	1.168	0.841	NA	0.07	NA	0	-125.538
166	13	6	14.884	15.268	0	2	255	1.279	0.943	NA	0.11	NA	18.435	18.435
167	13	7	14.849	15.512	0	2	214	1.526	1.091	NA	0.247	NA	98.13	79.695
168	13	8	14.779	15.547	0	2	223	1.604	1.076	NA	0.078	NA	153.435	55.305
169	13	9	14.709	15.547	0	2	102	1.674	1.036	NA	0.07	NA	180	26.565
170	13	10	14.604	15.512	0	2	167	1.784	0.953	NA	0.11	NA	-161.565	18.435
171	13	11	14.465	15.443	0	2	205	1.94	0.83	NA	0.156	NA	-153.435	8.13
172	13	12	14.046	15.408	0	2	214	2.361	0.741	NA	0.42	NA	-175.236	-21.801
173	13	13	13.313	15.547	0	2	255	3.107	1.21	NA	0.746	NA	169.216	-15.548
174	13	14	13.243	15.862	0	2	93	3.429	1.495	NA	0.322	NA	102.529	-66.687
175	13	15	13.243	16.35	0	2	149	3.918	1.906	NA	0.489	NA	90	-12.529
176	13	16	13.313	16.315	0	2	93	3.996	1.843	NA	0.078	NA	-26.565	-116.565
177	13	17	13.487	16.176	0	2	139	4.22	1.642	NA	0.224	NA	-38.66	-12.095
178	13	18	13.836	16.001	0	2	130	4.61	1.364	NA	0.39	NA	-26.565	12.095
179	13	19	13.522	16.211	0	2	139	4.988	1.66	NA	0.378	NA	146.31	172.875
180	13	20	13.208	16.281	0	2	83	5.31	1.862	NA	0.322	NA	167.471	21.161
181	13	21	13.417	16.35	0	2	205	5.53	1.829	NA	0.221	NA	18.435	-149.036
182	13	22	13.732	15.931	0	2	205	6.054	1.325	NA	0.524	NA	-53.13	-71.565
183	13	23	13.906	16.001	0	2	74	6.242	1.349	NA	0.188	NA	21.801	74.932
184	13	24	14.43	16.071	0	2	83	6.771	1.424	NA	0.528	NA	7.595	-14.207
185	13	25	14.43	16.281	0	2	149	6.98	1.63	NA	0.21	NA	90	82.405
186	13	26	14.709	17.119	0	2	37	7.864	2.507	NA	0.883	NA	71.565	-18.435
187	13	27	15.792	18.026	0	2	111	9.276	3.732	NA	1.413	NA	39.987	-31.578
188	13	28	16.874	18.585	0	2	121	10.494	4.766	NA	1.218	NA	27.3	-12.687
189	13	29	17.258	18.969	0	2	93	11.038	5.301	NA	0.543	NA	45	17.7
190	13	30	16.769	18.55	0	2	37	11.682	4.678	NA	0.644	NA	-139.399	175.601
191	13	31	16.665	18.55	0	2	65	11.786	4.62	NA	0.105	NA	180	-40.601
192	13	32	16.315	18.655	0	2	55	12.151	4.531	NA	0.365	NA	163.301	-16.699
193	13	33	16.909	18.725	0	2	65	12.749	4.901	NA	0.598	NA	6.71	-156.591
194	13	34	17.468	18.76	0	2	102	13.308	5.263	NA	0.56	NA	3.576	-3.134
195	13	35	17.607	18.76	0	2	83	13.448	5.352	NA	0.14	NA	0	-3.576
196	13	36	18.655	18.795	0	2	74	14.496	6.105	NA	1.048	NA	1.909	1.909
197	13	37	18.934	18.969	0	2	149	14.826	6.429	NA	0.329	NA	32.005	30.096
198	13	38	18.934	18.969	0	2	139	14.826	6.429	NA	0	NA	0	-32.005
199	13	39	18.934	19.074	0	2	74	14.93	6.499	NA	0.105	NA	90	90
200	13	40	18.376	19.179	0	2	83	15.499	6.176	NA	0.568	NA	169.38	79.38
201	13	41	18.166	19.109	0	2	55	15.72	5.983	NA	0.221	NA	-161.565	29.055
202	13	42	18.411	18.934	0	2	83	16.02	6.025	NA	0.3	NA	-35.538	126.027
203	13	43	18.48	18.934	0	2	121	16.09	6.074	NA	0.07	NA	0	35.538
204	13	44	18.515	19.039	0	2	83	16.2	6.173	NA	0.11	NA	71.565	71.565
205	13	45	18.236	19.004	0	2	83	16.482	5.953	NA	0.282	NA	-172.875	115.56
206	13	46	18.026	19.004	0	2	55	16.691	5.811	NA	0.21	NA	180	-7.125
207	13	47	17.712	18.76	0	2	46	17.089	5.42	NA	0.398	NA	-142.125	37.875
208	13	48	17.712	18.76	0	2	65	17.089	5.42	NA	0	NA	0	142.125
209	14	1	19.283	12.125	0	2	93	0	0	NA	NA	NA	NA	NA
210	14	2	19.563	12.16	0	2	83	0.282	0.282	NA	0.282	NA	7.125	NA
211	14	3	19.144	12.3	0	2	55	0.723	0.224	NA	0.442	NA	161.565	154.44
212	14	4	18.76	12.509	0	2	65	1.161	0.65	NA	0.438	NA	151.39	-10.176
213	14	5	18.201	12.614	0	2	46	1.729	1.188	NA	0.568	NA	169.38	17.991
214	14	6	17.573	12.684	0	2	46	2.362	1.8	NA	0.632	NA	173.66	4.279
215	15	1	20.506	11.951	0	2	83	0	0	NA	NA	NA	NA	NA
216	15	2	20.331	11.951	0	2	186	0.175	0.175	NA	0.175	NA	180	NA
217	15	3	20.366	11.951	0	2	149	0.21	0.14	NA	0.035	NA	0	-180
218	15	4	20.331	12.16	0	2	167	0.422	0.273	NA	0.212	NA	99.462	99.462
219	15	5	20.226	12.16	0	2	102	0.527	0.349	NA	0.105	NA	180	80.538
220	15	6	20.226	12.055	0	2	93	0.631	0.298	NA	0.105	NA	-90	90
221	15	7	20.401	12.055	0	2	102	0.806	0.148	NA	0.175	NA	0	90
222	15	8	20.401	12.021	0	2	205	0.841	0.126	NA	0.035	NA	-90	-90
223	15	9	20.261	12.021	0	2	139	0.981	0.254	NA	0.14	NA	180	-90
224	15	10	20.75	11.916	0	2	46	1.481	0.247	NA	0.5	NA	-12.095	167.905
225	15	11	20.575	12.021	0	2	37	1.684	0.099	NA	0.204	NA	149.036	161.131
226	15	12	20.191	11.951	0	2	111	2.075	0.314	NA	0.39	NA	-169.695	41.269
227	15	13	20.191	11.951	0	2	65	2.075	0.314	NA	0	NA	0	169.695
228	15	14	19.772	12.055	0	2	121	2.506	0.741	NA	0.432	NA	165.964	165.964
229	15	15	19.772	12.055	0	2	177	2.506	0.741	NA	0	NA	0	-165.964
230	15	16	19.877	12.021	0	2	46	2.617	0.632	NA	0.11	NA	-18.435	-18.435
231	15	17	19.877	11.951	0	2	37	2.687	0.629	NA	0.07	NA	-90	-71.565
232	15	18	19.912	11.951	0	2	37	2.722	0.594	NA	0.035	NA	0	90
233	15	19	20.261	12.09	0	2	27	3.098	0.282	NA	0.376	NA	21.801	21.801
234	15	20	20.401	11.951	0	2	27	3.295	0.105	NA	0.198	NA	-45	-66.801
235	15	21	20.436	12.265	0	2	9	3.611	0.322	NA	0.316	NA	83.66	128.66
236	15	22	20.541	12.265	0	2	27	3.716	0.316	NA	0.105	NA	0	-83.66
237	15	23	20.471	12.265	0	2	55	3.786	0.316	NA	0.07	NA	180	180
238	15	24	20.296	12.195	0	2	27	3.974	0.322	NA	0.188	NA	-158.199	21.801
239	15	25	20.296	12.195	0	2	27	3.974	0.322	NA	0	NA	0	158.199
240	15	26	20.017	12.23	0	2	111	4.256	0.563	NA	0.282	NA	172.875	172.875
241	15	27	20.122	12.125	0	2	55	4.404	0.422	NA	0.148	NA	-45	142.125
242	15	28	20.087	12.23	0	2	102	4.514	0.504	NA	0.11	NA	108.435	153.435
243	15	29	20.087	12.195	0	2	74	4.549	0.485	NA	0.035	NA	-90	161.565
244	15	30	20.261	12.37	0	2	55	4.796	0.485	NA	0.247	NA	45	135
245	15	31	19.947	12.405	0	2	46	5.112	0.72	NA	0.316	NA	173.66	128.66
246	15	32	20.156	12.37	0	2	55	5.325	0.545	NA	0.212	NA	-9.462	176.878
247	15	33	20.191	12.335	0	2	27	5.374	0.496	NA	0.049	NA	-45	-35.538
248	15	34	20.191	12.37	0	2	18	5.409	0.524	NA	0.035	NA	90	135
249	15	35	20.052	12.37	0	2	55	5.549	0.618	NA	0.14	NA	180	90
250	15	36	20.052	12.335	0	2	46	5.583	0.595	NA	0.035	NA	-90	90
251	15	37	19.877	12.23	0	2	9	5.787	0.688	NA	0.204	NA	-149.036	-59.036
252	15	38	20.017	12.3	0	2	27	5.943	0.601	NA	0.156	NA	26.565	175.601
253	15	39	20.052	12.335	0	2	37	5.993	0.595	NA	0.049	NA	45	18.435
254	15	40	20.087	12.09	0	2	18	6.24	0.442	NA	0.247	NA	-81.87	-126.87
255	15	41	20.017	12.125	0	2	74	6.318	0.519	NA	0.078	NA	153.435	-124.695
256	15	42	20.087	12.23	0	2	65	6.443	0.504	NA	0.126	NA	56.31	-97.125
257	15	43	19.807	12.125	0	2	55	6.742	0.72	NA	0.298	NA	-159.444	144.246
258	15	44	20.087	12.37	0	2	0	7.113	0.593	NA	0.371	NA	41.186	-159.37
259	15	45	19.912	12.265	0	2	27	7.317	0.672	NA	0.204	NA	-149.036	169.778
260	16	1	15.652	18.271	0	2	93	0	0	NA	NA	NA	NA	NA
261	16	2	16.909	18.62	0	2	37	1.305	1.305	NA	1.305	NA	15.524	NA
262	16	3	18.026	18.795	0	2	27	2.436	2.432	NA	1.131	NA	8.881	-6.643
263	16	4	19.388	18.899	0	2	27	3.801	3.789	NA	1.366	NA	4.399	-4.482
264	16	5	19.982	18.934	0	2	46	4.396	4.38	NA	0.595	NA	3.366	-1.032
265	16	6	20.506	18.725	0	2	37	4.96	4.875	NA	0.564	NA	-21.801	-25.168
266	17	1	12.614	15.827	0	2	83	0	0	NA	NA	NA	NA	NA
267	17	2	12.055	16.49	0	2	27	0.867	0.867	NA	0.867	NA	130.101	NA
268	17	3	12.405	16.874	0	2	65	1.386	1.068	NA	0.519	NA	47.726	-82.375
269	17	4	13.557	17.084	0	2	83	2.558	1.571	NA	1.171	NA	10.305	-37.421
270	17	5	13.452	17.119	0	2	18	2.668	1.54	NA	0.11	NA	161.565	151.26
271	17	6	13.662	16.804	0	2	83	3.046	1.433	NA	0.378	NA	-56.31	142.125
272	17	7	14.36	17.398	0	2	37	3.962	2.349	NA	0.917	NA	40.365	96.674
273	17	8	14.709	17.328	0	2	46	4.318	2.578	NA	0.356	NA	-11.31	-51.674
274	17	9	14.709	17.084	0	2	55	4.563	2.443	NA	0.244	NA	-90	-78.69
275	17	10	14.604	17.014	0	2	55	4.689	2.318	NA	0.126	NA	-146.31	-56.31
276	17	11	14.674	16.7	0	2	37	5.011	2.237	NA	0.322	NA	-77.471	68.839
277	17	12	14.57	16.979	0	2	27	5.309	2.27	NA	0.298	NA	110.556	-171.973
278	18	1	11.252	17.188	0	2	37	0	0	NA	NA	NA	NA	NA
279	18	2	11.217	17.153	0	2	18	0.049	0.049	NA	0.049	NA	-135	NA
280	18	3	11.217	17.188	0	2	27	0.084	0.035	NA	0.035	NA	90	-135
281	18	4	10.798	17.433	0	2	46	0.569	0.516	NA	0.485	NA	149.744	59.744
282	18	5	10.798	17.468	0	2	27	0.604	0.533	NA	0.035	NA	90	-59.744
283	18	6	11.078	17.328	0	2	27	0.917	0.224	NA	0.312	NA	-26.565	-116.565
284	18	7	11.881	16.734	0	2	55	1.915	0.775	NA	0.999	NA	-36.469	-9.904
285	18	8	12.021	16.595	0	2	37	2.113	0.971	NA	0.198	NA	-45	-8.531
286	18	9	12.021	16.525	0	2	27	2.183	1.015	NA	0.07	NA	-90	-45
287	18	10	12.16	16.211	0	2	55	2.527	1.334	NA	0.344	NA	-66.038	23.962
288	18	11	12.125	16.35	0	2	37	2.671	1.21	NA	0.144	NA	104.036	170.074
289	19	1	12.3	15.198	0	2	121	0	0	NA	NA	NA	NA	NA
290	19	2	12.055	15.443	0	2	102	0.346	0.346	NA	0.346	NA	135	NA
291	19	3	12.09	15.443	0	2	111	0.381	0.322	NA	0.035	NA	0	-135
292	19	4	12.474	15.128	0	2	55	0.877	0.188	NA	0.496	NA	-39.289	-39.289
293	19	5	12.474	15.198	0	2	83	0.947	0.175	NA	0.07	NA	90	129.289
294	19	6	11.916	15.058	0	2	65	1.523	0.409	NA	0.576	NA	-165.964	104.036
295	19	7	11.881	15.128	0	2	83	1.601	0.425	NA	0.078	NA	116.565	-77.471
296	19	8	11.636	15.303	0	2	37	1.901	0.672	NA	0.3	NA	144.462	27.897
297	19	9	12.44	15.163	0	2	27	2.716	0.144	NA	0.815	NA	-9.866	-154.328
298	19	10	12.893	15.058	0	2	74	3.182	0.61	NA	0.466	NA	-12.995	-3.129
299	19	11	13.243	15.093	0	2	177	3.533	0.949	NA	0.351	NA	5.711	18.705
300	19	12	13.313	15.058	0	2	167	3.611	1.022	NA	0.078	NA	-26.565	-32.276
301	19	13	13.278	15.268	0	2	37	3.823	0.98	NA	0.212	NA	99.462	126.027
302	19	14	13.278	15.862	0	2	46	4.417	1.182	NA	0.594	NA	90	-9.462
303	19	15	13.068	15.687	0	2	93	4.69	0.911	NA	0.273	NA	-140.194	129.806
304	19	16	12.928	15.862	0	2	65	4.913	0.914	NA	0.224	NA	128.66	-91.146
305	19	17	12.998	15.827	0	2	46	4.991	0.94	NA	0.078	NA	-26.565	-155.225
306	19	18	13.278	15.722	0	2	65	5.29	1.109	NA	0.298	NA	-20.556	6.009
307	19	19	13.382	15.408	0	2	46	5.621	1.103	NA	0.331	NA	-71.565	-51.009
308	19	20	12.998	15.373	0	2	55	6.007	0.72	NA	0.386	NA	-174.806	-103.241
309	19	21	13.173	15.163	0	2	74	6.279	0.874	NA	0.273	NA	-50.194	124.611
310	19	22	13.173	15.163	0	2	46	6.279	0.874	NA	0	NA	0	50.194
311	19	23	13.871	15.093	0	2	18	6.981	1.575	NA	0.702	NA	-5.711	-5.711
