   0.0000000e+00   0.0000000e+00   0.0000000e+00   0.0000000e+00   0.0000000e+00   0.0000000e+00   0.0000000e+00   0.0000000e+00   0.0000000e+00   0.0000000e+00   0.0000000e+00   0.0000000e+00   0.0000000e+00   0.0000000e+00
   1.0000000e+00   1.0000000e+00   1.0000000e+00   1.0694000e+01   8.7630000e+00   0.0000000e+00   0.0000000e+00   0.0000000e+00   0.0000000e+00   0.0000000e+00   0.0000000e+00   0.0000000e+00   0.0000000e+00   0.0000000e+00
   2.0000000e+00   1.0000000e+00   2.0000000e+00   1.1593000e+01   8.5300000e+00   7.1493718e-01   0.0000000e+00   0.0000000e+00   0.0000000e+00   9.2870340e-01   0.0000000e+00   1.0000000e+00   0.0000000e+00   9.2870340e-01
   3.0000000e+00   1.0000000e+00   3.0000000e+00   1.1326000e+01   8.5300000e+00   2.0554273e-01   0.0000000e+00   0.0000000e+00   0.0000000e+00   2.6700000e-01   0.0000000e+00   1.0000000e+00   0.0000000e+00   1.1957034e+00
   4.0000000e+00   1.0000000e+00   4.0000000e+00   1.1992000e+01   8.3640000e+00   5.2838798e-01   0.0000000e+00   0.0000000e+00   0.0000000e+00   6.8637599e-01   0.0000000e+00   1.0000000e+00   0.0000000e+00   1.8820794e+00
   5.0000000e+00   1.0000000e+00   5.0000000e+00   1.3324000e+01   7.3650000e+00   1.2817552e+00   1.2817552e+00   0.0000000e+00   0.0000000e+00   1.6650000e+00   0.0000000e+00   1.0000000e+00   0.0000000e+00   3.5470794e+00
   6.0000000e+00   1.0000000e+00   6.0000000e+00   1.2991000e+01   7.4650000e+00   2.6766047e-01   0.0000000e+00   0.0000000e+00   0.0000000e+00   3.4769095e-01   0.0000000e+00  -1.0000000e+00   0.0000000e+00   3.8947703e+00
   7.0000000e+00   1.0000000e+00   7.0000000e+00   1.3257000e+01   7.3320000e+00   2.2894306e-01   0.0000000e+00   0.0000000e+00   0.0000000e+00   2.9739704e-01   0.0000000e+00   1.0000000e+00   0.0000000e+00   4.1921674e+00
   8.0000000e+00   1.0000000e+00   8.0000000e+00   1.3058000e+01   7.8310000e+00   4.1356190e-01   0.0000000e+00   4.5509856e-01   2.4452332e-01   5.3721690e-01   4.7293843e+00  -1.0000000e+00   1.0000000e+00   4.7293843e+00
   9.0000000e+00   2.0000000e+00   1.0000000e+00   1.3390000e+01   8.7300000e+00   0.0000000e+00   0.0000000e+00   0.0000000e+00   0.0000000e+00   0.0000000e+00   0.0000000e+00   0.0000000e+00   0.0000000e+00   0.0000000e+00
   1.0000000e+01   2.0000000e+00   2.0000000e+00   1.4555000e+01   8.1970000e+00   9.8624925e-01   9.8624925e-01   0.0000000e+00   0.0000000e+00   1.2811378e+00   0.0000000e+00   1.0000000e+00   0.0000000e+00   1.2811378e+00
   1.1000000e+01   2.0000000e+00   3.0000000e+00   1.4855000e+01   8.2310000e+00   2.3242534e-01   0.0000000e+00   0.0000000e+00   0.0000000e+00   3.0192052e-01   0.0000000e+00  -1.0000000e+00   0.0000000e+00   1.5830583e+00
   1.2000000e+01   2.0000000e+00   4.0000000e+00   1.4655000e+01   8.1640000e+00   1.6237425e-01   0.0000000e+00   0.0000000e+00   0.0000000e+00   2.1092416e-01   0.0000000e+00   1.0000000e+00   0.0000000e+00   1.7939825e+00
   1.3000000e+01   2.0000000e+00   5.0000000e+00   1.4456000e+01   8.0970000e+00   1.6164449e-01   0.0000000e+00   0.0000000e+00   0.0000000e+00   2.0997619e-01   0.0000000e+00   1.0000000e+00   0.0000000e+00   2.0039586e+00
   1.4000000e+01   2.0000000e+00   6.0000000e+00   1.4389000e+01   8.1970000e+00   9.2663789e-02   0.0000000e+00   0.0000000e+00   0.0000000e+00   1.2037026e-01   0.0000000e+00  -1.0000000e+00   0.0000000e+00   2.1243289e+00
   1.5000000e+01   2.0000000e+00   7.0000000e+00   1.4123000e+01   8.4640000e+00   2.9013747e-01   0.0000000e+00   0.0000000e+00   0.0000000e+00   3.7688858e-01   0.0000000e+00  -1.0000000e+00   0.0000000e+00   2.5012175e+00
   1.6000000e+01   2.0000000e+00   8.0000000e+00   1.4223000e+01   8.7300000e+00   2.1876521e-01   0.0000000e+00   0.0000000e+00   0.0000000e+00   2.8417600e-01   0.0000000e+00   1.0000000e+00   0.0000000e+00   2.7853935e+00
   1.7000000e+01   2.0000000e+00   9.0000000e+00   1.3923000e+01   8.9300000e+00   2.7756361e-01   0.0000000e+00   0.0000000e+00   0.0000000e+00   3.6055513e-01   0.0000000e+00   1.0000000e+00   0.0000000e+00   3.1459486e+00
   1.8000000e+01   2.0000000e+00   1.0000000e+01   1.4189000e+01   8.8630000e+00   2.1116876e-01   0.0000000e+00   0.0000000e+00   0.0000000e+00   2.7430822e-01   0.0000000e+00  -1.0000000e+00   0.0000000e+00   3.4202568e+00
   1.9000000e+01   2.0000000e+00   1.1000000e+01   1.4056000e+01   8.6630000e+00   1.8490019e-01   0.0000000e+00   0.0000000e+00   0.0000000e+00   2.4018535e-01   0.0000000e+00  -1.0000000e+00   0.0000000e+00   3.6604422e+00
   2.0000000e+01   2.0000000e+00   1.2000000e+01   1.4389000e+01   8.5970000e+00   2.6133760e-01   0.0000000e+00   0.0000000e+00   0.0000000e+00   3.3947754e-01   0.0000000e+00  -1.0000000e+00   0.0000000e+00   3.9999197e+00
   2.1000000e+01   2.0000000e+00   1.3000000e+01   1.5488000e+01   8.1640000e+00   9.0933329e-01   0.0000000e+00   0.0000000e+00   0.0000000e+00   1.1812239e+00   0.0000000e+00   1.0000000e+00   0.0000000e+00   5.1811437e+00
   2.2000000e+01   2.0000000e+00   1.4000000e+01   1.5488000e+01   8.1310000e+00   2.5404157e-02   0.0000000e+00   2.8671196e-01   1.1997334e-01   3.3000000e-02   5.2141437e+00   1.0000000e+00   1.0000000e+00   5.2141437e+00
   2.3000000e+01   3.0000000e+00   1.0000000e+00   1.2991000e+01   9.1960000e+00   0.0000000e+00   0.0000000e+00   0.0000000e+00   0.0000000e+00   0.0000000e+00   0.0000000e+00   0.0000000e+00   0.0000000e+00   0.0000000e+00
   2.4000000e+01   3.0000000e+00   2.0000000e+00   1.2924000e+01   9.1960000e+00   5.1578137e-02   0.0000000e+00   0.0000000e+00   0.0000000e+00   6.7000000e-02   0.0000000e+00  -1.0000000e+00   0.0000000e+00   6.7000000e-02
   2.5000000e+01   3.0000000e+00   3.0000000e+00   1.2758000e+01   9.1960000e+00   1.2779061e-01   0.0000000e+00   0.0000000e+00   0.0000000e+00   1.6600000e-01   0.0000000e+00  -1.0000000e+00   0.0000000e+00   2.3300000e-01
   2.6000000e+01   3.0000000e+00   4.0000000e+00   1.2791000e+01   9.1290000e+00   5.7495003e-02   0.0000000e+00   0.0000000e+00   0.0000000e+00   7.4686009e-02   0.0000000e+00  -1.0000000e+00   0.0000000e+00   3.0768601e-01
   2.7000000e+01   3.0000000e+00   5.0000000e+00   1.2691000e+01   9.2290000e+00   1.0886940e-01   0.0000000e+00   0.0000000e+00   0.0000000e+00   1.4142136e-01   0.0000000e+00   1.0000000e+00   0.0000000e+00   4.4910737e-01
   2.8000000e+01   3.0000000e+00   6.0000000e+00   1.2558000e+01   9.2960000e+00   1.1464419e-01   0.0000000e+00   0.0000000e+00   0.0000000e+00   1.4892280e-01   0.0000000e+00   1.0000000e+00   0.0000000e+00   5.9803016e-01
   2.9000000e+01   3.0000000e+00   7.0000000e+00   1.2392000e+01   9.0960000e+00   2.0008882e-01   0.0000000e+00   0.0000000e+00   0.0000000e+00   2.5991537e-01   0.0000000e+00  -1.0000000e+00   0.0000000e+00   8.5794554e-01
   3.0000000e+01   3.0000000e+00   8.0000000e+00   1.2259000e+01   9.0630000e+00   1.0549103e-01   0.0000000e+00   0.0000000e+00   0.0000000e+00   1.3703284e-01   0.0000000e+00  -1.0000000e+00   0.0000000e+00   9.9497838e-01
   3.1000000e+01   3.0000000e+00   9.0000000e+00   1.1093000e+01   9.1960000e+00   9.0343404e-01   0.0000000e+00   0.0000000e+00   0.0000000e+00   1.1735608e+00   0.0000000e+00   1.0000000e+00   0.0000000e+00   2.1685392e+00
   3.2000000e+01   3.0000000e+00   1.0000000e+01   9.1630000e+00   8.9300000e+00   1.4998032e+00   1.4998032e+00   3.1691944e-01   2.9539883e-01   1.9482443e+00   4.1167835e+00  -1.0000000e+00  -1.0000000e+00   4.1167835e+00
   3.3000000e+01   4.0000000e+00   1.0000000e+00   6.6660000e+00   9.7620000e+00   0.0000000e+00   0.0000000e+00   0.0000000e+00   0.0000000e+00   0.0000000e+00   0.0000000e+00   0.0000000e+00   0.0000000e+00   0.0000000e+00
   3.4000000e+01   4.0000000e+00   2.0000000e+00   5.6010000e+00   9.8280000e+00   8.2143427e-01   8.2143427e-01   0.0000000e+00   0.0000000e+00   1.0670431e+00   0.0000000e+00  -1.0000000e+00   0.0000000e+00   1.0670431e+00
   3.5000000e+01   4.0000000e+00   3.0000000e+00   5.1350000e+00   9.9280000e+00   3.6690443e-01   0.0000000e+00   0.0000000e+00   0.0000000e+00   4.7660885e-01   0.0000000e+00   1.0000000e+00   0.0000000e+00   1.5436520e+00
   3.6000000e+01   4.0000000e+00   4.0000000e+00   4.2360000e+00   9.8950000e+00   6.9253693e-01   0.0000000e+00   0.0000000e+00   0.0000000e+00   8.9960547e-01   0.0000000e+00  -1.0000000e+00   0.0000000e+00   2.4432574e+00
   3.7000000e+01   4.0000000e+00   5.0000000e+00   3.8030000e+00   9.9620000e+00   3.3730019e-01   0.0000000e+00   4.4363516e-01   4.4187485e-01   4.3815294e-01   2.8814104e+00   1.0000000e+00  -1.0000000e+00   2.8814104e+00
   3.8000000e+01   5.0000000e+00   1.0000000e+00   1.2259000e+01   9.6620000e+00   0.0000000e+00   0.0000000e+00   0.0000000e+00   0.0000000e+00   0.0000000e+00   0.0000000e+00   0.0000000e+00   0.0000000e+00   0.0000000e+00
   3.9000000e+01   5.0000000e+00   2.0000000e+00   1.2225000e+01   9.6950000e+00   3.6475313e-02   0.0000000e+00   0.0000000e+00   0.0000000e+00   4.7381431e-02   0.0000000e+00   1.0000000e+00   0.0000000e+00   4.7381431e-02
   4.0000000e+01   5.0000000e+00   3.0000000e+00   1.2192000e+01   9.6290000e+00   5.6805422e-02   0.0000000e+00   0.0000000e+00   0.0000000e+00   7.3790243e-02   0.0000000e+00  -1.0000000e+00   0.0000000e+00   1.2117167e-01
   4.1000000e+01   5.0000000e+00   4.0000000e+00   1.2159000e+01   9.6620000e+00   3.5926903e-02   0.0000000e+00   0.0000000e+00   0.0000000e+00   4.6669048e-02   0.0000000e+00   1.0000000e+00   0.0000000e+00   1.6784072e-01
   4.2000000e+01   5.0000000e+00   5.0000000e+00   1.2225000e+01   9.7950000e+00   1.1429991e-01   0.0000000e+00   0.0000000e+00   0.0000000e+00   1.4847559e-01   0.0000000e+00   1.0000000e+00   0.0000000e+00   3.1631631e-01
   4.3000000e+01   5.0000000e+00   6.0000000e+00   1.2125000e+01   9.7620000e+00   8.1065682e-02   0.0000000e+00   0.0000000e+00   0.0000000e+00   1.0530432e-01   0.0000000e+00  -1.0000000e+00   0.0000000e+00   4.2162063e-01
   4.4000000e+01   5.0000000e+00   7.0000000e+00   1.2225000e+01   9.6950000e+00   9.2663789e-02   0.0000000e+00   0.0000000e+00   0.0000000e+00   1.2037026e-01   0.0000000e+00  -1.0000000e+00   0.0000000e+00   5.4199089e-01
   4.5000000e+01   5.0000000e+00   8.0000000e+00   1.2192000e+01   9.7950000e+00   8.1065682e-02   0.0000000e+00   0.0000000e+00   0.0000000e+00   1.0530432e-01   0.0000000e+00   1.0000000e+00   0.0000000e+00   6.4729521e-01
   4.6000000e+01   5.0000000e+00   9.0000000e+00   1.2259000e+01   9.8280000e+00   5.7495003e-02   0.0000000e+00   0.0000000e+00   0.0000000e+00   7.4686009e-02   0.0000000e+00   1.0000000e+00   0.0000000e+00   7.2198122e-01
   4.7000000e+01   5.0000000e+00   1.0000000e+01   1.2358000e+01   9.7620000e+00   9.1595991e-02   0.0000000e+00   0.0000000e+00   0.0000000e+00   1.1898319e-01   0.0000000e+00  -1.0000000e+00   0.0000000e+00   8.4096441e-01
   4.8000000e+01   5.0000000e+00   1.1000000e+01   1.2625000e+01   9.6950000e+00   2.1191535e-01   0.0000000e+00   0.0000000e+00   0.0000000e+00   2.7527804e-01   0.0000000e+00  -1.0000000e+00   0.0000000e+00   1.1162425e+00
   4.9000000e+01   5.0000000e+00   1.2000000e+01   1.2259000e+01   9.6950000e+00   2.8175520e-01   0.0000000e+00   0.0000000e+00   0.0000000e+00   3.6600000e-01   0.0000000e+00  -1.0000000e+00   0.0000000e+00   1.4822425e+00
   5.0000000e+01   5.0000000e+00   1.3000000e+01   1.2325000e+01   9.7290000e+00   5.7153845e-02   0.0000000e+00   0.0000000e+00   0.0000000e+00   7.4242845e-02   0.0000000e+00   1.0000000e+00   0.0000000e+00   1.5564853e+00
   5.1000000e+01   5.0000000e+00   1.4000000e+01   1.1826000e+01   9.8280000e+00   3.9162884e-01   0.0000000e+00   0.0000000e+00   0.0000000e+00   5.0872586e-01   0.0000000e+00   1.0000000e+00   0.0000000e+00   2.0652112e+00
   5.2000000e+01   5.0000000e+00   1.5000000e+01   1.1460000e+01   1.0028000e+01   3.2107800e-01   0.0000000e+00   0.0000000e+00   0.0000000e+00   4.1708033e-01   0.0000000e+00   1.0000000e+00   0.0000000e+00   2.4822915e+00
   5.3000000e+01   5.0000000e+00   1.6000000e+01   1.0528000e+01   1.0161000e+01   7.2474363e-01   0.0000000e+00   0.0000000e+00   0.0000000e+00   9.4144198e-01   0.0000000e+00   1.0000000e+00   0.0000000e+00   3.4237335e+00
   5.4000000e+01   5.0000000e+00   1.7000000e+01   8.8630000e+00   1.0328000e+01   1.2881864e+00   1.2881864e+00   0.0000000e+00   0.0000000e+00   1.6733541e+00   0.0000000e+00  -1.0000000e+00   0.0000000e+00   5.0970876e+00
   5.5000000e+01   5.0000000e+00   1.8000000e+01   8.4640000e+00   1.0228000e+01   3.1665935e-01   0.0000000e+00   0.0000000e+00   0.0000000e+00   4.1134049e-01   0.0000000e+00  -1.0000000e+00   0.0000000e+00   5.5084281e+00
   5.6000000e+01   5.0000000e+00   1.9000000e+01   7.5650000e+00   1.0195000e+01   6.9253693e-01   0.0000000e+00   0.0000000e+00   0.0000000e+00   8.9960547e-01   0.0000000e+00  -1.0000000e+00   0.0000000e+00   6.4080335e+00
   5.7000000e+01   5.0000000e+00   2.0000000e+01   6.2330000e+00   1.0195000e+01   1.0254042e+00   0.0000000e+00   2.9792277e-01   2.3285320e-01   1.3320000e+00   7.7400335e+00  -1.0000000e+00  -1.0000000e+00   7.7400335e+00
   5.8000000e+01   6.0000000e+00   1.0000000e+00   1.0461000e+01   9.8950000e+00   0.0000000e+00   0.0000000e+00   0.0000000e+00   0.0000000e+00   0.0000000e+00   0.0000000e+00   0.0000000e+00   0.0000000e+00   0.0000000e+00
   5.9000000e+01   6.0000000e+00   2.0000000e+00   1.1626000e+01   9.6950000e+00   9.0996361e-01   0.0000000e+00   0.0000000e+00   0.0000000e+00   1.1820427e+00   0.0000000e+00  -1.0000000e+00   0.0000000e+00   1.1820427e+00
   6.0000000e+01   6.0000000e+00   3.0000000e+00   1.1959000e+01   9.6620000e+00   2.5760673e-01   0.0000000e+00   0.0000000e+00   0.0000000e+00   3.3463114e-01   0.0000000e+00   1.0000000e+00   0.0000000e+00   1.5166739e+00
   6.1000000e+01   6.0000000e+00   4.0000000e+00   1.2392000e+01   9.6620000e+00   3.3333333e-01   0.0000000e+00   0.0000000e+00   0.0000000e+00   4.3300000e-01   0.0000000e+00   1.0000000e+00   0.0000000e+00   1.9496739e+00
   6.2000000e+01   6.0000000e+00   5.0000000e+00   1.1393000e+01   9.7950000e+00   7.7583870e-01   0.0000000e+00   0.0000000e+00   0.0000000e+00   1.0078145e+00   0.0000000e+00   1.0000000e+00   0.0000000e+00   2.9574883e+00
   6.3000000e+01   6.0000000e+00   6.0000000e+00   8.9960000e+00   9.8280000e+00   1.8454405e+00   1.8454405e+00   6.8703047e-01   1.8816157e-01   2.3972271e+00   5.3547155e+00  -1.0000000e+00  -1.0000000e+00   5.3547155e+00
   6.4000000e+01   7.0000000e+00   1.0000000e+00   7.8980000e+00   1.0361000e+01   0.0000000e+00   0.0000000e+00   0.0000000e+00   0.0000000e+00   0.0000000e+00   0.0000000e+00   0.0000000e+00   0.0000000e+00   0.0000000e+00
   6.5000000e+01   7.0000000e+00   2.0000000e+00   8.4640000e+00   1.0028000e+01   5.0553693e-01   0.0000000e+00   0.0000000e+00   0.0000000e+00   6.5669247e-01   0.0000000e+00  -1.0000000e+00   0.0000000e+00   6.5669247e-01
   6.6000000e+01   7.0000000e+00   3.0000000e+00   8.1970000e+00   1.0095000e+01   2.1191535e-01   0.0000000e+00   0.0000000e+00   0.0000000e+00   2.7527804e-01   0.0000000e+00   1.0000000e+00   0.0000000e+00   9.3197051e-01
   6.7000000e+01   7.0000000e+00   4.0000000e+00   1.0727000e+01   9.9280000e+00   1.9518904e+00   1.9518904e+00   0.0000000e+00   0.0000000e+00   2.5355057e+00   0.0000000e+00   1.0000000e+00   0.0000000e+00   3.4674762e+00
   6.8000000e+01   7.0000000e+00   5.0000000e+00   1.1826000e+01   9.8620000e+00   8.4755968e-01   0.0000000e+00   0.0000000e+00   0.0000000e+00   1.1009800e+00   0.0000000e+00   1.0000000e+00   0.0000000e+00   4.5684562e+00
   6.9000000e+01   7.0000000e+00   6.0000000e+00   1.2891000e+01   9.5620000e+00   8.5176830e-01   0.0000000e+00   0.0000000e+00   0.0000000e+00   1.1064470e+00   0.0000000e+00  -1.0000000e+00   0.0000000e+00   5.6749032e+00
   7.0000000e+01   7.0000000e+00   7.0000000e+00   1.2991000e+01   9.6620000e+00   1.0886940e-01   0.0000000e+00   0.0000000e+00   0.0000000e+00   1.4142136e-01   0.0000000e+00   1.0000000e+00   0.0000000e+00   5.8163246e+00
   7.1000000e+01   7.0000000e+00   8.0000000e+00   1.2691000e+01   9.6620000e+00   2.3094688e-01   0.0000000e+00   0.0000000e+00   0.0000000e+00   3.0000000e-01   0.0000000e+00  -1.0000000e+00   0.0000000e+00   6.1163246e+00
   7.2000000e+01   7.0000000e+00   9.0000000e+00   1.2924000e+01   9.6620000e+00   1.7936875e-01   0.0000000e+00   0.0000000e+00   0.0000000e+00   2.3300000e-01   0.0000000e+00   1.0000000e+00   0.0000000e+00   6.3493246e+00
   7.3000000e+01   7.0000000e+00   1.0000000e+01   1.2492000e+01   9.7620000e+00   3.4135724e-01   0.0000000e+00   0.0000000e+00   0.0000000e+00   4.4342305e-01   0.0000000e+00   1.0000000e+00   0.0000000e+00   6.7927476e+00
   7.4000000e+01   7.0000000e+00   1.1000000e+01   1.2958000e+01   9.6290000e+00   3.7306242e-01   0.0000000e+00   0.0000000e+00   0.0000000e+00   4.8460809e-01   0.0000000e+00  -1.0000000e+00   0.0000000e+00   7.2773557e+00
   7.5000000e+01   7.0000000e+00   1.2000000e+01   1.3191000e+01   9.5620000e+00   1.8663722e-01   0.0000000e+00   4.8240938e-01   3.4340303e-01   2.4244175e-01   7.5197975e+00  -1.0000000e+00  -1.0000000e+00   7.5197975e+00
   7.6000000e+01   8.0000000e+00   1.0000000e+00   1.2725000e+01   9.3290000e+00   0.0000000e+00   0.0000000e+00   0.0000000e+00   0.0000000e+00   0.0000000e+00   0.0000000e+00   0.0000000e+00   0.0000000e+00   0.0000000e+00
   7.7000000e+01   8.0000000e+00   2.0000000e+00   1.2259000e+01   9.5620000e+00   4.0108071e-01   0.0000000e+00   0.0000000e+00   0.0000000e+00   5.2100384e-01   0.0000000e+00   1.0000000e+00   0.0000000e+00   5.2100384e-01
   7.8000000e+01   8.0000000e+00   3.0000000e+00   1.2791000e+01   9.1290000e+00   5.2805196e-01   0.0000000e+00   0.0000000e+00   0.0000000e+00   6.8593950e-01   0.0000000e+00  -1.0000000e+00   0.0000000e+00   1.2069433e+00
   7.9000000e+01   8.0000000e+00   4.0000000e+00   1.3590000e+01   8.7630000e+00   6.7654999e-01   6.7654999e-01   0.0000000e+00   0.0000000e+00   8.7883844e-01   0.0000000e+00  -1.0000000e+00   0.0000000e+00   2.0857818e+00
   8.0000000e+01   8.0000000e+00   5.0000000e+00   1.4023000e+01   8.8300000e+00   3.3730019e-01   0.0000000e+00   0.0000000e+00   0.0000000e+00   4.3815294e-01   0.0000000e+00   1.0000000e+00   0.0000000e+00   2.5239347e+00
   8.1000000e+01   8.0000000e+00   6.0000000e+00   1.4522000e+01   8.9300000e+00   3.9177938e-01   0.0000000e+00   0.0000000e+00   0.0000000e+00   5.0892141e-01   0.0000000e+00   1.0000000e+00   0.0000000e+00   3.0328561e+00
   8.2000000e+01   8.0000000e+00   7.0000000e+00   1.4755000e+01   8.2970000e+00   5.1926141e-01   0.0000000e+00   0.0000000e+00   0.0000000e+00   6.7452057e-01   0.0000000e+00  -1.0000000e+00   0.0000000e+00   3.7073767e+00
   8.3000000e+01   8.0000000e+00   8.0000000e+00   1.4555000e+01   7.8310000e+00   3.9038146e-01   0.0000000e+00   4.0555064e-01   2.2757238e-01   5.0710551e-01   4.2144822e+00   1.0000000e+00   1.0000000e+00   4.2144822e+00
   8.4000000e+01   9.0000000e+00   1.0000000e+00   5.6010000e+00   1.0062000e+01   0.0000000e+00   0.0000000e+00   0.0000000e+00   0.0000000e+00   0.0000000e+00   0.0000000e+00   0.0000000e+00   0.0000000e+00   0.0000000e+00
   8.5000000e+01   9.0000000e+00   2.0000000e+00   7.3320000e+00   9.1630000e+00   1.5015617e+00   0.0000000e+00   0.0000000e+00   0.0000000e+00   1.9505286e+00   0.0000000e+00  -1.0000000e+00   0.0000000e+00   1.9505286e+00
   8.6000000e+01   9.0000000e+00   3.0000000e+00   1.1160000e+01   9.1630000e+00   2.9468822e+00   2.9468822e+00   0.0000000e+00   0.0000000e+00   3.8280000e+00   0.0000000e+00   1.0000000e+00   0.0000000e+00   5.7785286e+00
   8.7000000e+01   9.0000000e+00   4.0000000e+00   1.3623000e+01   8.5640000e+00   1.9513410e+00   0.0000000e+00   1.5999462e+00   1.5705672e+00   2.5347919e+00   8.3133206e+00  -1.0000000e+00  -1.0000000e+00   8.3133206e+00
   8.8000000e+01   1.0000000e+01   1.0000000e+00   2.6380000e+00   9.7950000e+00   0.0000000e+00   0.0000000e+00   0.0000000e+00   0.0000000e+00   0.0000000e+00   0.0000000e+00   0.0000000e+00   0.0000000e+00   0.0000000e+00
   8.9000000e+01   1.0000000e+01   2.0000000e+00   4.4360000e+00   1.0328000e+01   1.4436783e+00   0.0000000e+00   0.0000000e+00   0.0000000e+00   1.8753381e+00   0.0000000e+00   1.0000000e+00   0.0000000e+00   1.8753381e+00
   9.0000000e+01   1.0000000e+01   3.0000000e+00   5.0680000e+00   1.0361000e+01   4.8719089e-01   0.0000000e+00   0.0000000e+00   0.0000000e+00   6.3286096e-01   0.0000000e+00   1.0000000e+00   0.0000000e+00   2.5081991e+00
   9.1000000e+01   1.0000000e+01   4.0000000e+00   5.4680000e+00   1.0361000e+01   3.0792918e-01   0.0000000e+00   0.0000000e+00   0.0000000e+00   4.0000000e-01   0.0000000e+00   1.0000000e+00   0.0000000e+00   2.9081991e+00
   9.2000000e+01   1.0000000e+01   5.0000000e+00   5.6670000e+00   1.0361000e+01   1.5319477e-01   0.0000000e+00   0.0000000e+00   0.0000000e+00   1.9900000e-01   0.0000000e+00   1.0000000e+00   0.0000000e+00   3.1071991e+00
   9.3000000e+01   1.0000000e+01   6.0000000e+00   5.7670000e+00   1.0361000e+01   7.6982294e-02   0.0000000e+00   0.0000000e+00   0.0000000e+00   1.0000000e-01   0.0000000e+00   1.0000000e+00   0.0000000e+00   3.2071991e+00
   9.4000000e+01   1.0000000e+01   7.0000000e+00   6.3000000e+00   1.0228000e+01   4.2289703e-01   0.0000000e+00   0.0000000e+00   0.0000000e+00   5.4934324e-01   0.0000000e+00  -1.0000000e+00   0.0000000e+00   3.7565423e+00
   9.5000000e+01   1.0000000e+01   8.0000000e+00   7.5980000e+00   1.0161000e+01   1.0005605e+00   0.0000000e+00   0.0000000e+00   0.0000000e+00   1.2997280e+00   0.0000000e+00   1.0000000e+00   0.0000000e+00   5.0562704e+00
   9.6000000e+01   1.0000000e+01   9.0000000e+00   8.5300000e+00   1.0095000e+01   7.1927174e-01   0.0000000e+00   0.0000000e+00   0.0000000e+00   9.3433399e-01   0.0000000e+00   1.0000000e+00   0.0000000e+00   5.9906043e+00
   9.7000000e+01   1.0000000e+01   1.0000000e+01   9.2630000e+00   1.0128000e+01   5.6485178e-01   0.0000000e+00   0.0000000e+00   0.0000000e+00   7.3374246e-01   0.0000000e+00   1.0000000e+00   0.0000000e+00   6.7243468e+00
   9.8000000e+01   1.0000000e+01   1.1000000e+01   9.2290000e+00   1.0128000e+01   2.6173980e-02   0.0000000e+00   0.0000000e+00   0.0000000e+00   3.4000000e-02   0.0000000e+00  -1.0000000e+00   0.0000000e+00   6.7583468e+00
   9.9000000e+01   1.0000000e+01   1.2000000e+01   9.0300000e+00   1.0095000e+01   1.5528685e-01   0.0000000e+00   0.0000000e+00   0.0000000e+00   2.0171762e-01   0.0000000e+00  -1.0000000e+00   0.0000000e+00   6.9600644e+00
   1.0000000e+02   1.0000000e+01   1.3000000e+01   9.0630000e+00   1.0095000e+01   2.5404157e-02   0.0000000e+00   0.0000000e+00   0.0000000e+00   3.3000000e-02   0.0000000e+00   1.0000000e+00   0.0000000e+00   6.9930644e+00
   1.0100000e+02   1.0000000e+01   1.4000000e+01   8.7300000e+00   1.0095000e+01   2.5635104e-01   0.0000000e+00   0.0000000e+00   0.0000000e+00   3.3300000e-01   0.0000000e+00  -1.0000000e+00   0.0000000e+00   7.3260644e+00
   1.0200000e+02   1.0000000e+01   1.5000000e+01   9.0960000e+00   1.0095000e+01   2.8175520e-01   0.0000000e+00   0.0000000e+00   0.0000000e+00   3.6600000e-01   0.0000000e+00   1.0000000e+00   0.0000000e+00   7.6920644e+00
   1.0300000e+02   1.0000000e+01   1.6000000e+01   9.1630000e+00   1.0095000e+01   5.1578137e-02   0.0000000e+00   0.0000000e+00   0.0000000e+00   6.7000000e-02   0.0000000e+00   1.0000000e+00   0.0000000e+00   7.7590644e+00
   1.0400000e+02   1.0000000e+01   1.7000000e+01   7.9310000e+00   1.0161000e+01   9.4978182e-01   0.0000000e+00   0.0000000e+00   0.0000000e+00   1.2337666e+00   0.0000000e+00  -1.0000000e+00   0.0000000e+00   8.9928310e+00
   1.0500000e+02   1.0000000e+01   1.8000000e+01   7.4320000e+00   1.0095000e+01   3.8748715e-01   0.0000000e+00   0.0000000e+00   0.0000000e+00   5.0334581e-01   0.0000000e+00  -1.0000000e+00   0.0000000e+00   9.4961768e+00
   1.0600000e+02   1.0000000e+01   1.9000000e+01   6.7330000e+00   1.0228000e+01   5.4776026e-01   0.0000000e+00   0.0000000e+00   0.0000000e+00   7.1154058e-01   0.0000000e+00   1.0000000e+00   0.0000000e+00   1.0207717e+01
   1.0700000e+02   1.0000000e+01   2.0000000e+01   6.2670000e+00   1.0028000e+01   3.9038146e-01   0.0000000e+00   0.0000000e+00   0.0000000e+00   5.0710551e-01   0.0000000e+00  -1.0000000e+00   0.0000000e+00   1.0714823e+01
   1.0800000e+02   1.0000000e+01   2.1000000e+01   4.4690000e+00   9.9620000e+00   1.3850739e+00   0.0000000e+00   0.0000000e+00   0.0000000e+00   1.7992109e+00   0.0000000e+00  -1.0000000e+00   0.0000000e+00   1.2514034e+01
   1.0900000e+02   1.0000000e+01   2.2000000e+01   1.5400000e+00   9.5620000e+00   2.2757405e+00   2.2757405e+00   5.4133322e-01   3.9276701e-02   2.9561869e+00   1.5470221e+01   1.0000000e+00   1.0000000e+00   1.5470221e+01
   1.1000000e+02   1.1000000e+01   1.0000000e+00   7.3650000e+00   9.1630000e+00   0.0000000e+00   0.0000000e+00   0.0000000e+00   0.0000000e+00   0.0000000e+00   0.0000000e+00   0.0000000e+00   0.0000000e+00   0.0000000e+00
   1.1100000e+02   1.1000000e+01   2.0000000e+00   7.3980000e+00   9.1630000e+00   2.5404157e-02   0.0000000e+00   0.0000000e+00   0.0000000e+00   3.3000000e-02   0.0000000e+00  -1.0000000e+00   0.0000000e+00   3.3000000e-02
   1.1200000e+02   1.1000000e+01   3.0000000e+00   7.2320000e+00   9.1630000e+00   1.2779061e-01   0.0000000e+00   0.0000000e+00   0.0000000e+00   1.6600000e-01   0.0000000e+00   1.0000000e+00   0.0000000e+00   1.9900000e-01
   1.1300000e+02   1.1000000e+01   4.0000000e+00   8.4640000e+00   8.8300000e+00   9.8245605e-01   9.8245605e-01   2.8391270e-01   2.2100506e-01   1.2762104e+00   1.4752104e+00   1.0000000e+00   1.0000000e+00   1.4752104e+00
   1.1400000e+02   1.2000000e+01   1.0000000e+00   5.4010000e+00   9.9950000e+00   0.0000000e+00   0.0000000e+00   0.0000000e+00   0.0000000e+00   0.0000000e+00   0.0000000e+00   0.0000000e+00   0.0000000e+00   0.0000000e+00
   1.1500000e+02   1.2000000e+01   2.0000000e+00   6.6990000e+00   9.7620000e+00   1.0152015e+00   0.0000000e+00   0.0000000e+00   0.0000000e+00   1.3187468e+00   0.0000000e+00  -1.0000000e+00   0.0000000e+00   1.3187468e+00
   1.1600000e+02   1.2000000e+01   3.0000000e+00   8.7630000e+00   8.9300000e+00   1.7131492e+00   1.7131492e+00   0.0000000e+00   0.0000000e+00   2.2253809e+00   0.0000000e+00  -1.0000000e+00   0.0000000e+00   3.5441276e+00
   1.1700000e+02   1.2000000e+01   4.0000000e+00   9.2630000e+00   8.7970000e+00   3.9829615e-01   0.0000000e+00   0.0000000e+00   0.0000000e+00   5.1738670e-01   0.0000000e+00   1.0000000e+00   0.0000000e+00   4.0615143e+00
   1.1800000e+02   1.2000000e+01   5.0000000e+00   9.5950000e+00   9.0630000e+00   3.2749611e-01   0.0000000e+00   0.0000000e+00   0.0000000e+00   4.2541744e-01   0.0000000e+00  -1.0000000e+00   0.0000000e+00   4.4869318e+00
   1.1900000e+02   1.2000000e+01   6.0000000e+00   9.5290000e+00   9.1290000e+00   7.1853807e-02   0.0000000e+00   0.0000000e+00   0.0000000e+00   9.3338095e-02   0.0000000e+00   1.0000000e+00   0.0000000e+00   4.5802699e+00
   1.2000000e+02   1.2000000e+01   7.0000000e+00   9.4290000e+00   9.1630000e+00   8.1310214e-02   0.0000000e+00   0.0000000e+00   0.0000000e+00   1.0562197e-01   0.0000000e+00   1.0000000e+00   0.0000000e+00   4.6858918e+00
   1.2100000e+02   1.2000000e+01   8.0000000e+00   9.4290000e+00   9.1960000e+00   2.5404157e-02   0.0000000e+00   0.0000000e+00   0.0000000e+00   3.3000000e-02   0.0000000e+00   1.0000000e+00   0.0000000e+00   4.7188918e+00
   1.2200000e+02   1.2000000e+01   9.0000000e+00   9.5950000e+00   9.2630000e+00   1.3780691e-01   0.0000000e+00   0.0000000e+00   0.0000000e+00   1.7901117e-01   0.0000000e+00   1.0000000e+00   0.0000000e+00   4.8979030e+00
   1.2300000e+02   1.2000000e+01   1.0000000e+01   9.5620000e+00   9.2960000e+00   3.5926903e-02   0.0000000e+00   0.0000000e+00   0.0000000e+00   4.6669048e-02   0.0000000e+00   1.0000000e+00   0.0000000e+00   4.9445720e+00
   1.2400000e+02   1.2000000e+01   1.1000000e+01   9.4960000e+00   9.2290000e+00   7.2400200e-02   0.0000000e+00   0.0000000e+00   0.0000000e+00   9.4047860e-02   0.0000000e+00  -1.0000000e+00   0.0000000e+00   5.0386199e+00
   1.2500000e+02   1.2000000e+01   1.2000000e+01   9.4620000e+00   9.3290000e+00   8.1310214e-02   0.0000000e+00   3.3001295e-01   2.6400111e-01   1.0562197e-01   5.1442419e+00   1.0000000e+00  -1.0000000e+00   5.1442419e+00
