Nr	TID	PID	x [micron]	y [micron]	t [sec]	c [idx]	I [val]	Len [micron]	D2S [micron]	D2R [micron]	D2P [micron]	v [micron/sec]	? [deg]	?? [deg]
1	1	1	12.964	11.798	0	2	74	0	0	NA	NA	NA	NA	NA
2	1	2	12.942	11.82	0	2	107	0.031	0.031	NA	0.031	NA	135	NA
3	1	3	12.942	11.82	0	2	66	0.031	0.031	NA	0	NA	0	-135
4	1	4	12.964	11.864	0	2	90.75	0.08	0.066	NA	0.049	NA	63.435	63.435
5	1	5	13.074	11.864	0	2	65.5	0.19	0.128	NA	0.11	NA	0	-63.435
6	1	6	13.426	11.952	0	2	74	0.553	0.487	NA	0.363	NA	14.036	14.036
7	1	7	13.448	11.908	0	2	86.5	0.603	0.497	NA	0.049	NA	-63.435	-77.471
8	1	8	13.448	11.908	0	2	86.5	0.603	0.497	NA	0	NA	0	63.435
9	1	9	13.448	11.908	0	2	98.75	0.603	0.497	NA	0	NA	0	0
10	1	10	13.404	11.842	0	2	41	0.682	0.442	NA	0.079	NA	-123.69	-123.69
11	1	11	13.404	11.842	0	2	74	0.682	0.442	NA	0	NA	0	123.69
12	1	12	13.382	11.93	0	2	49	0.773	0.439	NA	0.091	NA	104.036	104.036
13	1	13	13.426	12.084	0	2	57.5	0.933	0.544	NA	0.16	NA	74.055	-29.982
14	1	14	13.426	12.15	0	2	16	0.999	0.581	NA	0.066	NA	90	15.945
15	1	15	13.426	12.282	0	2	33	1.131	0.669	NA	0.132	NA	90	0
16	1	16	13.382	12.326	0	2	66	1.193	0.674	NA	0.062	NA	135	45
17	1	17	13.382	12.326	0	2	66	1.193	0.674	NA	0	NA	0	-135
18	1	18	13.36	12.414	0	2	57.5	1.284	0.733	NA	0.091	NA	104.036	104.036
19	1	19	13.36	12.414	0	2	74	1.284	0.733	NA	0	NA	0	-104.036
20	1	20	13.316	12.458	0	2	24.5	1.346	0.748	NA	0.062	NA	135	135
21	1	21	13.316	12.458	0	2	65.5	1.346	0.748	NA	0	NA	0	-135
22	1	22	13.316	12.37	0	2	41	1.434	0.672	NA	0.088	NA	-90	-90
23	1	23	13.294	12.59	0	2	0	1.656	0.858	NA	0.221	NA	95.711	-174.289
24	1	24	13.294	12.876	0	2	33	1.942	1.128	NA	0.286	NA	90	-5.711
25	1	25	13.25	12.766	0	2	82	2.06	1.01	NA	0.119	NA	-111.801	158.199
26	1	26	13.25	12.766	0	2	16	2.06	1.01	NA	0	NA	0	111.801
27	1	27	13.25	12.678	0	2	33	2.148	0.926	NA	0.088	NA	-90	-90
28	1	28	13.25	12.722	0	2	33	2.192	0.968	NA	0.044	NA	90	180
29	1	29	13.25	12.854	0	2	33	2.324	1.095	NA	0.132	NA	90	0
30	1	30	12.634	12.7	0	2	33	2.96	0.961	NA	0.635	NA	-165.964	104.036
31	1	31	11.203	11.886	0	2	24.5	4.606	1.763	NA	1.646	NA	-150.35	15.614
32	1	32	9.993	11.357	0	2	16	5.927	3.004	NA	1.321	NA	-156.425	-6.075
33	2	1	10.917	12.766	0	2	49	0	0	NA	NA	NA	NA	NA
34	2	2	11.335	12.986	0	2	41	0.473	0.473	NA	0.473	NA	27.759	NA
35	2	3	11.357	13.162	0	2	99	0.65	0.592	NA	0.177	NA	82.875	55.116
36	2	4	11.357	13.052	0	2	74	0.76	0.525	NA	0.11	NA	-90	-172.875
37	2	5	11.445	13.03	0	2	49	0.851	0.591	NA	0.091	NA	-14.036	75.964
38	2	6	11.6	13.492	0	2	36.75	1.338	0.997	NA	0.487	NA	71.565	85.601
39	2	7	11.666	13.294	0	2	33	1.547	0.916	NA	0.209	NA	-71.565	-143.13
40	2	8	11.666	13.58	0	2	49.5	1.833	1.106	NA	0.286	NA	90	161.565
41	2	9	11.996	13.691	0	2	49.5	2.181	1.42	NA	0.348	NA	18.435	-71.565
42	2	10	11.886	13.492	0	2	41	2.408	1.211	NA	0.227	NA	-119.055	-137.49
43	2	11	11.908	13.47	0	2	16	2.439	1.215	NA	0.031	NA	-45	74.055
44	2	12	11.798	13.448	0	2	41	2.551	1.114	NA	0.112	NA	-168.69	-123.69
45	2	13	11.512	13.404	0	2	45.25	2.841	0.872	NA	0.29	NA	-171.254	-2.564
46	2	14	11.512	13.404	0	2	4	2.841	0.872	NA	0	NA	0	171.254
47	2	15	11.181	13.25	0	2	16	3.205	0.552	NA	0.364	NA	-154.983	-154.983
48	2	16	11.093	13.03	0	2	33	3.442	0.317	NA	0.237	NA	-111.801	43.182
49	2	17	11.203	12.832	0	2	32.75	3.669	0.294	NA	0.227	NA	-60.945	50.856
50	2	18	11.203	12.876	0	2	20.25	3.713	0.307	NA	0.044	NA	90	150.945
51	2	19	11.644	12.92	0	2	32.5	4.155	0.743	NA	0.442	NA	5.711	-84.289
52	2	20	11.445	12.898	0	2	33	4.354	0.545	NA	0.199	NA	-173.66	-179.37
53	2	21	11.445	12.942	0	2	16	4.398	0.557	NA	0.044	NA	90	-96.34
54	2	22	11.445	13.008	0	2	49	4.464	0.581	NA	0.066	NA	90	0
55	2	23	11.357	13.008	0	2	8	4.552	0.502	NA	0.088	NA	180	90
56	2	24	11.357	13.162	0	2	33	4.706	0.592	NA	0.154	NA	90	-90
57	2	25	11.357	13.294	0	2	49	4.838	0.688	NA	0.132	NA	90	0
58	2	26	11.313	13.294	0	2	33	4.883	0.66	NA	0.044	NA	180	90
59	2	27	11.335	13.272	0	2	20.25	4.914	0.657	NA	0.031	NA	-45	135
60	2	28	11.401	13.272	0	2	32.5	4.98	0.701	NA	0.066	NA	0	45
61	2	29	11.467	13.294	0	2	24.5	5.049	0.763	NA	0.07	NA	18.435	18.435
62	2	30	11.556	13.647	0	2	16.5	5.412	1.087	NA	0.363	NA	75.964	57.529
63	2	31	11.556	13.823	0	2	33	5.588	1.234	NA	0.176	NA	90	14.036
64	2	32	11.776	13.955	0	2	32.5	5.845	1.466	NA	0.257	NA	30.964	-59.036
65	2	33	11.798	14.109	0	2	49	6.001	1.606	NA	0.156	NA	81.87	50.906
66	2	34	11.952	14.483	0	2	24.5	6.405	2.004	NA	0.405	NA	67.62	-14.25
67	2	35	12.018	14.483	0	2	0	6.471	2.039	NA	0.066	NA	0	-67.62
68	2	36	12.128	14.483	0	2	33	6.581	2.101	NA	0.11	NA	0	0
69	2	37	12.128	14.263	0	2	24.5	6.802	1.925	NA	0.22	NA	-90	-90
70	2	38	12.172	14.109	0	2	12.25	6.962	1.838	NA	0.16	NA	-74.055	15.945
71	2	39	11.996	14.439	0	2	0	7.336	1.99	NA	0.374	NA	118.072	-167.873
72	2	40	11.886	14.065	0	2	16.5	7.726	1.62	NA	0.39	NA	-106.39	135.538
73	2	41	11.886	14.307	0	2	16	7.968	1.82	NA	0.242	NA	90	-163.61
74	2	42	12.15	14.791	0	2	16	8.52	2.371	NA	0.552	NA	61.39	-28.61
75	3	1	11.401	8.65	0	2	41	0	0	NA	NA	NA	NA	NA
76	3	2	11.401	8.65	0	2	16	0	0	NA	0	NA	0	NA
77	3	3	11.534	8.892	0	2	49	0.276	0.276	NA	0.276	NA	61.39	61.39
78	3	4	11.908	9.046	0	2	32.75	0.68	0.643	NA	0.405	NA	22.38	-39.009
79	3	5	11.886	9.222	0	2	16.5	0.858	0.75	NA	0.177	NA	97.125	74.745
80	3	6	12.15	9.553	0	2	0	1.281	1.172	NA	0.423	NA	51.34	-45.785
81	3	7	12.194	9.288	0	2	0	1.548	1.017	NA	0.268	NA	-80.538	-131.878
82	3	8	12.172	9.332	0	2	24.5	1.598	1.029	NA	0.049	NA	116.565	-162.897
83	3	9	12.15	9.266	0	2	16.5	1.667	0.969	NA	0.07	NA	-108.435	135
84	3	10	12.238	9.509	0	2	16	1.925	1.199	NA	0.258	NA	70.017	178.452
85	3	11	12.018	9.222	0	2	24.5	2.286	0.841	NA	0.361	NA	-127.569	162.415
86	4	1	7.285	8.562	0	2	40.75	0	0	NA	NA	NA	NA	NA
87	4	2	7.285	8.562	0	2	20.25	0	0	NA	0	NA	0	NA
88	4	3	7.33	8.65	0	2	24.5	0.098	0.098	NA	0.098	NA	63.435	63.435
89	4	4	7.33	8.562	0	2	32.5	0.186	0.044	NA	0.088	NA	-90	-153.435
90	4	5	7.352	8.54	0	2	16	0.218	0.07	NA	0.031	NA	-45	45
91	4	6	7.418	8.738	0	2	36.75	0.426	0.22	NA	0.209	NA	71.565	116.565
92	4	7	7.418	8.804	0	2	41	0.492	0.276	NA	0.066	NA	90	18.435
93	4	8	7.175	8.87	0	2	33	0.743	0.327	NA	0.251	NA	164.745	74.745
94	4	9	7.44	8.782	0	2	24.5	1.022	0.269	NA	0.278	NA	-18.435	176.82
95	4	10	7.307	8.98	0	2	0	1.26	0.419	NA	0.238	NA	123.69	142.125
96	4	11	7.263	8.848	0	2	16	1.399	0.287	NA	0.139	NA	-108.435	127.875
97	4	12	7.241	8.848	0	2	24.5	1.421	0.29	NA	0.022	NA	180	-71.565
98	4	13	7.263	8.958	0	2	24.5	1.533	0.397	NA	0.112	NA	78.69	-101.31
99	4	14	7.33	8.98	0	2	16	1.603	0.421	NA	0.07	NA	18.435	-60.255
100	4	15	7.616	9.465	0	2	0	2.165	0.961	NA	0.562	NA	59.421	40.986
101	4	16	7.484	8.958	0	2	24.5	2.689	0.443	NA	0.523	NA	-104.621	-164.042
102	4	17	7.748	9.068	0	2	33	2.975	0.686	NA	0.286	NA	22.62	127.241
103	4	18	7.726	9.156	0	2	8	3.065	0.74	NA	0.091	NA	104.036	81.416
104	4	19	7.462	9.068	0	2	8	3.344	0.536	NA	0.278	NA	-161.565	94.399
105	4	20	7.55	9.024	0	2	8	3.442	0.532	NA	0.098	NA	-26.565	135
106	4	21	7.704	9.046	0	2	8	3.598	0.64	NA	0.156	NA	8.13	34.695
107	4	22	7.594	9.178	0	2	16.25	3.77	0.689	NA	0.172	NA	129.806	121.675
108	4	23	7.682	9.156	0	2	16	3.861	0.714	NA	0.091	NA	-14.036	-143.842
109	4	24	7.858	9.178	0	2	8	4.038	0.841	NA	0.177	NA	7.125	21.161
110	4	25	7.638	9.068	0	2	24.5	4.284	0.617	NA	0.246	NA	-153.435	-160.56
111	4	26	7.836	9.134	0	2	16.5	4.493	0.794	NA	0.209	NA	18.435	171.87
112	5	1	7.219	4.512	0	2	24.5	0	0	NA	NA	NA	NA	NA
113	5	2	7.153	4.666	0	2	0	0.168	0.168	NA	0.168	NA	113.199	NA
114	5	3	7.153	4.776	0	2	20.5	0.278	0.272	NA	0.11	NA	90	-23.199
115	5	4	7.153	4.798	0	2	24.5	0.3	0.294	NA	0.022	NA	90	0
116	5	5	7.307	5.106	0	2	0	0.644	0.601	NA	0.345	NA	63.435	-26.565
117	5	6	7.307	5.106	0	2	16	0.644	0.601	NA	0	NA	0	-63.435
118	5	7	7.307	5.106	0	2	33	0.644	0.601	NA	0	NA	0	0
119	5	8	7.307	5.371	0	2	66	0.908	0.863	NA	0.264	NA	90	90
120	5	9	7.396	5.943	0	2	33	1.487	1.441	NA	0.579	NA	81.254	-8.746
121	5	10	7.263	5.745	0	2	132	1.725	1.233	NA	0.238	NA	-123.69	155.056
122	5	11	7.219	6.339	0	2	99	2.321	1.827	NA	0.596	NA	94.236	-142.074
123	5	12	7.219	6.889	0	2	107.5	2.872	2.377	NA	0.55	NA	90	-4.236
124	5	13	7.219	6.977	0	2	74	2.96	2.465	NA	0.088	NA	90	0
125	5	14	7.219	6.977	0	2	99	2.96	2.465	NA	0	NA	0	-90
126	5	15	7.153	7.087	0	2	99	3.088	2.576	NA	0.128	NA	120.964	120.964
127	5	16	7.131	7.197	0	2	33	3.2	2.687	NA	0.112	NA	101.31	-19.654
128	5	17	7.131	7.197	0	2	49.5	3.2	2.687	NA	0	NA	0	-101.31
129	5	18	6.911	6.933	0	2	8	3.544	2.441	NA	0.344	NA	-129.806	-129.806
130	5	19	7.109	7.021	0	2	69.75	3.761	2.512	NA	0.217	NA	23.962	153.768
131	5	20	7.175	7.241	0	2	66	3.991	2.73	NA	0.23	NA	73.301	49.338
132	5	21	7.109	7.219	0	2	41	4.06	2.71	NA	0.07	NA	-161.565	125.134
133	5	22	7.197	6.999	0	2	66	4.297	2.487	NA	0.237	NA	-68.199	93.366
134	5	23	7.396	7.109	0	2	49	4.524	2.603	NA	0.227	NA	29.055	97.253
135	5	24	7.307	7.175	0	2	82	4.634	2.665	NA	0.11	NA	143.13	114.075
136	5	25	7.263	7.219	0	2	165	4.696	2.708	NA	0.062	NA	135	-8.13
137	5	26	7.263	7.219	0	2	66	4.696	2.708	NA	0	NA	0	-135
138	5	27	7.241	7.219	0	2	49.5	4.718	2.707	NA	0.022	NA	180	180
139	5	28	7.506	7.109	0	2	40.75	5.004	2.613	NA	0.286	NA	-22.62	157.38
140	5	29	7.506	7.109	0	2	41	5.004	2.613	NA	0	NA	0	22.62
141	5	30	7.484	7.109	0	2	65.5	5.026	2.611	NA	0.022	NA	180	180
142	5	31	7.462	6.955	0	2	41	5.182	2.455	NA	0.156	NA	-98.13	81.87
143	5	32	7.462	6.955	0	2	49	5.182	2.455	NA	0	NA	0	98.13
144	5	33	7.506	6.955	0	2	24.5	5.226	2.46	NA	0.044	NA	0	0
145	5	34	7.616	6.845	0	2	49.5	5.382	2.367	NA	0.156	NA	-45	-45
146	5	35	7.616	6.845	0	2	90.5	5.382	2.367	NA	0	NA	0	45
147	5	36	7.726	7.109	0	2	37	5.668	2.646	NA	0.286	NA	67.38	67.38
148	5	37	7.748	7.087	0	2	16	5.699	2.629	NA	0.031	NA	-45	-112.38
149	5	38	7.682	6.955	0	2	16	5.847	2.487	NA	0.148	NA	-116.565	-71.565
150	5	39	7.682	6.955	0	2	0	5.847	2.487	NA	0	NA	0	116.565
151	5	40	7.528	6.735	0	2	33	6.115	2.244	NA	0.269	NA	-124.992	-124.992
152	5	41	7.55	6.735	0	2	65.5	6.137	2.247	NA	0.022	NA	0	124.992
153	5	42	7.55	6.779	0	2	57.5	6.181	2.291	NA	0.044	NA	90	90
154	5	43	7.55	6.779	0	2	57.5	6.181	2.291	NA	0	NA	0	-90
155	5	44	7.55	6.779	0	2	24.5	6.181	2.291	NA	0	NA	0	0
156	5	45	7.616	6.691	0	2	16	6.291	2.215	NA	0.11	NA	-53.13	-53.13
157	5	46	7.616	6.691	0	2	33	6.291	2.215	NA	0	NA	0	53.13
158	5	47	7.616	6.691	0	2	16	6.291	2.215	NA	0	NA	0	0
159	5	48	7.616	6.691	0	2	33	6.291	2.215	NA	0	NA	0	0
160	5	49	7.616	6.691	0	2	33	6.291	2.215	NA	0	NA	0	0
161	5	50	7.616	6.691	0	2	16	6.291	2.215	NA	0	NA	0	0
162	5	51	7.66	6.845	0	2	24.5	6.452	2.374	NA	0.16	NA	74.055	74.055
163	5	52	7.66	6.889	0	2	24.5	6.496	2.418	NA	0.044	NA	90	15.945
164	5	53	7.77	6.647	0	2	24.5	6.762	2.205	NA	0.266	NA	-65.556	-155.556
165	5	54	7.66	5.921	0	2	16.5	7.496	1.476	NA	0.735	NA	-98.616	-33.06
166	5	55	7.682	5.679	0	2	24.5	7.739	1.255	NA	0.243	NA	-84.806	13.81
167	5	56	7.55	5.811	0	2	16.5	7.926	1.34	NA	0.187	NA	135	-140.194
168	5	57	7.462	5.679	0	2	49.5	8.085	1.191	NA	0.159	NA	-123.69	101.31
169	5	58	7.462	5.679	0	2	66	8.085	1.191	NA	0	NA	0	123.69
170	6	1	8.21	8.122	0	2	8	0	0	NA	NA	NA	NA	NA
171	6	2	8.21	8.122	0	2	49.25	0	0	NA	0	NA	0	NA
172	6	3	8.232	8.122	0	2	82	0.022	0.022	NA	0.022	NA	0	0
173	6	4	8.298	8.254	0	2	49.25	0.17	0.159	NA	0.148	NA	63.435	63.435
174	6	5	8.342	8.408	0	2	57.5	0.33	0.315	NA	0.16	NA	74.055	10.62
175	6	6	8.342	8.408	0	2	24.5	0.33	0.315	NA	0	NA	0	-74.055
176	6	7	8.342	8.452	0	2	49.5	0.374	0.356	NA	0.044	NA	90	90
177	6	8	8.342	8.452	0	2	24.5	0.374	0.356	NA	0	NA	0	-90
178	6	9	8.342	8.452	0	2	16	0.374	0.356	NA	0	NA	0	0
179	6	10	8.32	8.43	0	2	8	0.405	0.327	NA	0.031	NA	-135	-135
180	6	11	8.276	8.408	0	2	16	0.454	0.294	NA	0.049	NA	-153.435	-18.435
181	6	12	9.002	8.936	0	2	0	1.352	1.136	NA	0.898	NA	36.027	-170.538
182	6	13	8.474	8.716	0	2	24.5	1.925	0.65	NA	0.572	NA	-157.38	166.592
183	7	1	10.191	8.65	0	2	69.75	0	0	NA	NA	NA	NA	NA
184	7	2	10.191	8.65	0	2	78.25	0	0	NA	0	NA	0	NA
185	7	3	10.213	8.584	0	2	33	0.07	0.07	NA	0.07	NA	-71.565	-71.565
186	7	4	10.213	8.584	0	2	66	0.07	0.07	NA	0	NA	0	71.565
187	7	5	10.169	8.694	0	2	66	0.188	0.049	NA	0.119	NA	111.801	111.801
188	7	6	10.169	8.694	0	2	57.5	0.188	0.049	NA	0	NA	0	-111.801
189	7	7	10.125	8.738	0	2	24.5	0.25	0.11	NA	0.062	NA	135	135
190	7	8	10.103	8.694	0	2	61.75	0.3	0.098	NA	0.049	NA	-116.565	108.435
191	7	9	10.103	8.672	0	2	41	0.322	0.091	NA	0.022	NA	-90	26.565
192	7	10	10.103	8.628	0	2	57.5	0.366	0.091	NA	0.044	NA	-90	0
193	7	11	10.147	8.562	0	2	49.25	0.445	0.098	NA	0.079	NA	-56.31	33.69
194	7	12	10.147	8.562	0	2	32.75	0.445	0.098	NA	0	NA	0	56.31
195	7	13	10.147	8.76	0	2	24.5	0.643	0.119	NA	0.198	NA	90	90
196	7	14	10.147	8.76	0	2	32.5	0.643	0.119	NA	0	NA	0	-90
197	7	15	10.125	8.98	0	2	16	0.864	0.337	NA	0.221	NA	95.711	95.711
198	7	16	10.125	8.782	0	2	33	1.062	0.148	NA	0.198	NA	-90	174.289
199	7	17	10.125	8.782	0	2	24.5	1.062	0.148	NA	0	NA	0	90
200	7	18	10.191	8.958	0	2	28.75	1.25	0.308	NA	0.188	NA	69.444	69.444
201	7	19	10.191	8.914	0	2	32.75	1.294	0.264	NA	0.044	NA	-90	-159.444
202	7	20	10.191	8.76	0	2	57.5	1.449	0.11	NA	0.154	NA	-90	0
203	7	21	10.125	8.826	0	2	16	1.542	0.188	NA	0.093	NA	135	-135
204	7	22	10.191	8.87	0	2	32.5	1.621	0.22	NA	0.079	NA	33.69	-101.31
205	7	23	10.191	8.848	0	2	16	1.643	0.198	NA	0.022	NA	-90	-123.69
206	7	24	10.191	8.848	0	2	16.5	1.643	0.198	NA	0	NA	0	90
207	7	25	10.191	8.826	0	2	37	1.665	0.176	NA	0.022	NA	-90	-90
208	7	26	10.191	8.826	0	2	28.75	1.665	0.176	NA	0	NA	0	90
209	7	27	10.191	8.826	0	2	28.5	1.665	0.176	NA	0	NA	0	0
210	7	28	10.191	8.826	0	2	24.5	1.665	0.176	NA	0	NA	0	0
211	7	29	10.191	8.826	0	2	53.25	1.665	0.176	NA	0	NA	0	0
212	7	30	10.213	9.024	0	2	66	1.865	0.375	NA	0.199	NA	83.66	83.66
213	7	31	10.213	9.024	0	2	49	1.865	0.375	NA	0	NA	0	-83.66
214	7	32	10.213	8.914	0	2	32.5	1.975	0.265	NA	0.11	NA	-90	-90
215	7	33	10.213	8.892	0	2	0	1.997	0.243	NA	0.022	NA	-90	0
216	7	34	10.147	8.87	0	2	8	2.066	0.224	NA	0.07	NA	-161.565	-71.565
217	7	35	10.147	8.87	0	2	12.25	2.066	0.224	NA	0	NA	0	161.565
218	7	36	11.534	11.005	0	2	49	4.612	2.711	NA	2.546	NA	56.997	56.997
219	7	37	11.688	11.512	0	2	8	5.141	3.229	NA	0.529	NA	73.072	16.076
220	7	38	12.084	11.996	0	2	32.75	5.767	3.844	NA	0.626	NA	50.711	-22.362
221	7	39	12.238	11.93	0	2	16	5.935	3.866	NA	0.168	NA	-23.199	-73.909
222	7	40	12.216	11.688	0	2	4	6.178	3.651	NA	0.243	NA	-95.194	-71.996
223	8	1	8.298	4.886	0	2	32.5	0	0	NA	NA	NA	NA	NA
224	8	2	8.298	4.886	0	2	16	0	0	NA	0	NA	0	NA
225	8	3	8.298	4.886	0	2	24.5	0	0	NA	0	NA	0	0
226	8	4	8.298	4.886	0	2	24.5	0	0	NA	0	NA	0	0
227	8	5	8.342	4.886	0	2	49	0.044	0.044	NA	0.044	NA	0	0
228	8	6	8.43	4.864	0	2	32.5	0.135	0.134	NA	0.091	NA	-14.036	-14.036
229	8	7	8.452	4.908	0	2	16.5	0.184	0.156	NA	0.049	NA	63.435	77.471
230	8	8	8.452	4.93	0	2	33	0.206	0.16	NA	0.022	NA	90	26.565
231	8	9	8.474	5.062	0	2	24.5	0.34	0.249	NA	0.134	NA	80.538	-9.462
232	8	10	8.386	5.062	0	2	8	0.428	0.197	NA	0.088	NA	180	99.462
233	8	11	8.342	5.018	0	2	8	0.49	0.139	NA	0.062	NA	-135	45
234	8	12	8.518	5.084	0	2	24.5	0.678	0.296	NA	0.188	NA	20.556	155.556
235	8	13	8.87	5.216	0	2	8	1.054	0.661	NA	0.376	NA	20.556	0
236	8	14	8.562	5.216	0	2	24.5	1.363	0.423	NA	0.308	NA	180	159.444
237	8	15	8.848	5.128	0	2	16.5	1.662	0.601	NA	0.299	NA	-17.103	162.897
238	8	16	8.804	5.459	0	2	66	1.995	0.764	NA	0.333	NA	97.595	114.697
239	8	17	8.716	5.239	0	2	0	2.232	0.547	NA	0.237	NA	-111.801	150.604
240	8	18	8.914	5.349	0	2	16.25	2.459	0.77	NA	0.227	NA	29.055	140.856
241	9	1	12.876	10.345	0	2	0	0	0	NA	NA	NA	NA	NA
242	9	2	12.26	9.839	0	2	16.5	0.798	0.798	NA	0.798	NA	-140.599	NA
243	9	3	11.798	9.178	0	2	8	1.604	1.589	NA	0.806	NA	-124.992	15.607
244	9	4	11.005	8.408	0	2	33	2.709	2.693	NA	1.105	NA	-135.807	-10.815
245	9	5	10.983	8.408	0	2	33	2.731	2.708	NA	0.022	NA	180	-44.193
246	9	6	10.895	8.254	0	2	41	2.908	2.88	NA	0.177	NA	-119.745	60.255
247	9	7	10.873	8.232	0	2	49	2.939	2.911	NA	0.031	NA	-135	-15.255
248	9	8	10.785	8.232	0	2	66	3.027	2.973	NA	0.088	NA	180	-45
249	9	9	10.785	8.232	0	2	66	3.027	2.973	NA	0	NA	0	-180
250	9	10	10.785	8.32	0	2	33	3.115	2.911	NA	0.088	NA	90	90
251	9	11	10.785	8.342	0	2	32.5	3.137	2.896	NA	0.022	NA	90	0
252	9	12	10.565	8.298	0	2	65.5	3.362	3.087	NA	0.224	NA	-168.69	101.31
253	9	13	10.499	8.232	0	2	49.5	3.455	3.181	NA	0.093	NA	-135	33.69
254	9	14	10.389	8.21	0	2	90.5	3.567	3.278	NA	0.112	NA	-168.69	-33.69
255	9	15	10.389	8.232	0	2	82	3.589	3.264	NA	0.022	NA	90	-101.31
256	9	16	10.389	8.232	0	2	49	3.589	3.264	NA	0	NA	0	-90
257	9	17	10.389	8.232	0	2	16	3.589	3.264	NA	0	NA	0	0
258	9	18	10.389	8.232	0	2	49	3.589	3.264	NA	0	NA	0	0
259	9	19	10.587	8.342	0	2	37	3.816	3.042	NA	0.227	NA	29.055	29.055
260	9	20	10.653	8.364	0	2	16	3.886	2.978	NA	0.07	NA	18.435	-10.62
261	9	21	10.653	8.364	0	2	16	3.886	2.978	NA	0	NA	0	-18.435
262	9	22	10.653	8.364	0	2	82	3.886	2.978	NA	0	NA	0	0
263	9	23	10.653	8.364	0	2	82	3.886	2.978	NA	0	NA	0	0
264	9	24	10.653	8.364	0	2	33	3.886	2.978	NA	0	NA	0	0
265	9	25	10.653	8.452	0	2	0	3.974	2.92	NA	0.088	NA	90	90
266	9	26	10.565	8.518	0	2	49.5	4.084	2.946	NA	0.11	NA	143.13	53.13
267	9	27	10.565	8.518	0	2	8	4.084	2.946	NA	0	NA	0	-143.13
268	9	28	10.521	8.496	0	2	49	4.133	2.994	NA	0.049	NA	-153.435	-153.435
269	9	29	10.521	8.408	0	2	33	4.221	3.049	NA	0.088	NA	-90	63.435
270	9	30	10.609	8.738	0	2	0	4.563	2.779	NA	0.342	NA	75.069	165.069
271	9	31	10.631	8.606	0	2	8	4.697	2.84	NA	0.134	NA	-80.538	-155.606
272	9	32	10.587	8.738	0	2	45	4.836	2.797	NA	0.139	NA	108.435	-171.027
273	9	33	10.499	8.54	0	2	24.5	5.053	2.985	NA	0.217	NA	-113.962	137.603
274	9	34	10.455	8.628	0	2	8	5.151	2.968	NA	0.098	NA	116.565	-129.472
275	9	35	10.873	9.002	0	2	16	5.712	2.411	NA	0.561	NA	41.82	-74.745
276	9	36	10.587	9.024	0	2	16.5	5.999	2.643	NA	0.287	NA	175.601	133.781
277	9	37	10.961	8.958	0	2	16.5	6.379	2.364	NA	0.38	NA	-10.008	174.391
278	9	38	10.807	9.046	0	2	12.25	6.557	2.443	NA	0.177	NA	150.255	160.263
279	9	39	10.895	8.958	0	2	16.25	6.681	2.418	NA	0.125	NA	-45	164.745
280	9	40	10.895	8.958	0	2	4	6.681	2.418	NA	0	NA	0	45
281	9	41	10.829	8.914	0	2	8	6.76	2.497	NA	0.079	NA	-146.31	-146.31
282	9	42	10.961	9.046	0	2	16	6.947	2.314	NA	0.187	NA	45	-168.69
283	9	43	10.785	8.738	0	2	8	7.302	2.637	NA	0.355	NA	-119.745	-164.745
284	9	44	10.653	8.562	0	2	16.5	7.522	2.85	NA	0.22	NA	-126.87	-7.125
285	9	45	10.961	8.98	0	2	16	8.042	2.351	NA	0.519	NA	53.616	-179.514
286	9	46	10.829	9.068	0	2	0	8.2	2.412	NA	0.159	NA	146.31	92.694
287	9	47	10.807	8.826	0	2	4	8.444	2.567	NA	0.243	NA	-95.194	118.496
288	9	48	10.675	8.936	0	2	8	8.615	2.613	NA	0.172	NA	140.194	-124.611
289	9	49	10.257	8.562	0	2	16	9.177	3.168	NA	0.561	NA	-138.18	81.626
290	9	50	11.071	8.98	0	2	8	10.092	2.263	NA	0.915	NA	27.181	165.361
291	9	51	10.785	8.804	0	2	33	10.428	2.597	NA	0.336	NA	-148.392	-175.574
292	9	52	10.785	8.606	0	2	16.5	10.626	2.72	NA	0.198	NA	-90	58.392
293	9	53	10.499	8.562	0	2	16.25	10.916	2.971	NA	0.29	NA	-171.254	-81.254
294	9	54	10.631	8.672	0	2	16	11.088	2.8	NA	0.172	NA	39.806	-148.941
295	9	56	10.631	8.672	0	2	16.5	11.088	2.8	NA	0	NA	0	-39.806
296	10	1	11.688	8.584	0	2	0	0	0	NA	NA	NA	NA	NA
297	10	2	10.961	7.924	0	2	16	0.982	0.982	NA	0.982	NA	-137.726	NA
298	10	3	9.971	6.823	0	2	49.5	2.462	2.459	NA	1.481	NA	-131.987	5.739
299	10	4	9.751	6.713	0	2	28.75	2.708	2.693	NA	0.246	NA	-153.435	-21.448
300	10	5	9.178	6.097	0	2	61.75	3.549	3.533	NA	0.841	NA	-132.879	20.556
301	10	6	8.826	5.349	0	2	37	4.376	4.319	NA	0.827	NA	-115.201	17.678
302	10	7	8.826	5.305	0	2	16.25	4.42	4.352	NA	0.044	NA	-90	25.201
303	11	1	10.719	12.48	0	2	49	0	0	NA	NA	NA	NA	NA
304	11	2	10.367	11.556	0	2	53.25	0.989	0.989	NA	0.989	NA	-110.854	NA
305	11	3	9.795	10.697	0	2	24.5	2.021	2.008	NA	1.032	NA	-123.69	-12.836
306	11	4	9.751	10.235	0	2	20.25	2.485	2.445	NA	0.464	NA	-95.44	28.25
307	11	5	9.597	9.861	0	2	82	2.89	2.85	NA	0.405	NA	-112.38	-16.94
308	11	6	9.553	9.773	0	2	66	2.988	2.948	NA	0.098	NA	-116.565	-4.185
309	11	7	9.575	9.773	0	2	98.5	3.01	2.939	NA	0.022	NA	0	116.565
310	11	8	9.376	9.707	0	2	16	3.219	3.081	NA	0.209	NA	-161.565	-161.565
311	11	9	9.156	9.663	0	2	82	3.444	3.222	NA	0.224	NA	-168.69	-7.125
312	11	10	9.156	9.663	0	2	16.5	3.444	3.222	NA	0	NA	0	168.69
313	11	11	9.156	9.663	0	2	41	3.444	3.222	NA	0	NA	0	0
314	11	12	9.156	9.685	0	2	49	3.466	3.203	NA	0.022	NA	90	90
315	11	13	9.09	9.465	0	2	16	3.695	3.427	NA	0.23	NA	-106.699	163.301
316	11	14	9.09	9.465	0	2	16.5	3.695	3.427	NA	0	NA	0	106.699
317	11	15	9.09	9.465	0	2	49	3.695	3.427	NA	0	NA	0	0
318	11	16	9.046	9.531	0	2	49.25	3.775	3.391	NA	0.079	NA	123.69	123.69
319	11	17	9.046	9.531	0	2	53.25	3.775	3.391	NA	0	NA	0	-123.69
320	11	18	9.002	9.773	0	2	16	4.021	3.206	NA	0.246	NA	100.305	100.305
321	11	19	9.222	9.751	0	2	24.5	4.242	3.113	NA	0.221	NA	-5.711	-106.015
322	11	20	9.222	9.751	0	2	20.25	4.242	3.113	NA	0	NA	0	5.711
323	11	21	9.156	9.685	0	2	16	4.335	3.203	NA	0.093	NA	-135	-135
324	11	22	9.112	9.685	0	2	82	4.379	3.224	NA	0.044	NA	180	-45
325	11	23	9.068	9.707	0	2	41	4.429	3.227	NA	0.049	NA	153.435	-26.565
326	11	24	9.068	9.641	0	2	99	4.495	3.284	NA	0.066	NA	-90	116.565
327	11	25	9.068	9.641	0	2	33	4.495	3.284	NA	0	NA	0	90
328	11	26	9.09	9.773	0	2	32.5	4.629	3.159	NA	0.134	NA	80.538	80.538
329	11	27	9.156	9.993	0	2	0	4.858	2.937	NA	0.23	NA	73.301	-7.237
330	11	28	9.222	10.345	0	2	16	5.217	2.607	NA	0.358	NA	79.38	6.08
331	11	29	9.288	10.169	0	2	33	5.405	2.718	NA	0.188	NA	-69.444	-148.824
332	11	30	9.31	10.213	0	2	24.5	5.454	2.669	NA	0.049	NA	63.435	132.879
333	11	31	9.421	10.345	0	2	66	5.626	2.499	NA	0.172	NA	50.194	-13.241
334	11	32	9.465	10.521	0	2	0	5.807	2.326	NA	0.182	NA	75.964	25.769
335	11	33	9.619	10.499	0	2	41	5.963	2.266	NA	0.156	NA	-8.13	-84.094
336	11	34	9.663	10.587	0	2	49.25	6.061	2.168	NA	0.098	NA	63.435	71.565
337	11	35	9.883	10.917	0	2	24.5	6.458	1.772	NA	0.397	NA	56.31	-7.125
338	11	36	10.103	11.335	0	2	28.5	6.931	1.3	NA	0.473	NA	62.241	5.932
339	11	37	10.103	11.313	0	2	16	6.953	1.319	NA	0.022	NA	-90	-152.241
340	11	38	9.971	11.225	0	2	49	7.112	1.461	NA	0.159	NA	-146.31	-56.31
341	11	39	9.927	11.247	0	2	33	7.161	1.465	NA	0.049	NA	153.435	-60.255
342	11	40	9.883	10.763	0	2	16.25	7.647	1.91	NA	0.486	NA	-95.194	111.371
343	12	1	12.832	16.574	0	2	32.75	0	0	NA	NA	NA	NA	NA
344	12	2	12.832	16.552	0	2	41	0.022	0.022	NA	0.022	NA	-90	NA
345	12	3	12.81	16.552	0	2	16	0.044	0.031	NA	0.022	NA	180	-90
346	12	4	12.942	16.398	0	2	32.5	0.247	0.208	NA	0.203	NA	-49.399	130.601
347	12	5	12.7	16.53	0	2	12.25	0.523	0.139	NA	0.276	NA	151.39	-159.212
348	12	6	12.788	16.266	0	2	32.75	0.801	0.311	NA	0.278	NA	-71.565	137.045
349	12	7	12.788	16.618	0	2	16.5	1.153	0.062	NA	0.352	NA	90	161.565
350	12	8	12.854	16.486	0	2	8	1.301	0.091	NA	0.148	NA	-63.435	-153.435
351	12	9	12.788	16.266	0	2	28.75	1.531	0.311	NA	0.23	NA	-106.699	-43.264
352	12	10	12.7	16.288	0	2	16	1.622	0.315	NA	0.091	NA	165.964	-87.337
353	12	11	12.678	16.244	0	2	49	1.671	0.364	NA	0.049	NA	-116.565	77.471
354	12	12	12.722	16.552	0	2	16	1.982	0.112	NA	0.311	NA	81.87	-161.565
355	12	13	12.678	16.442	0	2	8	2.101	0.203	NA	0.119	NA	-111.801	166.329
356	12	14	12.678	16.442	0	2	16	2.101	0.203	NA	0	NA	0	111.801
357	12	15	12.656	16.398	0	2	20.25	2.15	0.249	NA	0.049	NA	-116.565	-116.565
358	12	16	12.766	16.288	0	2	16	2.305	0.294	NA	0.156	NA	-45	71.565
359	12	17	12.766	16.288	0	2	33	2.305	0.294	NA	0	NA	0	45
360	12	18	12.722	16.464	0	2	33	2.487	0.156	NA	0.182	NA	104.036	104.036
361	12	19	12.722	16.31	0	2	8	2.641	0.286	NA	0.154	NA	-90	165.964
362	12	20	12.832	16.398	0	2	24.5	2.782	0.176	NA	0.141	NA	38.66	128.66
363	12	21	12.766	16.332	0	2	16	2.875	0.251	NA	0.093	NA	-135	-173.66
364	12	22	12.414	16.134	0	2	16.5	3.279	0.607	NA	0.404	NA	-150.642	-15.642
365	12	23	12.59	16.002	0	2	33	3.499	0.621	NA	0.22	NA	-36.87	113.772
366	12	24	12.634	16.266	0	2	24.5	3.767	0.366	NA	0.268	NA	80.538	117.408
367	12	25	12.634	15.958	0	2	0	4.075	0.647	NA	0.308	NA	-90	-170.538
368	12	26	12.634	16.112	0	2	16	4.229	0.503	NA	0.154	NA	90	180
369	12	27	12.634	16.134	0	2	8	4.251	0.483	NA	0.022	NA	90	0
370	12	28	12.656	16.134	0	2	8	4.273	0.474	NA	0.022	NA	0	-90
371	12	29	12.854	16.134	0	2	8	4.472	0.441	NA	0.198	NA	0	0
372	12	30	12.854	16.134	0	2	0	4.472	0.441	NA	0	NA	0	0
373	12	31	12.854	16.112	0	2	0	4.494	0.463	NA	0.022	NA	-90	-90
374	12	32	12.942	16.09	0	2	0	4.584	0.497	NA	0.091	NA	-14.036	75.964
375	13	1	9.619	8.958	0	2	20.25	0	0	NA	NA	NA	NA	NA
376	13	2	10.345	9.949	0	2	16	1.228	1.228	NA	1.228	NA	53.746	NA
377	13	3	10.631	10.389	0	2	57.5	1.753	1.753	NA	0.525	NA	56.976	3.23
378	13	4	11.181	10.763	0	2	0	2.419	2.387	NA	0.665	NA	34.216	-22.76
379	13	5	11.622	11.335	0	2	32.5	3.141	3.108	NA	0.722	NA	52.431	18.216
380	13	6	12.678	12.304	0	2	24.5	4.574	4.534	NA	1.433	NA	42.51	-9.921
381	13	7	13.36	13.096	0	2	8	5.62	5.579	NA	1.046	NA	49.268	6.757
382	13	8	13.448	13.008	0	2	12.25	5.744	5.574	NA	0.125	NA	-45	-94.268
383	14	1	10.587	12.678	0	2	16	0	0	NA	NA	NA	NA	NA
384	14	2	10.499	12.678	0	2	24.5	0.088	0.088	NA	0.088	NA	180	NA
385	14	3	10.477	12.788	0	2	16.5	0.2	0.156	NA	0.112	NA	101.31	-78.69
386	14	4	10.565	12.92	0	2	32.5	0.359	0.243	NA	0.159	NA	56.31	-45
387	14	5	10.565	12.92	0	2	16	0.359	0.243	NA	0	NA	0	-56.31
388	14	6	10.609	12.898	0	2	0	0.408	0.221	NA	0.049	NA	-26.565	-26.565
389	14	7	10.609	12.744	0	2	33	0.562	0.07	NA	0.154	NA	-90	-63.435
390	14	8	10.499	12.524	0	2	16.25	0.808	0.177	NA	0.246	NA	-116.565	-26.565
391	14	9	10.499	12.524	0	2	32.75	0.808	0.177	NA	0	NA	0	116.565
392	14	10	10.851	13.074	0	2	24.5	1.462	0.476	NA	0.653	NA	57.381	57.381
393	14	11	10.829	12.7	0	2	115.5	1.837	0.243	NA	0.375	NA	-93.366	-150.747
394	14	12	10.939	13.272	0	2	40.75	2.419	0.691	NA	0.583	NA	79.114	172.481
395	14	13	10.939	13.096	0	2	32.75	2.595	0.547	NA	0.176	NA	-90	-169.114
396	14	14	10.961	13.426	0	2	16	2.926	0.837	NA	0.331	NA	86.186	176.186
397	15	1	9.619	9.839	0	2	8	0	0	NA	NA	NA	NA	NA
398	15	2	9.927	10.499	0	2	8	0.729	0.729	NA	0.729	NA	64.983	NA
399	15	3	9.905	10.763	0	2	8	0.994	0.968	NA	0.265	NA	94.764	29.781
400	15	4	9.971	10.653	0	2	16.5	1.122	0.887	NA	0.128	NA	-59.036	-153.8
401	15	5	9.839	10.807	0	2	36.75	1.325	0.993	NA	0.203	NA	130.601	-170.362
402	15	6	9.839	10.807	0	2	12.25	1.325	0.993	NA	0	NA	0	-130.601
403	15	7	9.795	10.741	0	2	16.5	1.404	0.919	NA	0.079	NA	-123.69	-123.69
404	15	8	10.015	11.225	0	2	0	1.936	1.442	NA	0.532	NA	65.556	-170.754
405	15	9	9.883	11.181	0	2	16	2.075	1.368	NA	0.139	NA	-161.565	132.879
406	15	10	10.169	11.423	0	2	8	2.45	1.678	NA	0.375	NA	40.236	-158.199
407	15	11	9.971	11.335	0	2	12	2.667	1.538	NA	0.217	NA	-156.038	163.726
408	15	12	9.707	10.939	0	2	4	3.143	1.104	NA	0.476	NA	-123.69	32.347
409	16	1	9.993	10.037	0	2	0	0	0	NA	NA	NA	NA	NA
410	16	2	10.191	10.565	0	2	16.5	0.564	0.564	NA	0.564	NA	69.444	NA
411	16	3	10.631	10.961	0	2	16	1.156	1.123	NA	0.592	NA	41.987	-27.457
412	16	4	11.159	11.335	0	2	12	1.804	1.746	NA	0.647	NA	35.311	-6.676
413	16	5	11.644	11.776	0	2	57.5	2.458	2.398	NA	0.654	NA	42.274	6.962
414	16	6	11.666	11.864	0	2	24.5	2.549	2.477	NA	0.091	NA	75.964	33.69
415	16	7	11.6	11.754	0	2	32.5	2.677	2.351	NA	0.128	NA	-120.964	163.072
416	16	8	11.952	12.238	0	2	0	3.276	2.947	NA	0.599	NA	53.973	174.936
417	16	9	12.15	12.414	0	2	16	3.541	3.21	NA	0.265	NA	41.634	-12.339
418	16	10	12.216	12.524	0	2	61.5	3.669	3.336	NA	0.128	NA	59.036	17.403
419	16	11	12.348	12.524	0	2	57.5	3.801	3.425	NA	0.132	NA	0	-59.036
420	16	12	12.392	12.678	0	2	24.5	3.962	3.568	NA	0.16	NA	74.055	74.055
421	16	13	12.392	12.722	0	2	33	4.006	3.601	NA	0.044	NA	90	15.945
422	16	14	12.414	12.568	0	2	24.5	4.161	3.503	NA	0.156	NA	-81.87	-171.87
423	16	15	12.414	12.568	0	2	49.5	4.161	3.503	NA	0	NA	0	81.87
424	16	16	12.392	12.392	0	2	32.75	4.339	3.362	NA	0.177	NA	-97.125	-97.125
425	16	17	11.688	11.996	0	2	28.75	5.147	2.59	NA	0.808	NA	-150.642	-53.517
426	16	18	11.974	11.93	0	2	49	5.441	2.74	NA	0.294	NA	-12.995	137.648
427	16	19	11.996	12.238	0	2	24.5	5.75	2.976	NA	0.309	NA	85.914	98.909
428	16	20	12.084	12.172	0	2	20.25	5.86	2.988	NA	0.11	NA	-36.87	-122.784
429	16	21	12.084	12.194	0	2	0	5.882	3.004	NA	0.022	NA	90	126.87
430	16	22	12.15	12.326	0	2	33	6.029	3.145	NA	0.148	NA	63.435	-26.565
431	16	23	11.93	12.414	0	2	0	6.266	3.066	NA	0.237	NA	158.199	94.764
432	16	24	12.304	12.194	0	2	49	6.7	3.161	NA	0.434	NA	-30.466	171.336
433	16	25	12.194	12.194	0	2	16	6.81	3.082	NA	0.11	NA	180	-149.534
434	16	26	12.106	12.238	0	2	33	6.909	3.051	NA	0.098	NA	153.435	-26.565
435	16	27	12.106	12.26	0	2	41	6.931	3.067	NA	0.022	NA	90	-63.435
436	16	28	12.26	12.15	0	2	24.5	7.12	3.099	NA	0.189	NA	-35.538	-125.538
437	16	29	12.326	12.238	0	2	0	7.23	3.208	NA	0.11	NA	53.13	88.668
438	16	30	12.392	12.546	0	2	57.5	7.545	3.472	NA	0.315	NA	77.905	24.775
439	16	31	12.546	12.524	0	2	33	7.701	3.564	NA	0.156	NA	-8.13	-86.035
440	16	32	12.502	13.008	0	2	24.5	8.187	3.889	NA	0.486	NA	95.194	103.325
441	16	33	12.546	12.656	0	2	41	8.542	3.658	NA	0.355	NA	-82.875	-178.069
442	16	34	12.546	12.678	0	2	16	8.564	3.674	NA	0.022	NA	90	172.875
443	16	35	12.766	12.634	0	2	33	8.789	3.8	NA	0.224	NA	-11.31	-101.31
444	16	36	12.59	12.612	0	2	8	8.966	3.658	NA	0.177	NA	-172.875	-161.565
445	16	37	12.59	12.59	0	2	16	8.988	3.642	NA	0.022	NA	-90	82.875
446	16	38	12.48	12.634	0	2	8	9.107	3.596	NA	0.119	NA	158.199	-111.801
447	16	39	12.48	12.81	0	2	16	9.283	3.725	NA	0.176	NA	90	-68.199
448	16	40	12.48	12.7	0	2	12.25	9.393	3.644	NA	0.11	NA	-90	-180
449	16	41	12.48	12.7	0	2	36.75	9.393	3.644	NA	0	NA	0	90
450	16	42	12.48	12.81	0	2	16.5	9.503	3.725	NA	0.11	NA	90	90
451	16	43	12.744	12.898	0	2	0	9.781	3.97	NA	0.278	NA	18.435	-71.565
452	16	44	12.81	12.942	0	2	49	9.861	4.047	NA	0.079	NA	33.69	15.255
453	17	1	7.175	6.317	0	2	33	0	0	NA	NA	NA	NA	NA
454	17	2	7.396	7.99	0	2	24.5	1.687	1.687	NA	1.687	NA	82.504	NA
455	17	3	7.484	9.575	0	2	24.5	3.274	3.272	NA	1.587	NA	86.82	4.316
456	17	4	7.814	10.389	0	2	8	4.153	4.122	NA	0.879	NA	67.932	-18.888
457	17	5	7.638	10.389	0	2	8	4.329	4.098	NA	0.176	NA	180	112.068
458	17	6	7.572	10.389	0	2	16	4.395	4.091	NA	0.066	NA	180	0
459	17	7	7.55	10.323	0	2	12.25	4.465	4.023	NA	0.07	NA	-108.435	71.565
460	17	8	7.616	10.389	0	2	33	4.558	4.096	NA	0.093	NA	45	153.435
461	17	9	7.726	10.587	0	2	12.25	4.785	4.305	NA	0.227	NA	60.945	15.945
462	17	10	7.616	10.455	0	2	8	4.957	4.161	NA	0.172	NA	-129.806	169.249
463	17	11	7.99	10.631	0	2	0	5.37	4.39	NA	0.414	NA	25.201	155.007
464	18	1	8.87	6.119	0	2	16	0	0	NA	NA	NA	NA	NA
465	18	2	8.958	6.427	0	2	16.5	0.32	0.32	NA	0.32	NA	74.055	NA
466	18	3	9.222	6.559	0	2	24.5	0.616	0.564	NA	0.295	NA	26.565	-47.49
467	18	4	9.222	6.713	0	2	32.5	0.77	0.691	NA	0.154	NA	90	63.435
468	18	5	9.288	6.581	0	2	49.5	0.918	0.623	NA	0.148	NA	-63.435	-153.435
469	18	6	9.288	6.581	0	2	57.5	0.918	0.623	NA	0	NA	0	63.435
470	18	7	9.354	6.735	0	2	0	1.085	0.784	NA	0.168	NA	66.801	66.801
471	18	8	9.376	6.823	0	2	33	1.176	0.867	NA	0.091	NA	75.964	9.162
472	18	9	9.376	6.779	0	2	33	1.22	0.832	NA	0.044	NA	-90	-165.964
473	18	10	9.443	7.131	0	2	0	1.578	1.163	NA	0.358	NA	79.38	169.38
474	18	11	9.376	7.109	0	2	24.5	1.648	1.112	NA	0.07	NA	-161.565	119.055
475	18	12	9.31	7.087	0	2	41	1.717	1.064	NA	0.07	NA	-161.565	0
476	18	13	9.531	7.462	0	2	37	2.152	1.496	NA	0.434	NA	59.534	-138.9
477	18	14	9.751	7.792	0	2	33	2.548	1.89	NA	0.397	NA	56.31	-3.225
478	18	15	9.883	8.056	0	2	41	2.844	2.186	NA	0.295	NA	63.435	7.125
479	18	16	9.971	8.21	0	2	16.25	3.021	2.363	NA	0.177	NA	60.255	-3.18
480	18	17	9.971	8.188	0	2	49	3.043	2.343	NA	0.022	NA	-90	-150.255
481	18	18	9.993	8.21	0	2	16	3.074	2.373	NA	0.031	NA	45	135
482	18	19	9.993	8.232	0	2	16	3.096	2.393	NA	0.022	NA	90	45
483	18	20	9.993	8.21	0	2	8	3.118	2.373	NA	0.022	NA	-90	-180
484	18	21	9.993	8.1	0	2	16	3.228	2.277	NA	0.11	NA	-90	0
485	18	22	9.905	8.012	0	2	66	3.353	2.157	NA	0.125	NA	-135	-45
486	18	23	9.817	8.078	0	2	49.5	3.463	2.176	NA	0.11	NA	143.13	-81.87
487	18	24	9.817	8.078	0	2	49	3.463	2.176	NA	0	NA	0	-143.13
488	18	25	9.839	8.078	0	2	24.5	3.485	2.185	NA	0.022	NA	0	0
489	18	26	9.883	8.122	0	2	20.5	3.547	2.244	NA	0.062	NA	45	45
490	18	27	9.971	7.924	0	2	41	3.764	2.114	NA	0.217	NA	-66.038	-111.038
491	18	28	9.971	8.144	0	2	24.5	3.984	2.305	NA	0.22	NA	90	156.038
492	18	29	10.103	8.342	0	2	28.5	4.222	2.542	NA	0.238	NA	56.31	-33.69
493	18	30	10.257	8.452	0	2	0	4.411	2.714	NA	0.189	NA	35.538	-20.772
494	18	31	10.213	8.386	0	2	16	4.491	2.635	NA	0.079	NA	-123.69	-159.228
495	18	32	10.191	8.364	0	2	8	4.522	2.605	NA	0.031	NA	-135	-11.31
496	18	33	10.301	8.364	0	2	0	4.632	2.662	NA	0.11	NA	0	135
497	18	34	10.147	8.21	0	2	24.5	4.85	2.45	NA	0.218	NA	-135	-135
498	18	35	9.905	8.078	0	2	33	5.126	2.215	NA	0.276	NA	-151.39	-16.39
499	18	36	10.059	8.254	0	2	16.25	5.36	2.444	NA	0.234	NA	48.814	-159.796
500	19	1	7.638	6.009	0	2	20.5	0	0	NA	NA	NA	NA	NA
501	19	2	7.924	6.383	0	2	33	0.471	0.471	NA	0.471	NA	52.595	NA
502	19	3	7.99	6.647	0	2	8	0.743	0.729	NA	0.272	NA	75.964	23.369
503	19	4	8.078	7.131	0	2	8	1.235	1.206	NA	0.492	NA	79.695	3.731
504	19	5	8.144	7.44	0	2	0	1.551	1.518	NA	0.315	NA	77.905	-1.79
505	19	6	8.408	7.836	0	2	0	2.027	1.983	NA	0.476	NA	56.31	-21.595
506	19	9	8.21	7.858	0	2	12.25	2.226	1.935	NA	0.199	NA	173.66	117.35
