Nr	TID	PID	x [micron]	y [micron]	t [sec]	c [idx]	I [val]	Len [micron]	D2S [micron]	D2R [micron]	D2P [micron]	v [micron/sec]	? [deg]	?? [deg]
1	1	1	14.471	20.813	0	2	18	0	0	NA	NA	NA	NA	NA
2	1	2	14.471	21.079	0	2	37	0.266	0.266	NA	0.266	NA	90	NA
3	1	3	14.471	21.079	0	2	74	0.266	0.266	NA	0	NA	0	-90
4	1	4	14.471	21.079	0	2	46	0.266	0.266	NA	0	NA	0	0
5	1	5	14.825	21.124	0	2	37	0.624	0.471	NA	0.358	NA	7.125	7.125
6	1	6	14.825	21.079	0	2	18	0.668	0.444	NA	0.044	NA	-90	-97.125
7	1	7	14.914	21.079	0	2	18	0.757	0.517	NA	0.089	NA	0	90
8	1	8	14.959	20.813	0	2	18	1.027	0.488	NA	0.27	NA	-80.538	-80.538
9	1	9	15.092	20.769	0	2	18	1.167	0.623	NA	0.14	NA	-18.435	62.103
10	1	10	15.092	20.769	0	2	0	1.167	0.623	NA	0	NA	0	18.435
11	1	11	15.446	20.503	0	2	18	1.61	1.024	NA	0.444	NA	-36.87	-36.87
12	1	12	15.313	20.547	0	2	0	1.751	0.884	NA	0.14	NA	161.565	-161.565
13	1	13	15.313	20.68	0	2	18	1.884	0.853	NA	0.133	NA	90	-71.565
14	1	14	15.58	20.503	0	2	0	2.204	1.152	NA	0.32	NA	-33.69	-123.69
15	1	15	15.757	20.104	0	2	0	2.64	1.469	NA	0.437	NA	-66.038	-32.347
16	1	16	15.58	19.971	0	2	9	2.862	1.393	NA	0.222	NA	-143.13	-77.093
17	1	17	15.446	20.192	0	2	18	3.121	1.157	NA	0.259	NA	120.964	-95.906
18	2	1	14.249	22.543	0	2	27	0	0	NA	NA	NA	NA	NA
19	2	2	14.16	22.898	0	2	37	0.366	0.366	NA	0.366	NA	104.036	NA
20	2	3	14.426	23.075	0	2	102	0.686	0.561	NA	0.32	NA	33.69	-70.346
21	2	4	14.426	23.075	0	2	18	0.686	0.561	NA	0	NA	0	-33.69
22	2	5	14.426	23.075	0	2	55	0.686	0.561	NA	0	NA	0	0
23	2	6	14.16	23.342	0	2	27	1.062	0.803	NA	0.376	NA	135	135
24	2	7	14.338	22.942	0	2	55	1.499	0.409	NA	0.437	NA	-66.038	158.962
25	2	8	14.338	22.942	0	2	83	1.499	0.409	NA	0	NA	0	66.038
26	2	9	14.426	22.809	0	2	27	1.659	0.32	NA	0.16	NA	-56.31	-56.31
27	2	10	14.737	23.075	0	2	9	2.068	0.722	NA	0.409	NA	40.601	96.911
28	2	11	14.737	23.342	0	2	9	2.334	0.936	NA	0.266	NA	90	49.399
29	3	1	14.249	25.382	0	2	46	0	0	NA	NA	NA	NA	NA
30	3	2	14.559	25.338	0	2	37	0.314	0.314	NA	0.314	NA	-8.13	NA
31	3	3	14.249	25.293	0	2	83	0.627	0.089	NA	0.314	NA	-171.87	-163.74
32	3	4	14.87	25.16	0	2	37	1.262	0.659	NA	0.635	NA	-12.095	159.775
33	3	5	15.491	24.894	0	2	9	1.938	1.334	NA	0.676	NA	-23.199	-11.104
34	3	6	15.535	25.16	0	2	9	2.208	1.305	NA	0.27	NA	80.538	103.736
35	3	7	16.422	24.583	0	2	9	3.266	2.315	NA	1.058	NA	-33.024	-113.562
36	4	1	13.539	24.184	0	2	111	0	0	NA	NA	NA	NA	NA
37	4	2	13.495	24.406	0	2	93	0.226	0.226	NA	0.226	NA	101.31	NA
38	4	3	13.805	24.184	0	2	139	0.608	0.266	NA	0.382	NA	-35.538	-136.848
39	4	4	13.894	24.051	0	2	130	0.768	0.379	NA	0.16	NA	-56.31	-20.772
40	4	5	13.761	24.362	0	2	139	1.105	0.284	NA	0.338	NA	113.199	169.509
41	4	6	14.071	24.051	0	2	186	1.545	0.549	NA	0.439	NA	-45	-158.199
42	4	7	14.338	23.874	0	2	158	1.864	0.857	NA	0.32	NA	-33.69	11.31
43	4	8	13.539	24.583	0	2	102	2.933	0.399	NA	1.068	NA	138.366	172.057
44	4	9	13.539	24.495	0	2	102	3.021	0.31	NA	0.089	NA	-90	131.634
45	4	10	13.539	24.45	0	2	139	3.066	0.266	NA	0.044	NA	-90	0
46	4	11	13.717	24.45	0	2	130	3.243	0.32	NA	0.177	NA	0	90
47	4	12	13.717	24.45	0	2	37	3.243	0.32	NA	0	NA	0	0
48	4	13	13.539	24.628	0	2	205	3.494	0.444	NA	0.251	NA	135	135
49	4	14	13.406	24.85	0	2	130	3.753	0.678	NA	0.259	NA	120.964	-14.036
50	4	15	13.406	24.85	0	2	55	3.753	0.678	NA	0	NA	0	-120.964
51	4	16	13.317	25.204	0	2	46	4.118	1.044	NA	0.366	NA	104.036	104.036
52	4	17	13.406	25.071	0	2	18	4.278	0.897	NA	0.16	NA	-56.31	-160.346
53	4	18	13.539	24.894	0	2	93	4.5	0.71	NA	0.222	NA	-53.13	3.18
54	4	19	13.495	24.938	0	2	65	4.563	0.755	NA	0.063	NA	135	-171.87
55	4	20	13.495	25.027	0	2	27	4.651	0.844	NA	0.089	NA	90	-45
56	4	21	13.451	24.894	0	2	65	4.792	0.715	NA	0.14	NA	-108.435	161.565
57	4	22	13.451	24.894	0	2	65	4.792	0.715	NA	0	NA	0	108.435
58	4	23	13.317	25.071	0	2	46	5.014	0.914	NA	0.222	NA	126.87	126.87
59	4	24	13.451	25.071	0	2	74	5.147	0.892	NA	0.133	NA	0	-126.87
60	4	25	13.495	25.027	0	2	121	5.209	0.844	NA	0.063	NA	-45	-45
61	4	26	13.495	25.027	0	2	46	5.209	0.844	NA	0	NA	0	45
62	4	27	13.628	25.027	0	2	83	5.342	0.847	NA	0.133	NA	0	0
63	4	28	13.761	25.071	0	2	65	5.483	0.914	NA	0.14	NA	18.435	18.435
64	4	29	13.805	25.071	0	2	65	5.527	0.926	NA	0.044	NA	0	-18.435
65	5	1	16.112	25.426	0	2	102	0	0	NA	NA	NA	NA	NA
66	5	2	15.668	25.914	0	2	255	0.659	0.659	NA	0.659	NA	132.274	NA
67	5	3	14.692	26.979	0	2	177	2.103	2.103	NA	1.444	NA	132.51	0.237
68	5	4	14.471	27.688	0	2	18	2.847	2.795	NA	0.744	NA	107.354	-25.156
69	5	5	14.027	30.704	0	2	18	5.896	5.675	NA	3.049	NA	98.366	-8.988
70	5	6	13.938	31.458	0	2	0	6.655	6.412	NA	0.759	NA	96.71	-1.656
71	5	7	13.983	31.902	0	2	0	7.101	6.817	NA	0.446	NA	84.289	-12.42
72	6	1	20.015	17.088	0	2	83	0	0	NA	NA	NA	NA	NA
73	6	2	20.37	16.289	0	2	18	0.874	0.874	NA	0.874	NA	-66.038	NA
74	6	3	20.769	15.89	0	2	46	1.438	1.415	NA	0.565	NA	-45	21.038
75	6	4	21.124	15.58	0	2	37	1.91	1.872	NA	0.471	NA	-41.186	3.814
76	6	5	21.079	15.668	0	2	37	2.009	1.774	NA	0.099	NA	116.565	157.751
77	6	6	21.079	15.668	0	2	65	2.009	1.774	NA	0	NA	0	-116.565
78	6	7	20.769	15.934	0	2	83	2.418	1.378	NA	0.409	NA	139.399	139.399
79	6	8	20.237	16.467	0	2	139	3.171	0.659	NA	0.753	NA	135	-4.399
80	6	9	19.394	18.551	0	2	9	5.419	1.59	NA	2.249	NA	112.011	-22.989
81	7	1	22.454	21.967	0	2	0	0	0	NA	NA	NA	NA	NA
82	7	2	21.434	22.588	0	2	55	1.194	1.194	NA	1.194	NA	148.671	NA
83	7	3	21.257	22.942	0	2	9	1.591	1.545	NA	0.397	NA	116.565	-32.106
84	7	4	20.148	24.096	0	2	0	3.191	3.139	NA	1.6	NA	133.877	17.312
85	7	5	19.793	23.829	0	2	37	3.634	3.248	NA	0.444	NA	-143.13	82.993
86	8	1	20.37	22.543	0	2	18	0	0	NA	NA	NA	NA	NA
87	8	2	20.636	22.543	0	2	9	0.266	0.266	NA	0.266	NA	0	NA
88	8	3	20.503	22.676	0	2	9	0.454	0.188	NA	0.188	NA	135	135
89	8	4	20.37	22.809	0	2	27	0.642	0.266	NA	0.188	NA	135	0
90	8	5	20.37	22.721	0	2	0	0.731	0.177	NA	0.089	NA	-90	135
91	8	6	20.37	22.676	0	2	0	0.776	0.133	NA	0.044	NA	-90	0
92	8	7	20.547	22.676	0	2	18	0.953	0.222	NA	0.177	NA	0	90
93	8	8	20.459	22.765	0	2	0	1.078	0.239	NA	0.125	NA	135	135
94	8	9	20.414	22.854	0	2	37	1.178	0.314	NA	0.099	NA	116.565	-18.435
95	8	10	20.414	22.854	0	2	18	1.178	0.314	NA	0	NA	0	-116.565
96	8	11	20.636	22.854	0	2	0	1.399	0.409	NA	0.222	NA	0	0
97	8	12	20.547	22.765	0	2	27	1.525	0.284	NA	0.125	NA	-135	-135
98	8	13	20.547	22.765	0	2	65	1.525	0.284	NA	0	NA	0	135
99	8	14	20.503	22.898	0	2	27	1.665	0.379	NA	0.14	NA	108.435	108.435
100	8	15	20.325	23.253	0	2	9	2.062	0.711	NA	0.397	NA	116.565	8.13
101	8	16	20.325	22.987	0	2	46	2.328	0.446	NA	0.266	NA	-90	153.435
102	8	17	20.281	22.987	0	2	27	2.372	0.452	NA	0.044	NA	180	-90
103	8	18	20.547	22.987	0	2	130	2.638	0.478	NA	0.266	NA	0	-180
104	8	19	20.636	22.987	0	2	9	2.727	0.517	NA	0.089	NA	0	0
105	8	20	20.547	23.209	0	2	83	2.966	0.689	NA	0.239	NA	111.801	111.801
106	8	21	20.636	23.075	0	2	0	3.126	0.595	NA	0.16	NA	-56.31	-168.111
107	8	22	21.035	23.031	0	2	18	3.528	0.825	NA	0.402	NA	-6.34	49.97
108	8	23	21.079	23.164	0	2	0	3.668	0.943	NA	0.14	NA	71.565	77.905
109	8	24	20.902	23.164	0	2	27	3.845	0.818	NA	0.177	NA	180	108.435
110	8	25	20.725	23.164	0	2	27	4.023	0.715	NA	0.177	NA	180	0
111	8	26	20.459	23.386	0	2	37	4.369	0.847	NA	0.346	NA	140.194	-39.806
112	8	27	20.459	23.386	0	2	9	4.369	0.847	NA	0	NA	0	-140.194
113	8	28	20.37	23.43	0	2	0	4.468	0.887	NA	0.099	NA	153.435	153.435
114	8	29	20.325	23.43	0	2	9	4.513	0.888	NA	0.044	NA	180	26.565
115	8	30	20.281	23.696	0	2	9	4.782	1.157	NA	0.27	NA	99.462	-80.538
116	8	31	20.104	23.475	0	2	0	5.066	0.969	NA	0.284	NA	-128.66	131.878
117	8	32	20.281	23.43	0	2	9	5.249	0.892	NA	0.183	NA	-14.036	114.624
118	8	33	20.902	23.164	0	2	9	5.925	0.818	NA	0.676	NA	-23.199	-9.162
119	8	34	20.725	23.297	0	2	18	6.147	0.833	NA	0.222	NA	143.13	166.329
120	8	35	20.636	23.519	0	2	0	6.386	1.011	NA	0.239	NA	111.801	-31.329
121	8	36	20.725	23.342	0	2	18	6.584	0.874	NA	0.198	NA	-63.435	-175.236
122	8	37	20.902	23.253	0	2	37	6.782	0.887	NA	0.198	NA	-26.565	36.87
123	8	38	20.946	23.43	0	2	0	6.965	1.058	NA	0.183	NA	75.964	102.529
124	8	39	20.946	23.209	0	2	37	7.187	0.88	NA	0.222	NA	-90	-165.964
125	8	40	20.991	23.43	0	2	9	7.413	1.083	NA	0.226	NA	78.69	168.69
126	8	41	20.946	23.209	0	2	9	7.639	0.88	NA	0.226	NA	-101.31	-180
127	8	42	20.991	23.209	0	2	0	7.684	0.91	NA	0.044	NA	0	101.31
128	9	1	13.85	24.761	0	2	55	0	0	NA	NA	NA	NA	NA
129	9	2	13.805	24.628	0	2	242	0.14	0.14	NA	0.14	NA	-108.435	NA
130	9	3	14.338	24.45	0	2	27	0.701	0.578	NA	0.561	NA	-18.435	90
131	9	4	15.18	24.672	0	2	27	1.573	1.334	NA	0.871	NA	14.744	33.179
132	9	5	15.846	24.539	0	2	9	2.251	2.008	NA	0.678	NA	-11.31	-26.053
133	10	1	14.071	23.386	0	2	18	0	0	NA	NA	NA	NA	NA
134	10	2	14.87	23.031	0	2	0	0.874	0.874	NA	0.874	NA	-23.962	NA
135	10	3	15.491	23.741	0	2	0	1.817	1.463	NA	0.943	NA	48.814	72.777
136	10	4	14.781	24.628	0	2	37	2.953	1.43	NA	1.136	NA	128.66	79.846
137	10	5	14.249	25.027	0	2	18	3.618	1.651	NA	0.665	NA	143.13	14.47
138	10	6	14.471	25.027	0	2	0	3.84	1.689	NA	0.222	NA	0	-143.13
139	10	7	14.737	24.406	0	2	18	4.515	1.218	NA	0.676	NA	-66.801	-66.801
140	10	8	14.604	25.027	0	2	37	5.15	1.725	NA	0.635	NA	102.095	168.896
141	10	9	14.249	25.116	0	2	37	5.516	1.739	NA	0.366	NA	165.964	63.869
142	10	10	14.382	25.16	0	2	18	5.656	1.801	NA	0.14	NA	18.435	-147.529
143	10	11	14.515	25.16	0	2	65	5.79	1.829	NA	0.133	NA	0	-18.435
144	10	12	14.604	25.16	0	2	27	5.878	1.852	NA	0.089	NA	0	0
145	10	13	14.959	24.45	0	2	65	6.672	1.386	NA	0.793	NA	-63.435	-63.435
146	10	14	15.757	24.362	0	2	27	7.475	1.948	NA	0.803	NA	-6.34	57.095
147	11	1	14.914	28.797	0	2	18	0	0	NA	NA	NA	NA	NA
148	11	2	14.87	28.176	0	2	46	0.623	0.623	NA	0.623	NA	-94.086	NA
149	11	3	15.402	27.6	0	2	242	1.407	1.293	NA	0.785	NA	-47.291	46.795
150	11	4	15.979	26.18	0	2	93	2.939	2.825	NA	1.532	NA	-67.891	-20.6
151	11	5	16.999	24.805	0	2	0	4.651	4.503	NA	1.712	NA	-53.427	14.464
152	12	1	15.402	16.467	0	2	18	0	0	NA	NA	NA	NA	NA
153	12	2	15.402	16.023	0	2	9	0.444	0.444	NA	0.444	NA	-90	NA
154	12	3	15.313	15.979	0	2	37	0.543	0.496	NA	0.099	NA	-153.435	-63.435
155	12	4	15.58	16.688	0	2	9	1.301	0.284	NA	0.758	NA	69.444	-137.121
156	12	5	15.58	16.777	0	2	9	1.389	0.358	NA	0.089	NA	90	20.556
157	12	6	15.535	16.688	0	2	0	1.489	0.259	NA	0.099	NA	-116.565	153.435
158	12	7	15.89	16.733	0	2	27	1.846	0.556	NA	0.358	NA	7.125	123.69
159	12	8	16.467	17.531	0	2	9	2.831	1.505	NA	0.985	NA	54.162	47.037
160	13	1	9.37	23.519	0	2	18	0	0	NA	NA	NA	NA	NA
161	13	2	9.503	23.475	0	2	9	0.14	0.14	NA	0.14	NA	-18.435	NA
162	13	3	9.68	23.608	0	2	9	0.362	0.323	NA	0.222	NA	36.87	55.305
163	13	4	9.592	23.608	0	2	18	0.451	0.239	NA	0.089	NA	180	143.13
164	13	5	9.459	23.608	0	2	18	0.584	0.125	NA	0.133	NA	180	0
165	13	6	9.636	23.519	0	2	46	0.782	0.266	NA	0.198	NA	-26.565	153.435
166	13	7	9.37	23.696	0	2	18	1.102	0.177	NA	0.32	NA	146.31	172.875
167	13	8	9.281	23.608	0	2	18	1.227	0.125	NA	0.125	NA	-135	78.69
168	13	9	9.813	23.652	0	2	9	1.762	0.463	NA	0.534	NA	4.764	139.764
169	13	10	9.592	23.563	0	2	9	2	0.226	NA	0.239	NA	-158.199	-162.962
170	13	11	9.68	23.696	0	2	9	2.16	0.358	NA	0.16	NA	56.31	-145.491
171	13	12	9.503	23.696	0	2	9	2.338	0.222	NA	0.177	NA	180	123.69
172	13	13	9.592	23.785	0	2	0	2.463	0.346	NA	0.125	NA	45	-135
173	13	14	9.902	23.918	0	2	0	2.801	0.665	NA	0.338	NA	23.199	-21.801
174	13	15	10.124	24.007	0	2	0	3.04	0.898	NA	0.239	NA	21.801	-1.397
175	13	16	10.168	23.874	0	2	9	3.18	0.874	NA	0.14	NA	-71.565	-93.366
176	13	17	10.257	23.874	0	2	0	3.269	0.955	NA	0.089	NA	0	71.565
177	13	18	10.08	23.963	0	2	0	3.467	0.837	NA	0.198	NA	153.435	153.435
178	13	19	10.39	23.963	0	2	18	3.778	1.112	NA	0.31	NA	0	-153.435
179	13	20	10.39	24.007	0	2	0	3.822	1.131	NA	0.044	NA	90	90
180	13	21	10.434	23.608	0	2	9	4.224	1.068	NA	0.402	NA	-83.66	-173.66
181	13	22	10.612	23.696	0	2	18	4.422	1.255	NA	0.198	NA	26.565	110.225
182	13	23	10.745	23.785	0	2	9	4.582	1.401	NA	0.16	NA	33.69	7.125
183	14	1	14.692	23.785	0	2	65	0	0	NA	NA	NA	NA	NA
184	14	2	14.692	23.652	0	2	37	0.133	0.133	NA	0.133	NA	-90	NA
185	14	3	15.269	23.696	0	2	9	0.711	0.583	NA	0.578	NA	4.399	94.399
186	15	1	15.313	24.761	0	2	130	0	0	NA	NA	NA	NA	NA
187	15	2	14.959	25.293	0	2	177	0.64	0.64	NA	0.64	NA	123.69	NA
188	15	3	14.559	25.914	0	2	65	1.378	1.378	NA	0.738	NA	122.735	-0.955
189	15	4	14.205	26.313	0	2	27	1.912	1.908	NA	0.534	NA	131.634	8.898
190	15	5	14.071	26.358	0	2	74	2.052	2.023	NA	0.14	NA	161.565	29.932
191	15	6	14.781	26.446	0	2	158	2.767	1.768	NA	0.715	NA	7.125	-154.44
192	15	7	14.781	26.358	0	2	158	2.856	1.683	NA	0.089	NA	-90	-97.125
193	15	8	15.047	26.18	0	2	18	3.176	1.444	NA	0.32	NA	-33.69	56.31
194	15	9	15.18	26.136	0	2	55	3.316	1.381	NA	0.14	NA	-18.435	15.255
195	15	10	15.092	26.136	0	2	149	3.405	1.393	NA	0.089	NA	180	-161.565
196	15	11	15.092	26.136	0	2	186	3.405	1.393	NA	0	NA	0	-180
197	15	12	15.18	26.18	0	2	55	3.504	1.426	NA	0.099	NA	26.565	26.565
198	15	13	15.18	26.18	0	2	27	3.504	1.426	NA	0	NA	0	-26.565
199	15	14	15.446	26.092	0	2	102	3.785	1.337	NA	0.281	NA	-18.435	-18.435
200	15	15	15.446	26.092	0	2	55	3.785	1.337	NA	0	NA	0	18.435
201	16	1	21.346	9.547	0	2	9	0	0	NA	NA	NA	NA	NA
202	16	2	21.922	9.547	0	2	18	0.577	0.577	NA	0.577	NA	0	NA
203	16	3	21.745	9.547	0	2	9	0.754	0.399	NA	0.177	NA	180	180
204	16	4	21.745	9.547	0	2	9	0.754	0.399	NA	0	NA	0	-180
205	16	5	21.612	10.567	0	2	18	1.783	1.054	NA	1.029	NA	97.431	97.431
206	16	6	20.902	10.612	0	2	9	2.494	1.153	NA	0.711	NA	176.424	78.992
207	17	1	21.301	9.858	0	2	9	0	0	NA	NA	NA	NA	NA
208	17	2	18.684	11.455	0	2	37	3.066	3.066	NA	3.066	NA	148.61	NA
209	17	3	17.797	12.386	0	2	0	4.352	4.321	NA	1.286	NA	133.603	-15.007
210	17	4	16.777	12.519	0	2	18	5.381	5.249	NA	1.029	NA	172.569	38.966
211	17	5	16.6	12.785	0	2	0	5.701	5.538	NA	0.32	NA	123.69	-48.879
212	18	1	21.257	12.918	0	2	9	0	0	NA	NA	NA	NA	NA
213	18	2	21.079	12.963	0	2	37	0.183	0.183	NA	0.183	NA	165.964	NA
214	18	3	21.079	13.096	0	2	9	0.316	0.251	NA	0.133	NA	90	-75.964
215	18	4	21.124	13.273	0	2	0	0.499	0.379	NA	0.183	NA	75.964	-14.036
216	18	5	21.168	13.051	0	2	27	0.725	0.16	NA	0.226	NA	-78.69	-154.654
217	18	6	21.168	12.918	0	2	27	0.858	0.089	NA	0.133	NA	-90	-11.31
218	18	7	21.301	12.519	0	2	18	1.279	0.402	NA	0.421	NA	-71.565	18.435
219	18	8	21.035	12.652	0	2	0	1.576	0.346	NA	0.298	NA	153.435	-135
220	18	9	21.257	12.741	0	2	46	1.815	0.177	NA	0.239	NA	21.801	-131.634
221	18	10	21.301	12.741	0	2	27	1.86	0.183	NA	0.044	NA	0	-21.801
222	18	11	21.612	12.83	0	2	0	2.182	0.366	NA	0.323	NA	15.945	15.945
223	18	12	21.301	12.963	0	2	37	2.52	0.063	NA	0.338	NA	156.801	140.856
224	18	13	21.346	13.096	0	2	0	2.661	0.198	NA	0.14	NA	71.565	-85.236
225	18	14	21.346	13.14	0	2	27	2.705	0.239	NA	0.044	NA	90	18.435
226	18	15	21.346	13.229	0	2	18	2.794	0.323	NA	0.089	NA	90	0
227	18	16	21.39	13.85	0	2	18	3.416	0.941	NA	0.623	NA	85.914	-4.086
228	18	17	21.434	13.85	0	2	37	3.461	0.948	NA	0.044	NA	0	-85.914
229	18	18	21.612	13.584	0	2	9	3.78	0.754	NA	0.32	NA	-56.31	-56.31
230	19	1	19.838	16.422	0	2	65	0	0	NA	NA	NA	NA	NA
231	19	2	19.882	16.422	0	2	121	0.044	0.044	NA	0.044	NA	0	NA
232	19	3	19.971	16.422	0	2	167	0.133	0.133	NA	0.089	NA	0	0
233	19	4	20.237	16.422	0	2	186	0.399	0.399	NA	0.266	NA	0	0
234	19	5	20.237	16.378	0	2	255	0.444	0.402	NA	0.044	NA	-90	-90
235	19	6	20.237	16.378	0	2	46	0.444	0.402	NA	0	NA	0	90
236	19	7	20.192	16.378	0	2	102	0.488	0.358	NA	0.044	NA	180	180
237	19	8	20.192	16.245	0	2	149	0.621	0.397	NA	0.133	NA	-90	90
238	19	9	20.325	16.067	0	2	93	0.843	0.603	NA	0.222	NA	-53.13	36.87
239	19	10	20.237	16.555	0	2	130	1.339	0.421	NA	0.496	NA	100.305	153.435
240	19	11	20.37	15.979	0	2	121	1.93	0.693	NA	0.592	NA	-77.005	-177.31
241	19	12	20.281	16.289	0	2	46	2.253	0.463	NA	0.323	NA	105.945	-177.049
242	19	13	20.459	15.757	0	2	46	2.814	0.91	NA	0.561	NA	-71.565	-177.51
243	19	14	20.592	15.757	0	2	74	2.947	1.006	NA	0.133	NA	0	71.565
244	19	15	20.68	15.757	0	2	74	3.036	1.074	NA	0.089	NA	0	0
245	19	16	20.902	15.58	0	2	37	3.32	1.358	NA	0.284	NA	-38.66	-38.66
246	19	17	21.124	14.87	0	2	37	4.064	2.016	NA	0.744	NA	-72.646	-33.986
247	19	18	21.567	13.805	0	2	0	5.217	3.137	NA	1.153	NA	-67.38	5.266
248	20	1	15.003	14.737	0	2	9	0	0	NA	NA	NA	NA	NA
249	20	2	15.313	14.959	0	2	9	0.382	0.382	NA	0.382	NA	35.538	NA
250	20	3	15.624	14.87	0	2	9	0.704	0.635	NA	0.323	NA	-15.945	-51.483
251	20	4	15.358	14.781	0	2	18	0.985	0.358	NA	0.281	NA	-161.565	-145.62
252	20	5	15.313	14.959	0	2	27	1.168	0.382	NA	0.183	NA	104.036	-94.399
253	20	6	15.402	15.047	0	2	27	1.293	0.506	NA	0.125	NA	45	-59.036
254	20	7	15.402	15.047	0	2	9	1.293	0.506	NA	0	NA	0	-45
255	20	8	15.535	15.18	0	2	65	1.481	0.693	NA	0.188	NA	45	45
256	20	9	15.757	15.18	0	2	0	1.703	0.875	NA	0.222	NA	0	-45
257	20	10	15.535	15.136	0	2	0	1.929	0.665	NA	0.226	NA	-168.69	-168.69
258	20	11	15.846	15.402	0	2	46	2.338	1.074	NA	0.409	NA	40.601	-150.709
259	20	12	15.89	15.668	0	2	0	2.608	1.286	NA	0.27	NA	80.538	39.936
260	20	13	16.023	15.801	0	2	9	2.796	1.474	NA	0.188	NA	45	-35.538
261	20	14	15.846	15.225	0	2	46	3.4	0.974	NA	0.603	NA	-107.103	-152.103
262	20	15	16.112	15.58	0	2	9	3.843	1.393	NA	0.444	NA	53.13	160.233
263	20	16	15.979	15.624	0	2	27	3.983	1.319	NA	0.14	NA	161.565	108.435
264	20	17	15.934	15.313	0	2	46	4.297	1.095	NA	0.314	NA	-98.13	100.305
265	20	18	15.89	15.624	0	2	74	4.611	1.255	NA	0.314	NA	98.13	-163.74
266	20	19	15.846	15.624	0	2	27	4.655	1.224	NA	0.044	NA	180	81.87
267	20	20	15.713	15.535	0	2	9	4.815	1.068	NA	0.16	NA	-146.31	33.69
268	20	21	16.023	15.757	0	2	55	5.197	1.443	NA	0.382	NA	35.538	-178.152
269	20	22	16.112	15.446	0	2	37	5.519	1.317	NA	0.323	NA	-74.055	-109.592
270	20	23	16.112	15.491	0	2	46	5.564	1.341	NA	0.044	NA	90	164.055
271	21	1	15.225	16.91	0	2	27	0	0	NA	NA	NA	NA	NA
272	21	2	15.58	16.821	0	2	65	0.366	0.366	NA	0.366	NA	-14.036	NA
273	21	3	15.58	16.777	0	2	46	0.41	0.379	NA	0.044	NA	-90	-75.964
274	21	4	15.668	16.555	0	2	18	0.649	0.568	NA	0.239	NA	-68.199	21.801
275	21	5	15.491	16.555	0	2	9	0.826	0.444	NA	0.177	NA	180	-111.801
276	21	6	15.846	16.289	0	2	223	1.27	0.878	NA	0.444	NA	-36.87	143.13
277	21	7	15.979	16.245	0	2	130	1.41	1.006	NA	0.14	NA	-18.435	18.435
278	21	8	16.2	15.934	0	2	102	1.792	1.38	NA	0.382	NA	-54.462	-36.027
279	21	9	16.245	15.713	0	2	223	2.018	1.573	NA	0.226	NA	-78.69	-24.228
280	22	1	20.459	16.555	0	2	74	0	0	NA	NA	NA	NA	NA
281	22	2	20.902	16.555	0	2	121	0.444	0.444	NA	0.444	NA	0	NA
282	22	3	20.902	16.422	0	2	27	0.577	0.463	NA	0.133	NA	-90	-90
283	22	4	20.547	17.221	0	2	18	1.45	0.671	NA	0.874	NA	113.962	-156.038
284	22	5	20.281	17.575	0	2	37	1.894	1.035	NA	0.444	NA	126.87	12.907
285	22	6	20.503	17.62	0	2	9	2.12	1.065	NA	0.226	NA	11.31	-115.56
286	22	7	20.547	17.62	0	2	9	2.164	1.068	NA	0.044	NA	0	-11.31
287	22	8	20.592	17.975	0	2	18	2.522	1.426	NA	0.358	NA	82.875	82.875
288	22	9	20.902	17.265	0	2	65	3.297	0.837	NA	0.775	NA	-66.371	-149.246
289	22	10	20.991	16.821	0	2	27	3.749	0.595	NA	0.452	NA	-78.69	-12.319
290	22	11	20.946	16.821	0	2	55	3.793	0.556	NA	0.044	NA	180	-101.31
291	22	12	20.991	16.511	0	2	121	4.107	0.534	NA	0.314	NA	-81.87	98.13
292	22	13	21.124	16.112	0	2	74	4.528	0.8	NA	0.421	NA	-71.565	10.305
293	22	14	20.991	16.334	0	2	18	4.786	0.577	NA	0.259	NA	120.964	-167.471
294	22	15	20.991	16.067	0	2	27	5.052	0.722	NA	0.266	NA	-90	149.036
295	23	1	21.878	10.612	0	2	18	0	0	NA	NA	NA	NA	NA
296	23	2	21.834	10.789	0	2	9	0.183	0.183	NA	0.183	NA	104.036	NA
297	23	3	22.011	11.1	0	2	27	0.54	0.506	NA	0.358	NA	60.255	-43.781
298	23	4	21.878	11.188	0	2	37	0.7	0.577	NA	0.16	NA	146.31	86.055
299	23	5	21.878	10.789	0	2	18	1.1	0.177	NA	0.399	NA	-90	123.69
300	23	6	21.922	12.031	0	2	9	2.342	1.42	NA	1.243	NA	87.955	177.955
301	23	7	21.39	14.116	0	2	37	4.494	3.538	NA	2.152	NA	104.323	16.368
302	23	8	21.346	15.092	0	2	102	5.471	4.511	NA	0.977	NA	92.603	-11.72
303	23	9	20.858	15.58	0	2	46	6.161	5.071	NA	0.69	NA	135	42.397
304	23	10	20.636	16.112	0	2	121	6.737	5.638	NA	0.577	NA	112.62	-22.38
305	23	11	20.148	16.289	0	2	121	7.256	5.935	NA	0.519	NA	160.017	47.397
306	23	12	19.616	16.91	0	2	139	8.074	6.692	NA	0.818	NA	130.601	-29.416
307	23	13	19.261	17.886	0	2	18	9.113	7.731	NA	1.038	NA	109.983	-20.618
308	23	14	19.039	17.709	0	2	74	9.397	7.643	NA	0.284	NA	-141.34	108.677
309	23	15	19.438	17.62	0	2	18	9.806	7.42	NA	0.409	NA	-12.529	128.811
310	23	16	19.35	17.398	0	2	65	10.044	7.242	NA	0.239	NA	-111.801	-99.273
311	23	17	19.438	17.664	0	2	27	10.325	7.462	NA	0.281	NA	71.565	-176.634
312	23	18	19.039	17.709	0	2	9	10.727	7.643	NA	0.402	NA	173.66	102.095
313	24	1	21.434	16.6	0	2	27	0	0	NA	NA	NA	NA	NA
314	24	2	21.878	16.023	0	2	65	0.727	0.727	NA	0.727	NA	-52.431	NA
315	24	3	21.878	16.245	0	2	9	0.949	0.568	NA	0.222	NA	90	142.431
316	24	4	21.878	16.023	0	2	0	1.171	0.727	NA	0.222	NA	-90	-180
317	24	5	21.967	16.023	0	2	0	1.26	0.785	NA	0.089	NA	0	90
318	24	6	22.144	15.624	0	2	55	1.697	1.207	NA	0.437	NA	-66.038	-66.038
319	24	7	23.075	14.648	0	2	9	3.046	2.55	NA	1.349	NA	-46.332	19.705
320	24	8	22.898	14.471	0	2	37	3.296	2.584	NA	0.251	NA	-135	-88.668
321	24	9	22.588	14.648	0	2	46	3.654	2.267	NA	0.358	NA	150.255	-74.745
322	24	10	22.632	14.648	0	2	37	3.698	2.29	NA	0.044	NA	0	-150.255
323	24	11	22.632	14.648	0	2	65	3.698	2.29	NA	0	NA	0	0
324	24	12	22.721	14.825	0	2	9	3.897	2.191	NA	0.198	NA	63.435	63.435
325	24	13	22.721	14.781	0	2	9	3.941	2.227	NA	0.044	NA	-90	-153.435
326	24	14	22.543	14.825	0	2	27	4.124	2.092	NA	0.183	NA	165.964	-104.036
327	24	15	22.543	15.003	0	2	18	4.301	1.944	NA	0.177	NA	90	-75.964
328	24	16	22.721	15.047	0	2	27	4.484	2.016	NA	0.183	NA	14.036	-75.964
329	24	17	22.765	15.047	0	2	37	4.529	2.045	NA	0.044	NA	0	-14.036
330	24	18	22.765	14.825	0	2	46	4.75	2.218	NA	0.222	NA	-90	-90
331	24	19	22.765	14.781	0	2	65	4.795	2.253	NA	0.044	NA	-90	0
332	25	1	22.321	10.301	0	2	9	0	0	NA	NA	NA	NA	NA
333	25	2	22.499	10.213	0	2	18	0.198	0.198	NA	0.198	NA	-26.565	NA
334	25	3	22.898	10.168	0	2	37	0.6	0.592	NA	0.402	NA	-6.34	20.225
335	25	4	22.321	10.08	0	2	9	1.183	0.222	NA	0.583	NA	-171.254	-164.914
336	26	1	22.233	15.757	0	2	18	0	0	NA	NA	NA	NA	NA
337	26	2	22.454	14.692	0	2	18	1.087	1.087	NA	1.087	NA	-78.232	NA
338	26	3	23.12	14.071	0	2	9	1.997	1.905	NA	0.91	NA	-43.025	35.207
339	26	4	23.164	14.027	0	2	18	2.06	1.965	NA	0.063	NA	-45	-1.975
340	26	5	23.075	14.338	0	2	9	2.383	1.651	NA	0.323	NA	105.945	150.945
341	26	6	23.209	14.382	0	2	0	2.523	1.686	NA	0.14	NA	18.435	-87.51
342	26	7	23.12	14.382	0	2	9	2.612	1.636	NA	0.089	NA	180	161.565
343	26	8	23.342	14.071	0	2	37	2.994	2.018	NA	0.382	NA	-54.462	125.538
344	26	9	23.519	13.85	0	2	9	3.278	2.3	NA	0.284	NA	-51.34	3.122
345	26	10	23.519	13.938	0	2	27	3.366	2.227	NA	0.089	NA	90	141.34
346	26	11	23.519	13.983	0	2	27	3.411	2.191	NA	0.044	NA	90	0
347	26	12	23.43	14.116	0	2	37	3.571	2.032	NA	0.16	NA	123.69	33.69
348	26	13	23.519	14.16	0	2	9	3.67	2.05	NA	0.099	NA	26.565	-97.125
349	26	14	24.273	13.229	0	2	9	4.868	3.249	NA	1.198	NA	-51.009	-77.574
350	26	15	24.406	13.051	0	2	65	5.09	3.47	NA	0.222	NA	-53.13	-2.121
351	26	16	24.672	12.874	0	2	55	5.41	3.777	NA	0.32	NA	-33.69	19.44
352	26	17	24.894	12.785	0	2	37	5.649	3.989	NA	0.239	NA	-21.801	11.889
353	26	18	25.204	12.563	0	2	55	6.03	4.362	NA	0.382	NA	-35.538	-13.736
354	26	19	25.027	12.563	0	2	74	6.208	4.243	NA	0.177	NA	180	-144.462
355	26	20	25.116	12.563	0	2	18	6.296	4.302	NA	0.089	NA	0	-180
356	26	21	25.16	12.563	0	2	27	6.341	4.332	NA	0.044	NA	0	0
357	26	22	25.16	12.563	0	2	18	6.341	4.332	NA	0	NA	0	0
358	26	23	25.471	12.563	0	2	9	6.651	4.548	NA	0.31	NA	0	0
359	26	24	25.16	12.563	0	2	46	6.962	4.332	NA	0.31	NA	180	180
360	26	25	25.426	12.563	0	2	37	7.228	4.516	NA	0.266	NA	0	-180
361	26	26	25.382	12.43	0	2	18	7.368	4.581	NA	0.14	NA	-108.435	-108.435
362	26	27	25.604	12.386	0	2	46	7.594	4.767	NA	0.226	NA	-11.31	97.125
363	26	28	25.515	12.43	0	2	27	7.693	4.673	NA	0.099	NA	153.435	164.745
364	26	29	25.958	11.854	0	2	0	8.421	5.396	NA	0.727	NA	-52.431	154.134
365	26	30	26.003	11.277	0	2	18	8.999	5.855	NA	0.578	NA	-85.601	-33.17
366	27	1	21.168	14.16	0	2	0	0	0	NA	NA	NA	NA	NA
367	27	2	21.39	12.563	0	2	27	1.612	1.612	NA	1.612	NA	-82.093	NA
368	27	3	21.922	11.144	0	2	0	3.128	3.109	NA	1.516	NA	-69.444	12.649
369	27	4	22.188	10.612	0	2	0	3.723	3.692	NA	0.595	NA	-63.435	6.009
370	27	5	21.257	10.434	0	2	27	4.671	3.727	NA	0.948	NA	-169.216	-105.781
371	27	6	21.124	10.346	0	2	0	4.831	3.815	NA	0.16	NA	-146.31	22.906
372	28	1	18.196	17.309	0	2	46	0	0	NA	NA	NA	NA	NA
373	28	2	18.196	17.309	0	2	37	0	0	NA	0	NA	0	NA
374	28	3	18.551	17.442	0	2	18	0.379	0.379	NA	0.379	NA	20.556	20.556
375	28	4	18.374	17.487	0	2	27	0.562	0.251	NA	0.183	NA	165.964	145.408
376	28	5	18.241	17.62	0	2	0	0.75	0.314	NA	0.188	NA	135	-30.964
377	28	6	18.196	17.62	0	2	27	0.794	0.31	NA	0.044	NA	180	45
378	28	7	18.418	17.442	0	2	27	1.078	0.259	NA	0.284	NA	-38.66	141.34
379	28	8	18.463	17.575	0	2	0	1.219	0.376	NA	0.14	NA	71.565	110.225
380	28	9	18.64	17.398	0	2	18	1.47	0.452	NA	0.251	NA	-45	-116.565
381	28	10	18.551	17.398	0	2	9	1.558	0.366	NA	0.089	NA	180	-135
382	28	11	18.596	17.886	0	2	9	2.048	0.701	NA	0.49	NA	84.806	-95.194
383	29	1	9.769	21.434	0	2	9	0	0	NA	NA	NA	NA	NA
384	29	2	10.035	21.656	0	2	9	0.346	0.346	NA	0.346	NA	39.806	NA
385	29	3	9.991	21.612	0	2	0	0.409	0.284	NA	0.063	NA	-135	-174.806
386	29	4	9.725	21.612	0	2	9	0.675	0.183	NA	0.266	NA	180	-45
387	29	5	10.08	21.567	0	2	0	1.033	0.338	NA	0.358	NA	-7.125	172.875
388	29	6	9.813	22.632	0	2	9	2.13	1.198	NA	1.097	NA	104.036	111.161
389	29	7	9.725	22.765	0	2	37	2.29	1.331	NA	0.16	NA	123.69	19.654
390	29	8	9.813	22.765	0	2	9	2.379	1.331	NA	0.089	NA	0	-123.69
391	29	9	9.813	22.765	0	2	27	2.379	1.331	NA	0	NA	0	0
392	29	10	9.858	22.721	0	2	0	2.441	1.289	NA	0.063	NA	-45	-45
393	29	11	9.858	23.075	0	2	0	2.796	1.644	NA	0.355	NA	90	135
394	29	12	10.035	22.987	0	2	46	2.995	1.575	NA	0.198	NA	-26.565	-116.565
395	29	13	10.124	22.588	0	2	9	3.404	1.207	NA	0.409	NA	-77.471	-50.906
396	29	14	10.257	22.898	0	2	0	3.741	1.543	NA	0.338	NA	66.801	144.273
397	29	15	10.346	22.454	0	2	27	4.194	1.172	NA	0.452	NA	-78.69	-145.491
398	29	16	10.834	22.721	0	2	46	4.75	1.67	NA	0.556	NA	28.61	107.301
399	29	17	10.878	22.721	0	2	18	4.794	1.698	NA	0.044	NA	0	-28.61
400	29	18	10.745	22.144	0	2	9	5.386	1.207	NA	0.592	NA	-102.995	-102.995
401	29	19	10.922	22.366	0	2	27	5.67	1.482	NA	0.284	NA	51.34	154.335
402	29	20	11.277	22.543	0	2	0	6.066	1.872	NA	0.397	NA	26.565	-24.775
403	29	21	11.321	22.543	0	2	18	6.111	1.908	NA	0.044	NA	0	-26.565
404	29	22	10.834	22.721	0	2	9	6.63	1.67	NA	0.519	NA	160.017	160.017
405	29	23	10.922	22.942	0	2	0	6.869	1.898	NA	0.239	NA	68.199	-91.818
406	29	24	11.543	23.075	0	2	0	7.504	2.417	NA	0.635	NA	12.095	-56.104
407	30	1	24.672	12.342	0	2	9	0	0	NA	NA	NA	NA	NA
408	30	2	24.717	12.563	0	2	18	0.226	0.226	NA	0.226	NA	78.69	NA
409	30	3	24.717	12.563	0	2	0	0.226	0.226	NA	0	NA	0	-78.69
410	30	4	24.761	12.475	0	2	18	0.325	0.16	NA	0.099	NA	-63.435	-63.435
411	30	5	24.805	12.519	0	2	9	0.388	0.222	NA	0.063	NA	45	108.435
412	30	6	24.805	12.652	0	2	9	0.521	0.338	NA	0.133	NA	90	45
413	30	7	24.894	12.342	0	2	27	0.844	0.222	NA	0.323	NA	-74.055	-164.055
414	30	8	24.894	12.386	0	2	18	0.888	0.226	NA	0.044	NA	90	164.055
415	31	1	22.41	9.592	0	2	9	0	0	NA	NA	NA	NA	NA
416	31	2	22.676	9.725	0	2	0	0.298	0.298	NA	0.298	NA	26.565	NA
417	31	3	22.898	9.547	0	2	0	0.582	0.49	NA	0.284	NA	-38.66	-65.225
418	31	4	23.209	9.192	0	2	18	1.053	0.893	NA	0.471	NA	-48.814	-10.154
419	31	5	23.12	9.192	0	2	0	1.142	0.814	NA	0.089	NA	180	-131.186
420	31	6	23.12	9.192	0	2	0	1.142	0.814	NA	0	NA	0	-180
421	31	7	22.854	9.547	0	2	18	1.585	0.446	NA	0.444	NA	126.87	126.87
422	31	8	23.075	9.547	0	2	0	1.807	0.667	NA	0.222	NA	0	-126.87
423	31	9	22.854	9.37	0	2	0	2.091	0.496	NA	0.284	NA	-141.34	-141.34
424	31	10	23.031	9.37	0	2	9	2.268	0.659	NA	0.177	NA	0	141.34
425	31	11	23.164	9.237	0	2	0	2.457	0.833	NA	0.188	NA	-45	-45
426	31	12	23.563	9.015	0	2	27	2.913	1.289	NA	0.457	NA	-29.055	15.945
427	31	13	23.918	8.705	0	2	0	3.385	1.75	NA	0.471	NA	-41.186	-12.131
428	31	14	23.963	8.438	0	2	18	3.655	1.934	NA	0.27	NA	-80.538	-39.352
429	31	15	23.785	8.793	0	2	9	4.051	1.59	NA	0.397	NA	116.565	-162.897
430	31	16	23.696	8.527	0	2	18	4.332	1.67	NA	0.281	NA	-108.435	135
431	31	17	24.229	8.527	0	2	9	4.864	2.107	NA	0.532	NA	0	108.435
432	31	18	24.317	8.261	0	2	18	5.145	2.326	NA	0.281	NA	-71.565	-71.565
433	31	19	24.406	8.084	0	2	0	5.343	2.502	NA	0.198	NA	-63.435	8.13
434	32	1	24.983	12.209	0	2	9	0	0	NA	NA	NA	NA	NA
435	32	2	24.761	12.519	0	2	0	0.382	0.382	NA	0.382	NA	125.538	NA
436	32	3	24.805	12.519	0	2	9	0.426	0.358	NA	0.044	NA	0	-125.538
437	32	4	24.761	12.874	0	2	0	0.784	0.701	NA	0.358	NA	97.125	97.125
438	32	5	24.938	12.741	0	2	9	1.005	0.534	NA	0.222	NA	-36.87	-133.995
439	32	6	24.938	12.741	0	2	0	1.005	0.534	NA	0	NA	0	36.87
440	32	7	25.116	12.608	0	2	0	1.227	0.421	NA	0.222	NA	-36.87	-36.87
441	32	8	25.204	12.608	0	2	0	1.316	0.457	NA	0.089	NA	0	36.87
442	32	9	26.136	11.765	0	2	0	2.572	1.236	NA	1.256	NA	-42.138	-42.138
443	32	10	25.515	11.898	0	2	0	3.207	0.616	NA	0.635	NA	167.905	-149.957
444	32	11	25.604	12.031	0	2	9	3.367	0.646	NA	0.16	NA	56.31	-111.595
445	33	1	27.112	10.346	0	2	0	0	0	NA	NA	NA	NA	NA
446	33	2	26.092	11.055	0	2	0	1.243	1.243	NA	1.243	NA	145.176	NA
447	33	3	25.781	11.144	0	2	9	1.566	1.552	NA	0.323	NA	164.055	18.879
448	33	4	25.515	11.765	0	2	27	2.241	2.136	NA	0.676	NA	113.199	-50.856
449	33	5	25.071	11.898	0	2	9	2.704	2.564	NA	0.463	NA	163.301	50.102
450	33	6	25.293	11.854	0	2	9	2.93	2.362	NA	0.226	NA	-11.31	-174.611
451	33	7	25.781	11.588	0	2	0	3.486	1.82	NA	0.556	NA	-28.61	-17.301
452	33	8	25.515	11.543	0	2	0	3.756	1.996	NA	0.27	NA	-170.538	-141.927
453	33	9	25.559	11.1	0	2	0	4.202	1.726	NA	0.446	NA	-84.289	86.248
454	33	10	25.515	10.878	0	2	9	4.428	1.683	NA	0.226	NA	-101.31	-17.021
455	33	11	25.87	10.922	0	2	0	4.786	1.369	NA	0.358	NA	7.125	108.435
456	33	12	25.914	10.878	0	2	0	4.848	1.311	NA	0.063	NA	-45	-52.125
457	33	13	25.515	10.567	0	2	0	5.354	1.612	NA	0.506	NA	-142.125	-97.125
458	34	1	16.245	26.18	0	2	46	0	0	NA	NA	NA	NA	NA
459	34	2	16.067	26.934	0	2	37	0.775	0.775	NA	0.775	NA	103.241	NA
460	34	3	15.668	27.378	0	2	37	1.371	1.329	NA	0.597	NA	131.987	28.747
461	34	4	15.668	27.644	0	2	46	1.637	1.573	NA	0.266	NA	90	-41.987
