Nr	CID	TID	PID	x [micron]	y [micron]	t [sec]	c [idx]	I [val]	Len [micron]	D2S [micron]	D2R [micron]	D2P [micron]	v [micron/sec]	? [deg]	?? [deg]
1	1	1	1	8.682	18.15	0	2	139	0	0	NA	NA	NA	NA	NA
2	1	1	2	8.909	18.15	0	2	233	0.227	0.227	NA	0.227	NA	0	NA
3	1	1	3	8.758	17.847	0	2	149	0.566	0.312	NA	0.339	NA	-116.565	-116.565
4	1	1	4	8.834	17.847	0	2	111	0.642	0.339	NA	0.076	NA	0	116.565
5	1	1	5	8.834	17.923	0	2	149	0.717	0.273	NA	0.076	NA	90	90
6	1	1	6	8.909	17.847	0	2	93	0.825	0.379	NA	0.107	NA	-45	-135
7	1	1	7	9.629	17.544	0	2	139	1.605	1.124	NA	0.781	NA	-22.834	22.166
8	1	1	8	9.629	17.544	0	2	149	1.605	1.124	NA	0	NA	0	22.834
9	1	1	9	9.629	17.582	0	2	74	1.643	1.104	NA	0.038	NA	90	90
10	1	1	10	9.629	17.771	0	2	83	1.833	1.02	NA	0.189	NA	90	0
11	1	1	11	9.553	17.847	0	2	149	1.94	0.922	NA	0.107	NA	135	45
12	1	1	12	9.553	17.582	0	2	111	2.205	1.04	NA	0.265	NA	-90	135
13	1	1	13	9.667	17.582	0	2	158	2.318	1.137	NA	0.114	NA	0	90
14	1	1	14	9.78	17.62	0	2	205	2.438	1.22	NA	0.12	NA	18.435	18.435
15	1	1	15	9.818	17.544	0	2	130	2.523	1.288	NA	0.085	NA	-63.435	-81.87
16	1	1	16	9.818	17.468	0	2	121	2.599	1.325	NA	0.076	NA	-90	-26.565
17	1	1	17	10.083	17.468	0	2	93	2.864	1.558	NA	0.265	NA	0	90
18	1	1	18	10.5	17.43	0	2	83	3.282	1.955	NA	0.418	NA	-5.194	-5.194
19	1	1	19	10.5	17.43	0	2	130	3.282	1.955	NA	0	NA	0	5.194
20	1	1	20	10.5	17.279	0	2	102	3.433	2.016	NA	0.151	NA	-90	-90
21	1	1	21	10.462	17.241	0	2	102	3.487	1.999	NA	0.054	NA	-135	-45
22	1	1	22	10.424	17.241	0	2	83	3.525	1.965	NA	0.038	NA	180	-45
23	1	1	23	10.273	17.582	0	2	74	3.898	1.689	NA	0.373	NA	113.962	-66.038
24	1	1	24	10.159	17.847	0	2	93	4.186	1.508	NA	0.288	NA	113.199	-0.764
25	1	1	25	10.045	17.809	0	2	74	4.306	1.405	NA	0.12	NA	-161.565	85.236
26	1	1	26	9.439	18.036	0	2	121	4.953	0.766	NA	0.647	NA	159.444	-38.991
27	1	1	27	9.439	18.15	0	2	111	5.067	0.757	NA	0.114	NA	90	-69.444
28	1	1	28	9.364	18.112	0	2	37	5.151	0.683	NA	0.085	NA	-153.435	116.565
29	1	1	29	9.288	18.112	0	2	93	5.227	0.607	NA	0.076	NA	180	-26.565
30	1	1	30	9.25	18.074	0	2	55	5.281	0.573	NA	0.054	NA	-135	45
31	1	1	31	9.25	18.15	0	2	65	5.357	0.568	NA	0.076	NA	90	-135
32	1	1	32	9.25	18.15	0	2	55	5.357	0.568	NA	0	NA	0	-90
33	1	1	33	9.174	18.226	0	2	93	5.464	0.498	NA	0.107	NA	135	135
34	1	1	34	9.023	18.226	0	2	83	5.615	0.349	NA	0.151	NA	180	45
35	1	1	35	9.061	18.301	0	2	55	5.7	0.408	NA	0.085	NA	63.435	-116.565
36	1	1	36	9.061	18.301	0	2	111	5.7	0.408	NA	0	NA	0	-63.435
37	1	1	37	8.455	18.718	0	2	83	6.435	0.612	NA	0.735	NA	145.491	145.491
38	1	1	38	8.455	18.718	0	2	65	6.435	0.612	NA	0	NA	0	-145.491
39	1	1	39	8.417	18.718	0	2	65	6.473	0.627	NA	0.038	NA	180	180
40	1	1	40	8.531	18.756	0	2	83	6.593	0.625	NA	0.12	NA	18.435	-161.565
41	1	1	41	8.606	18.756	0	2	9	6.669	0.611	NA	0.076	NA	0	-18.435
42	1	1	42	8.606	18.756	0	2	130	6.669	0.611	NA	0	NA	0	0
43	1	1	43	8.493	18.907	0	2	93	6.858	0.781	NA	0.189	NA	126.87	126.87
44	1	1	44	8.417	18.907	0	2	83	6.934	0.802	NA	0.076	NA	180	53.13
45	1	1	45	8.341	18.907	0	2	55	7.009	0.831	NA	0.076	NA	180	0
46	1	1	46	8.303	18.945	0	2	83	7.063	0.881	NA	0.054	NA	135	-45
47	1	1	47	8.303	19.021	0	2	83	7.139	0.95	NA	0.076	NA	90	-45
48	1	1	48	8.303	19.097	0	2	46	7.214	1.02	NA	0.076	NA	90	0
49	1	1	49	8.19	19.135	0	2	55	7.334	1.101	NA	0.12	NA	161.565	71.565
50	1	1	50	8.19	19.172	0	2	46	7.372	1.135	NA	0.038	NA	90	-71.565
51	1	2	1	12.999	14.704	0	2	167	0	0	NA	NA	NA	NA	NA
52	1	2	2	12.015	15.007	0	2	93	1.03	1.03	NA	1.03	NA	162.897	NA
53	1	2	3	11.522	15.613	0	2	233	1.811	1.734	NA	0.781	NA	129.094	-33.803
54	1	2	4	11.295	15.84	0	2	121	2.132	2.048	NA	0.321	NA	135	5.906
55	1	2	5	11.106	15.764	0	2	177	2.336	2.17	NA	0.204	NA	-158.199	66.801
56	1	2	6	11.295	15.764	0	2	130	2.526	2.007	NA	0.189	NA	0	158.199
57	1	2	7	11.219	15.84	0	2	83	2.633	2.112	NA	0.107	NA	135	135
58	1	2	8	11.182	15.726	0	2	102	2.752	2.086	NA	0.12	NA	-108.435	116.565
59	1	2	9	11.182	15.575	0	2	139	2.904	2.016	NA	0.151	NA	-90	18.435
60	1	2	10	11.144	15.688	0	2	93	3.024	2.101	NA	0.12	NA	108.435	-161.565
61	1	2	11	11.257	15.082	0	2	37	3.64	1.783	NA	0.617	NA	-79.38	172.185
62	1	2	12	11.409	15.082	0	2	55	3.792	1.635	NA	0.151	NA	0	79.38
63	1	2	13	11.485	15.158	0	2	93	3.899	1.582	NA	0.107	NA	45	45
64	1	2	14	11.333	15.196	0	2	65	4.055	1.738	NA	0.156	NA	165.964	120.964
65	1	2	15	11.257	15.234	0	2	74	4.14	1.821	NA	0.085	NA	153.435	-12.529
66	1	2	16	11.257	15.044	0	2	46	4.329	1.775	NA	0.189	NA	-90	116.565
67	1	3	1	16.332	16.824	0	2	149	0	0	NA	NA	NA	NA	NA
68	1	3	2	16.067	16.749	0	2	130	0.276	0.276	NA	0.276	NA	-164.055	NA
69	1	3	3	16.256	16.597	0	2	74	0.518	0.24	NA	0.242	NA	-38.66	125.395
70	1	3	4	16.143	16.559	0	2	121	0.638	0.326	NA	0.12	NA	-161.565	-122.905
71	1	3	5	16.105	16.559	0	2	93	0.676	0.349	NA	0.038	NA	180	-18.435
72	1	3	6	16.37	16.559	0	2	177	0.941	0.268	NA	0.265	NA	0	-180
73	1	3	7	16.484	16.521	0	2	158	1.061	0.339	NA	0.12	NA	-18.435	-18.435
74	1	3	8	16.484	16.484	0	2	121	1.099	0.373	NA	0.038	NA	-90	-71.565
75	1	3	9	15.423	15.726	0	2	167	2.402	1.426	NA	1.303	NA	-144.462	-54.462
76	1	3	10	14.741	15.764	0	2	102	3.084	1.912	NA	0.683	NA	176.82	-38.718
77	1	3	11	14.855	15.764	0	2	149	3.198	1.818	NA	0.114	NA	0	-176.82
78	1	3	12	14.931	15.764	0	2	111	3.274	1.757	NA	0.076	NA	0	0
79	1	3	13	14.893	15.764	0	2	149	3.312	1.788	NA	0.038	NA	180	180
80	1	3	14	15.007	15.84	0	2	149	3.448	1.651	NA	0.137	NA	33.69	-146.31
81	1	3	15	15.347	15.84	0	2	130	3.789	1.393	NA	0.341	NA	0	-33.69
82	1	3	16	15.347	15.84	0	2	121	3.789	1.393	NA	0	NA	0	0
83	1	3	17	15.423	15.84	0	2	102	3.865	1.34	NA	0.076	NA	0	0
84	1	3	18	15.423	15.84	0	2	130	3.865	1.34	NA	0	NA	0	0
85	1	3	19	15.423	16.332	0	2	121	4.357	1.034	NA	0.492	NA	90	90
86	1	3	20	15.613	16.332	0	2	83	4.546	0.872	NA	0.189	NA	0	-90
87	1	3	21	15.31	16.256	0	2	55	4.859	1.17	NA	0.312	NA	-165.964	-165.964
88	1	3	22	15.916	16.218	0	2	93	5.466	0.735	NA	0.607	NA	-3.576	162.387
89	1	3	23	15.726	16.446	0	2	102	5.762	0.715	NA	0.296	NA	129.806	133.382
90	1	3	24	15.878	16.37	0	2	102	5.931	0.643	NA	0.169	NA	-26.565	-156.371
91	1	3	25	15.802	16.37	0	2	83	6.007	0.698	NA	0.076	NA	180	-153.435
92	1	3	26	16.029	16.37	0	2	83	6.234	0.546	NA	0.227	NA	0	-180
93	1	3	27	16.067	16.484	0	2	55	6.354	0.432	NA	0.12	NA	71.565	71.565
94	1	3	28	16.446	16.559	0	2	46	6.74	0.288	NA	0.386	NA	11.31	-60.255
95	1	3	29	16.181	16.332	0	2	46	7.089	0.515	NA	0.349	NA	-139.399	-150.709
96	1	3	30	16.294	16.408	0	2	55	7.226	0.418	NA	0.137	NA	33.69	173.089
97	1	3	31	16.181	16.294	0	2	55	7.386	0.551	NA	0.161	NA	-135	-168.69
98	1	3	32	16.294	16.446	0	2	55	7.576	0.381	NA	0.189	NA	53.13	-171.87
99	1	3	33	16.256	16.37	0	2	74	7.66	0.461	NA	0.085	NA	-116.565	-169.695
100	1	3	34	16.408	16.408	0	2	55	7.817	0.423	NA	0.156	NA	14.036	130.601
101	1	3	35	15.953	16.521	0	2	102	8.285	0.485	NA	0.468	NA	165.964	151.928
102	1	3	36	15.726	16.559	0	2	83	8.515	0.661	NA	0.23	NA	170.538	4.574
103	1	3	37	15.84	16.559	0	2	55	8.629	0.559	NA	0.114	NA	0	-170.538
104	1	3	38	15.613	16.559	0	2	46	8.856	0.767	NA	0.227	NA	180	180
105	1	3	39	16.749	16.559	0	2	55	9.992	0.494	NA	1.136	NA	0	-180
106	1	3	40	16.749	16.597	0	2	27	10.03	0.475	NA	0.038	NA	90	90
107	1	3	41	16.446	16.824	0	2	83	10.409	0.114	NA	0.379	NA	143.13	53.13
108	1	3	42	16.862	16.484	0	2	74	10.947	0.63	NA	0.538	NA	-39.289	177.58
109	1	3	43	16.749	16.597	0	2	46	11.108	0.475	NA	0.161	NA	135	174.289
110	1	4	1	15.234	16.711	0	2	205	0	0	NA	NA	NA	NA	NA
111	1	4	2	14.136	16.749	0	2	233	1.099	1.099	NA	1.099	NA	178.025	NA
112	1	4	3	12.999	16.181	0	2	177	2.369	2.296	NA	1.27	NA	-153.435	28.54
113	1	4	4	13.908	14.514	0	2	195	4.267	2.565	NA	1.898	NA	-61.39	92.045
114	1	4	5	13.53	13.265	0	2	195	5.573	3.845	NA	1.306	NA	-106.858	-45.469
115	1	4	6	13.416	12.356	0	2	205	6.489	4.719	NA	0.916	NA	-97.125	9.733
116	1	4	7	13.416	12.204	0	2	83	6.641	4.86	NA	0.151	NA	-90	7.125
117	1	4	8	13.227	11.409	0	2	83	7.458	5.669	NA	0.818	NA	-103.392	-13.392
118	1	4	9	13.189	11.485	0	2	46	7.543	5.612	NA	0.085	NA	116.565	-140.042
119	1	5	1	13.075	16.824	0	2	74	0	0	NA	NA	NA	NA	NA
120	1	5	2	13.037	16.976	0	2	46	0.156	0.156	NA	0.156	NA	104.036	NA
121	1	5	3	13.075	16.9	0	2	55	0.241	0.076	NA	0.085	NA	-63.435	-167.471
122	1	5	4	13.492	16.9	0	2	55	0.657	0.423	NA	0.417	NA	0	63.435
123	1	5	5	13.567	16.787	0	2	46	0.794	0.494	NA	0.137	NA	-56.31	-56.31
124	1	5	6	13.567	16.711	0	2	111	0.87	0.505	NA	0.076	NA	-90	-33.69
125	1	5	7	13.681	16.711	0	2	65	0.983	0.617	NA	0.114	NA	0	90
126	1	5	8	13.681	16.635	0	2	65	1.059	0.635	NA	0.076	NA	-90	-90
127	1	5	9	13.719	16.711	0	2	111	1.144	0.654	NA	0.085	NA	63.435	153.435
128	1	5	10	13.795	16.787	0	2	46	1.251	0.721	NA	0.107	NA	45	-18.435
129	1	5	11	13.719	16.9	0	2	102	1.387	0.648	NA	0.137	NA	123.69	78.69
130	1	5	12	13.719	16.9	0	2	83	1.387	0.648	NA	0	NA	0	-123.69
131	1	5	13	13.946	16.938	0	2	111	1.618	0.878	NA	0.23	NA	9.462	9.462
132	1	5	14	13.946	17.014	0	2	74	1.694	0.891	NA	0.076	NA	90	80.538
133	1	5	15	14.022	16.976	0	2	83	1.778	0.959	NA	0.085	NA	-26.565	-116.565
134	1	6	1	16.824	14.287	0	2	65	0	0	NA	NA	NA	NA	NA
135	1	6	2	16.9	14.287	0	2	37	0.076	0.076	NA	0.076	NA	0	NA
136	1	6	3	16.711	14.439	0	2	65	0.318	0.189	NA	0.242	NA	141.34	141.34
137	1	6	4	16.408	14.476	0	2	93	0.624	0.458	NA	0.305	NA	172.875	31.535
138	1	6	5	16.408	14.439	0	2	37	0.661	0.443	NA	0.038	NA	-90	97.125
139	1	6	6	15.84	14.287	0	2	65	1.249	0.985	NA	0.588	NA	-165.069	-75.069
140	1	6	7	15.347	14.59	0	2	74	1.827	1.508	NA	0.578	NA	148.392	-46.539
141	1	6	8	15.12	14.704	0	2	55	2.081	1.754	NA	0.254	NA	153.435	5.042
142	1	6	9	14.666	14.779	0	2	74	2.542	2.214	NA	0.461	NA	170.538	17.103
143	1	6	10	14.287	15.158	0	2	65	3.078	2.683	NA	0.536	NA	135	-35.538
144	1	6	11	14.59	14.779	0	2	102	3.563	2.288	NA	0.485	NA	-51.34	173.66
145	1	6	12	14.855	14.741	0	2	55	3.831	2.021	NA	0.268	NA	-8.13	43.21
146	1	7	1	17.165	13.454	0	2	130	0	0	NA	NA	NA	NA	NA
147	1	7	2	17.355	13.416	0	2	130	0.193	0.193	NA	0.193	NA	-11.31	NA
148	1	7	3	17.165	13.454	0	2	149	0.386	0	NA	0.193	NA	168.69	180
149	1	7	4	16.824	13.567	0	2	167	0.745	0.359	NA	0.359	NA	161.565	-7.125
150	1	7	5	16.521	13.643	0	2	255	1.058	0.671	NA	0.312	NA	165.964	4.399
151	1	7	6	16.332	13.681	0	2	102	1.251	0.864	NA	0.193	NA	168.69	2.726
152	1	7	7	16.597	12.128	0	2	93	2.826	1.442	NA	1.575	NA	-80.311	110.999
153	1	7	8	16.862	11.219	0	2	55	3.773	2.255	NA	0.947	NA	-73.74	6.571
154	1	8	1	17.127	12.431	0	2	46	0	0	NA	NA	NA	NA	NA
155	1	8	2	16.181	12.924	0	2	83	1.067	1.067	NA	1.067	NA	152.526	NA
156	1	8	3	15.726	13.567	0	2	158	1.855	1.804	NA	0.788	NA	125.218	-27.308
157	1	8	4	15.234	13.416	0	2	83	2.37	2.134	NA	0.515	NA	-162.897	71.885
158	1	8	5	15.802	13.265	0	2	158	2.958	1.566	NA	0.588	NA	-14.931	147.966
159	1	8	6	16.218	13.189	0	2	121	3.382	1.183	NA	0.423	NA	-10.305	4.627
160	1	8	7	16.067	12.848	0	2	55	3.755	1.139	NA	0.373	NA	-113.962	-103.658
161	1	8	8	16.446	11.825	0	2	102	4.845	0.912	NA	1.09	NA	-69.677	44.286
162	1	9	1	13.908	12.734	0	2	55	0	0	NA	NA	NA	NA	NA
163	1	9	2	13.87	12.734	0	2	130	0.038	0.038	NA	0.038	NA	180	NA
164	1	9	3	14.06	12.734	0	2	93	0.227	0.151	NA	0.189	NA	0	-180
165	1	9	4	14.06	12.734	0	2	83	0.227	0.151	NA	0	NA	0	0
166	1	9	5	14.06	12.734	0	2	74	0.227	0.151	NA	0	NA	0	0
167	1	9	6	14.136	12.924	0	2	74	0.431	0.296	NA	0.204	NA	68.199	68.199
168	1	9	7	14.439	13.189	0	2	55	0.834	0.698	NA	0.403	NA	41.186	-27.013
169	1	9	8	14.552	13.075	0	2	46	0.994	0.728	NA	0.161	NA	-45	-86.186
170	1	9	9	14.704	12.962	0	2	27	1.184	0.827	NA	0.189	NA	-36.87	8.13
171	1	9	10	14.476	13.302	0	2	65	1.593	0.803	NA	0.41	NA	123.69	160.56
172	1	9	11	14.779	13.454	0	2	37	1.932	1.13	NA	0.339	NA	26.565	-97.125
173	1	9	12	14.931	13.227	0	2	55	2.205	1.135	NA	0.273	NA	-56.31	-82.875
174	1	10	1	19.703	7.962	0	2	27	0	0	NA	NA	NA	NA	NA
175	1	10	2	19.589	8.985	0	2	65	1.029	1.029	NA	1.029	NA	96.34	NA
176	1	10	3	19.438	9.288	0	2	46	1.368	1.352	NA	0.339	NA	116.565	20.225
177	1	10	4	18.377	9.439	0	2	83	2.439	1.985	NA	1.071	NA	171.87	55.305
178	1	10	5	18.339	10.008	0	2	102	3.008	2.458	NA	0.569	NA	93.814	-78.056
179	1	10	6	18.264	10.5	0	2	111	3.506	2.917	NA	0.498	NA	98.746	4.932
180	1	10	7	18.264	10.5	0	2	83	3.506	2.917	NA	0	NA	0	-98.746
181	1	10	8	18.264	10.348	0	2	55	3.658	2.786	NA	0.151	NA	-90	-90
182	1	10	9	18.377	10.5	0	2	65	3.847	2.863	NA	0.189	NA	53.13	143.13
183	1	10	10	18.415	10.424	0	2	65	3.932	2.778	NA	0.085	NA	-63.435	-116.565
184	1	10	11	18.074	10.235	0	2	111	4.322	2.796	NA	0.39	NA	-150.945	-87.51
185	1	10	12	18.301	9.894	0	2	74	4.731	2.386	NA	0.41	NA	-56.31	94.635
186	1	10	13	18.074	10.159	0	2	121	5.08	2.734	NA	0.349	NA	130.601	-173.089
187	1	10	14	18.415	9.818	0	2	121	5.562	2.259	NA	0.482	NA	-45	-175.601
188	1	10	15	18.377	10.159	0	2	83	5.905	2.565	NA	0.343	NA	96.34	141.34
189	1	10	16	18.529	9.515	0	2	167	6.567	1.947	NA	0.661	NA	-76.759	-173.1
190	1	10	17	18.529	8.796	0	2	74	7.286	1.44	NA	0.72	NA	-90	-13.241
191	1	11	1	15.575	9.932	0	2	223	0	0	NA	NA	NA	NA	NA
192	1	11	2	15.575	9.932	0	2	158	0	0	NA	0	NA	0	NA
193	1	11	3	15.575	9.932	0	2	139	0	0	NA	0	NA	0	0
194	1	11	4	15.537	9.818	0	2	251	0.12	0.12	NA	0.12	NA	-108.435	-108.435
195	1	11	5	15.537	9.818	0	2	111	0.12	0.12	NA	0	NA	0	108.435
196	1	11	6	15.575	10.045	0	2	205	0.35	0.114	NA	0.23	NA	80.538	80.538
197	1	11	7	15.575	10.045	0	2	223	0.35	0.114	NA	0	NA	0	-80.538
198	1	11	8	15.575	10.045	0	2	158	0.35	0.114	NA	0	NA	0	0
199	1	11	9	15.878	10.083	0	2	214	0.655	0.339	NA	0.305	NA	7.125	7.125
200	1	11	10	16.067	9.932	0	2	158	0.898	0.492	NA	0.242	NA	-38.66	-45.785
201	1	11	11	16.067	9.932	0	2	149	0.898	0.492	NA	0	NA	0	38.66
202	1	11	12	15.991	9.856	0	2	139	1.005	0.423	NA	0.107	NA	-135	-135
203	1	11	13	16.446	9.705	0	2	205	1.484	0.9	NA	0.479	NA	-18.435	116.565
204	1	11	14	17.393	8.909	0	2	139	2.721	2.086	NA	1.236	NA	-40.03	-21.595
205	1	11	15	17.658	8.985	0	2	139	2.996	2.288	NA	0.276	NA	15.945	55.976
206	1	11	16	17.544	8.871	0	2	93	3.157	2.237	NA	0.161	NA	-135	-150.945
207	1	11	17	17.506	9.288	0	2	158	3.575	2.036	NA	0.418	NA	95.194	-129.806
208	1	12	1	16.559	10.5	0	2	242	0	0	NA	NA	NA	NA	NA
209	1	12	2	17.052	10.121	0	2	93	0.621	0.621	NA	0.621	NA	-37.569	NA
210	1	12	3	17.165	10.235	0	2	139	0.782	0.661	NA	0.161	NA	45	82.569
211	1	12	4	17.165	10.235	0	2	167	0.782	0.661	NA	0	NA	0	-45
212	1	12	5	17.317	10.235	0	2	186	0.933	0.802	NA	0.151	NA	0	0
213	1	12	6	17.355	10.159	0	2	242	1.018	0.865	NA	0.085	NA	-63.435	-63.435
214	1	12	7	17.317	10.197	0	2	233	1.072	0.816	NA	0.054	NA	135	-161.565
215	1	12	8	17.317	10.197	0	2	186	1.072	0.816	NA	0	NA	0	-135
216	1	12	9	17.544	10.121	0	2	205	1.311	1.055	NA	0.24	NA	-18.435	-18.435
217	1	12	10	17.052	10.159	0	2	233	1.805	0.599	NA	0.494	NA	175.601	-165.964
218	1	12	11	17.127	10.159	0	2	158	1.881	0.662	NA	0.076	NA	0	-175.601
219	1	12	12	17.127	10.159	0	2	214	1.881	0.662	NA	0	NA	0	0
220	1	12	13	17.203	10.197	0	2	186	1.965	0.712	NA	0.085	NA	26.565	26.565
221	1	12	14	17.241	10.273	0	2	139	2.05	0.719	NA	0.085	NA	63.435	36.87
222	1	12	15	17.203	10.273	0	2	177	2.088	0.683	NA	0.038	NA	180	116.565
223	1	12	16	17.317	10.121	0	2	130	2.277	0.847	NA	0.189	NA	-53.13	126.87
224	1	12	17	17.165	10.159	0	2	167	2.433	0.695	NA	0.156	NA	165.964	-140.906
225	1	12	18	17.127	9.78	0	2	102	2.814	0.917	NA	0.381	NA	-95.711	98.326
226	1	12	19	16.976	9.894	0	2	233	3.003	0.735	NA	0.189	NA	143.13	-121.159
227	1	12	20	17.09	9.477	0	2	93	3.435	1.152	NA	0.432	NA	-74.745	142.125
228	1	12	21	17.052	9.553	0	2	186	3.52	1.067	NA	0.085	NA	116.565	-168.69
229	1	12	22	17.09	9.591	0	2	121	3.573	1.052	NA	0.054	NA	45	-71.565
230	1	12	23	17.317	9.591	0	2	158	3.801	1.183	NA	0.227	NA	0	-45
231	1	12	24	17.809	9.477	0	2	74	4.306	1.615	NA	0.505	NA	-12.995	-12.995
232	1	13	1	17.393	7.091	0	2	177	0	0	NA	NA	NA	NA	NA
233	1	13	2	17.43	7.091	0	2	102	0.038	0.038	NA	0.038	NA	0	NA
234	1	13	3	17.43	7.091	0	2	139	0.038	0.038	NA	0	NA	0	0
235	1	13	4	17.506	7.281	0	2	111	0.242	0.221	NA	0.204	NA	68.199	68.199
236	1	13	5	17.62	7.811	0	2	55	0.784	0.755	NA	0.542	NA	77.905	9.707
237	1	13	6	17.62	7.849	0	2	93	0.822	0.791	NA	0.038	NA	90	12.095
238	1	13	7	17.695	7.811	0	2	167	0.907	0.781	NA	0.085	NA	-26.565	-116.565
239	1	13	8	17.885	7.811	0	2	130	1.096	0.872	NA	0.189	NA	0	26.565
240	1	13	9	17.998	7.735	0	2	149	1.233	0.884	NA	0.137	NA	-33.69	-33.69
241	1	13	10	17.961	7.697	0	2	102	1.286	0.831	NA	0.054	NA	-135	-101.31
242	1	13	11	18.226	7.849	0	2	83	1.591	1.126	NA	0.305	NA	29.745	164.745
243	1	13	12	18.226	7.849	0	2	111	1.591	1.126	NA	0	NA	0	-29.745
244	1	13	13	18.226	7.849	0	2	46	1.591	1.126	NA	0	NA	0	0
245	1	13	14	18.15	7.811	0	2	139	1.676	1.045	NA	0.085	NA	-153.435	-153.435
246	1	13	15	18.15	7.811	0	2	102	1.676	1.045	NA	0	NA	0	153.435
247	1	13	16	18.301	7.546	0	2	130	1.981	1.016	NA	0.305	NA	-60.255	-60.255
248	1	13	17	18.339	7.546	0	2	102	2.019	1.05	NA	0.038	NA	0	60.255
249	1	13	18	17.695	7.925	0	2	93	2.766	0.887	NA	0.747	NA	149.534	149.534
250	1	13	19	17.695	7.962	0	2	93	2.804	0.922	NA	0.038	NA	90	-59.534
251	1	13	20	17.695	8.341	0	2	111	3.183	1.286	NA	0.379	NA	90	0
252	1	13	21	17.695	8.341	0	2	65	3.183	1.286	NA	0	NA	0	-90
253	1	13	22	17.771	8.379	0	2	111	3.268	1.342	NA	0.085	NA	26.565	26.565
254	1	13	23	17.695	8.303	0	2	102	3.375	1.249	NA	0.107	NA	-135	-161.565
255	1	13	24	17.923	8.076	0	2	149	3.696	1.118	NA	0.321	NA	-45	90
256	1	13	25	18.036	8	0	2	93	3.833	1.114	NA	0.137	NA	-33.69	11.31
257	1	13	26	18.377	8.038	0	2	65	4.175	1.366	NA	0.343	NA	6.34	40.03
258	1	13	27	18.453	7.66	0	2	121	4.562	1.203	NA	0.386	NA	-78.69	-85.03
259	1	13	28	17.923	8.152	0	2	111	5.285	1.186	NA	0.724	NA	137.121	-144.189
260	1	14	1	16.597	13.567	0	2	37	0	0	NA	NA	NA	NA	NA
261	1	14	2	16.787	12.999	0	2	65	0.599	0.599	NA	0.599	NA	-71.565	NA
262	1	14	3	16.787	12.356	0	2	46	1.243	1.227	NA	0.644	NA	-90	-18.435
263	1	14	4	17.241	12.356	0	2	55	1.697	1.372	NA	0.454	NA	0	90
264	1	14	5	17.09	12.166	0	2	46	1.94	1.485	NA	0.242	NA	-128.66	-128.66
265	1	14	6	17.09	12.28	0	2	93	2.053	1.379	NA	0.114	NA	90	-141.34
266	1	14	7	17.279	12.166	0	2	93	2.274	1.558	NA	0.221	NA	-30.964	-120.964
267	1	14	8	17.052	12.166	0	2	102	2.501	1.473	NA	0.227	NA	180	-149.036
268	1	14	9	16.673	11.901	0	2	93	2.964	1.668	NA	0.462	NA	-145.008	34.992
269	1	14	10	16.029	12.053	0	2	74	3.625	1.618	NA	0.661	NA	166.759	-48.233
270	1	15	1	13.151	14.704	0	2	121	0	0	NA	NA	NA	NA	NA
271	1	15	2	13.416	14.704	0	2	83	0.265	0.265	NA	0.265	NA	0	NA
272	1	15	3	13.416	14.704	0	2	65	0.265	0.265	NA	0	NA	0	0
273	1	15	4	13.567	14.704	0	2	93	0.417	0.417	NA	0.151	NA	0	0
274	1	15	5	13.34	15.007	0	2	121	0.795	0.357	NA	0.379	NA	126.87	126.87
275	1	15	6	13.719	14.628	0	2	121	1.331	0.573	NA	0.536	NA	-45	-171.87
276	1	15	7	13.53	14.741	0	2	93	1.552	0.381	NA	0.221	NA	149.036	-165.964
277	1	15	8	13.53	14.741	0	2	93	1.552	0.381	NA	0	NA	0	-149.036
278	1	15	9	13.53	14.855	0	2	46	1.665	0.408	NA	0.114	NA	90	90
279	1	15	10	13.53	14.855	0	2	93	1.665	0.408	NA	0	NA	0	-90
280	1	15	11	13.53	14.855	0	2	74	1.665	0.408	NA	0	NA	0	0
281	1	15	12	13.53	14.704	0	2	130	1.817	0.379	NA	0.151	NA	-90	-90
282	1	15	13	13.605	14.514	0	2	93	2.021	0.492	NA	0.204	NA	-68.199	21.801
283	1	15	14	13.643	14.173	0	2	102	2.364	0.724	NA	0.343	NA	-83.66	-15.461
284	1	15	15	13.795	13.908	0	2	102	2.669	1.023	NA	0.305	NA	-60.255	23.405
285	1	15	16	13.795	13.908	0	2	46	2.669	1.023	NA	0	NA	0	60.255
286	1	15	17	13.719	13.87	0	2	74	2.754	1.008	NA	0.085	NA	-153.435	-153.435
287	1	15	18	13.719	13.87	0	2	121	2.754	1.008	NA	0	NA	0	153.435
288	1	15	19	13.757	14.173	0	2	37	3.059	0.805	NA	0.305	NA	82.875	82.875
289	1	15	20	13.416	14.211	0	2	121	3.402	0.559	NA	0.343	NA	173.66	90.785
290	1	15	21	13.643	14.173	0	2	111	3.632	0.724	NA	0.23	NA	-9.462	176.878
291	1	15	22	13.567	14.022	0	2	93	3.802	0.799	NA	0.169	NA	-116.565	-107.103
292	1	15	23	13.567	14.022	0	2	83	3.802	0.799	NA	0	NA	0	116.565
293	1	15	24	13.567	14.022	0	2	55	3.802	0.799	NA	0	NA	0	0
294	1	15	25	13.416	13.757	0	2	139	4.107	0.983	NA	0.305	NA	-119.745	-119.745
295	1	15	26	13.416	13.719	0	2	111	4.145	1.02	NA	0.038	NA	-90	29.745
296	1	15	27	13.416	13.984	0	2	65	4.41	0.767	NA	0.265	NA	90	180
297	1	15	28	13.567	13.833	0	2	102	4.624	0.966	NA	0.214	NA	-45	-135
298	1	15	29	13.53	14.098	0	2	46	4.892	0.715	NA	0.268	NA	98.13	143.13
299	1	16	1	13.567	12.015	0	2	130	0	0	NA	NA	NA	NA	NA
300	1	16	2	13.567	12.015	0	2	83	0	0	NA	0	NA	0	NA
301	1	16	3	13.567	12.015	0	2	149	0	0	NA	0	NA	0	0
302	1	16	4	13.681	12.015	0	2	111	0.114	0.114	NA	0.114	NA	0	0
303	1	16	5	13.605	12.015	0	2	55	0.189	0.038	NA	0.076	NA	180	180
304	1	16	6	13.567	11.788	0	2	65	0.42	0.227	NA	0.23	NA	-99.462	80.538
305	1	16	7	13.605	11.712	0	2	55	0.504	0.305	NA	0.085	NA	-63.435	36.027
306	1	16	8	13.795	11.636	0	2	93	0.708	0.442	NA	0.204	NA	-21.801	41.634
307	1	16	9	13.946	11.636	0	2	65	0.86	0.536	NA	0.151	NA	0	21.801
308	1	16	10	13.946	11.636	0	2	195	0.86	0.536	NA	0	NA	0	0
309	1	16	11	14.022	11.636	0	2	121	0.936	0.592	NA	0.076	NA	0	0
310	1	16	12	13.87	11.636	0	2	111	1.087	0.485	NA	0.151	NA	180	180
311	1	16	13	13.833	11.712	0	2	130	1.172	0.403	NA	0.085	NA	116.565	-63.435
312	1	16	14	13.908	11.674	0	2	74	1.256	0.482	NA	0.085	NA	-26.565	-143.13
313	1	16	15	14.249	11.598	0	2	93	1.606	0.799	NA	0.349	NA	-12.529	14.036
314	1	16	16	14.173	11.598	0	2	149	1.681	0.735	NA	0.076	NA	180	-167.471
315	1	16	17	14.173	11.598	0	2	149	1.681	0.735	NA	0	NA	0	-180
316	1	16	18	13.833	11.712	0	2	102	2.041	0.403	NA	0.359	NA	161.565	161.565
317	1	16	19	13.908	11.75	0	2	177	2.125	0.432	NA	0.085	NA	26.565	-135
318	1	16	20	13.908	11.788	0	2	139	2.163	0.41	NA	0.038	NA	90	63.435
319	1	16	21	13.946	11.825	0	2	149	2.217	0.423	NA	0.054	NA	45	-45
320	1	16	22	13.946	11.863	0	2	102	2.255	0.408	NA	0.038	NA	90	45
321	1	16	23	14.06	11.825	0	2	121	2.374	0.527	NA	0.12	NA	-18.435	-108.435
322	1	16	24	13.833	11.825	0	2	121	2.602	0.326	NA	0.227	NA	180	-161.565
323	1	16	25	13.833	11.825	0	2	102	2.602	0.326	NA	0	NA	0	-180
324	1	17	1	15.347	12.28	0	2	102	0	0	NA	NA	NA	NA	NA
325	1	17	2	15.12	12.659	0	2	55	0.442	0.442	NA	0.442	NA	120.964	NA
326	1	17	3	14.969	12.583	0	2	83	0.611	0.485	NA	0.169	NA	-153.435	85.601
327	1	17	4	14.855	12.583	0	2	37	0.725	0.578	NA	0.114	NA	180	-26.565
328	1	17	5	14.855	12.583	0	2	83	0.725	0.578	NA	0	NA	0	-180
329	1	17	6	14.855	12.583	0	2	121	0.725	0.578	NA	0	NA	0	0
330	1	18	1	15.613	11.522	0	2	65	0	0	NA	NA	NA	NA	NA
331	1	18	2	15.878	11.636	0	2	55	0.288	0.288	NA	0.288	NA	23.199	NA
332	1	18	3	15.878	11.863	0	2	93	0.516	0.432	NA	0.227	NA	90	66.801
333	1	18	4	15.802	11.788	0	2	65	0.623	0.326	NA	0.107	NA	-135	135
334	1	18	5	15.726	11.788	0	2	65	0.699	0.288	NA	0.076	NA	180	-45
335	1	18	6	15.916	11.522	0	2	121	1.024	0.303	NA	0.326	NA	-54.462	125.538
336	1	18	7	15.953	11.522	0	2	139	1.062	0.341	NA	0.038	NA	0	54.462
337	1	18	8	15.84	11.598	0	2	121	1.199	0.24	NA	0.137	NA	146.31	146.31
338	1	18	9	15.878	11.598	0	2	149	1.237	0.276	NA	0.038	NA	0	-146.31
339	1	18	10	15.878	11.636	0	2	65	1.274	0.288	NA	0.038	NA	90	90
340	1	18	11	15.916	11.825	0	2	83	1.468	0.428	NA	0.193	NA	78.69	-11.31
341	1	18	12	15.802	11.825	0	2	55	1.581	0.357	NA	0.114	NA	180	101.31
342	1	18	13	15.802	11.485	0	2	74	1.922	0.193	NA	0.341	NA	-90	90
343	1	18	14	15.613	11.674	0	2	55	2.19	0.151	NA	0.268	NA	135	-135
344	1	18	15	15.802	11.485	0	2	111	2.458	0.193	NA	0.268	NA	-45	-180
345	1	18	16	16.029	11.409	0	2	37	2.697	0.432	NA	0.24	NA	-18.435	26.565
346	1	18	17	16.218	11.182	0	2	74	2.993	0.695	NA	0.296	NA	-50.194	-31.759
347	1	18	18	16.673	10.803	0	2	74	3.584	1.281	NA	0.592	NA	-39.806	10.389
348	1	19	1	15.007	10.5	0	2	93	0	0	NA	NA	NA	NA	NA
349	1	19	2	14.855	10.5	0	2	37	0.151	0.151	NA	0.151	NA	180	NA
350	1	19	3	15.007	10.5	0	2	37	0.303	0	NA	0.151	NA	0	-180
351	1	19	4	14.969	10.462	0	2	74	0.357	0.054	NA	0.054	NA	-135	-135
352	1	19	5	15.12	10.273	0	2	83	0.599	0.254	NA	0.242	NA	-51.34	83.66
353	1	19	6	15.007	10.121	0	2	65	0.788	0.379	NA	0.189	NA	-126.87	-75.53
354	1	20	1	13.492	13.605	0	2	93	0	0	NA	NA	NA	NA	NA
355	1	20	2	12.659	14.476	0	2	55	1.205	1.205	NA	1.205	NA	133.727	NA
356	1	20	3	11.636	15.688	0	2	55	2.791	2.79	NA	1.586	NA	130.156	-3.571
357	1	20	4	10.727	16.711	0	2	55	4.159	4.158	NA	1.368	NA	131.634	1.478
358	1	20	5	10.462	16.749	0	2	55	4.427	4.366	NA	0.268	NA	171.87	40.236
359	1	20	6	10.348	16.976	0	2	46	4.681	4.609	NA	0.254	NA	116.565	-55.305
360	2	1	1	25.459	15.196	0	2	102	0	0	NA	NA	NA	NA	NA
361	2	1	2	25.459	15.196	0	2	102	0	0	NA	0	NA	0	NA
362	2	1	3	25.573	15.499	0	2	93	0.324	0.324	NA	0.324	NA	69.444	69.444
363	2	1	4	26.027	16.067	0	2	74	1.051	1.04	NA	0.727	NA	51.34	-18.104
364	2	1	5	26.065	16.294	0	2	37	1.281	1.254	NA	0.23	NA	80.538	29.197
365	2	1	6	26.179	16.559	0	2	55	1.57	1.542	NA	0.288	NA	66.801	-13.736
366	2	1	7	26.179	16.597	0	2	83	1.608	1.575	NA	0.038	NA	90	23.199
367	2	1	8	26.217	16.597	0	2	74	1.646	1.593	NA	0.038	NA	0	-90
368	2	1	9	26.065	16.521	0	2	65	1.815	1.457	NA	0.169	NA	-153.435	-153.435
369	2	1	10	26.141	16.559	0	2	55	1.9	1.524	NA	0.085	NA	26.565	180
370	2	1	11	26.141	16.559	0	2	55	1.9	1.524	NA	0	NA	0	-26.565
371	2	1	12	26.141	16.559	0	2	121	1.9	1.524	NA	0	NA	0	0
372	2	1	13	26.179	16.559	0	2	93	1.938	1.542	NA	0.038	NA	0	0
373	2	1	14	26.368	16.597	0	2	46	2.131	1.67	NA	0.193	NA	11.31	11.31
374	2	1	15	26.33	16.673	0	2	18	2.215	1.715	NA	0.085	NA	116.565	105.255
375	2	1	16	26.141	16.181	0	2	37	2.743	1.198	NA	0.527	NA	-111.038	132.397
376	2	1	17	26.254	16.143	0	2	46	2.863	1.236	NA	0.12	NA	-18.435	92.603
377	2	1	18	26.179	16.143	0	2	27	2.938	1.189	NA	0.076	NA	180	-161.565
378	2	1	19	26.103	15.953	0	2	55	3.142	0.994	NA	0.204	NA	-111.801	68.199
379	2	1	20	25.951	15.953	0	2	37	3.294	0.903	NA	0.151	NA	180	-68.199
380	2	1	21	25.951	15.953	0	2	46	3.294	0.903	NA	0	NA	0	-180
381	2	1	22	26.065	16.218	0	2	46	3.582	1.189	NA	0.288	NA	66.801	66.801
382	2	1	23	25.989	16.218	0	2	46	3.658	1.152	NA	0.076	NA	180	113.199
383	2	1	24	25.951	16.067	0	2	27	3.814	1.001	NA	0.156	NA	-104.036	75.964
384	2	1	25	26.217	16.067	0	2	46	4.079	1.154	NA	0.265	NA	0	104.036
385	2	1	26	26.103	16.029	0	2	46	4.199	1.053	NA	0.12	NA	-161.565	-161.565
386	2	1	27	26.027	15.991	0	2	55	4.284	0.977	NA	0.085	NA	-153.435	8.13
387	2	1	28	25.951	16.029	0	2	65	4.368	0.968	NA	0.085	NA	153.435	-53.13
388	2	1	29	26.179	16.067	0	2	111	4.599	1.13	NA	0.23	NA	9.462	-143.973
389	2	1	30	26.179	16.067	0	2	9	4.599	1.13	NA	0	NA	0	-9.462
390	2	1	31	26.406	16.029	0	2	55	4.829	1.261	NA	0.23	NA	-9.462	-9.462
391	2	1	32	26.368	15.916	0	2	27	4.949	1.159	NA	0.12	NA	-108.435	-98.973
392	2	1	33	26.254	15.84	0	2	65	5.085	1.023	NA	0.137	NA	-146.31	-37.875
393	2	2	1	25.156	19.438	0	2	93	0	0	NA	NA	NA	NA	NA
394	2	2	2	25.118	19.438	0	2	65	0.038	0.038	NA	0.038	NA	180	NA
395	2	2	3	25.27	19.475	0	2	121	0.194	0.12	NA	0.156	NA	14.036	-165.964
396	2	2	4	25.383	19.475	0	2	65	0.308	0.23	NA	0.114	NA	0	-14.036
397	2	2	5	25.573	19.324	0	2	55	0.55	0.432	NA	0.242	NA	-38.66	-38.66
398	2	2	6	25.573	19.324	0	2	46	0.55	0.432	NA	0	NA	0	38.66
399	2	2	7	25.573	19.286	0	2	55	0.588	0.443	NA	0.038	NA	-90	-90
400	2	2	8	25.421	19.551	0	2	93	0.893	0.288	NA	0.305	NA	119.745	-150.255
401	2	2	9	25.497	19.589	0	2	65	0.978	0.373	NA	0.085	NA	26.565	-93.18
402	2	2	10	25.686	19.589	0	2	46	1.167	0.551	NA	0.189	NA	0	-26.565
403	2	2	11	25.724	19.665	0	2	46	1.252	0.612	NA	0.085	NA	63.435	63.435
404	2	2	12	25.724	19.703	0	2	130	1.29	0.627	NA	0.038	NA	90	26.565
405	2	2	13	25.838	19.4	0	2	55	1.614	0.683	NA	0.324	NA	-69.444	-159.444
406	2	2	14	25.838	19.627	0	2	83	1.841	0.707	NA	0.227	NA	90	159.444
407	2	2	15	25.838	19.627	0	2	37	1.841	0.707	NA	0	NA	0	-90
408	2	2	16	26.065	19.551	0	2	83	2.08	0.916	NA	0.24	NA	-18.435	-18.435
409	2	2	17	26.065	19.551	0	2	74	2.08	0.916	NA	0	NA	0	18.435
410	2	2	18	26.065	19.589	0	2	158	2.118	0.921	NA	0.038	NA	90	90
411	2	2	19	26.179	19.703	0	2	130	2.279	1.056	NA	0.161	NA	45	-45
412	2	2	20	26.179	19.703	0	2	93	2.279	1.056	NA	0	NA	0	-45
413	2	2	21	26.217	19.703	0	2	65	2.317	1.093	NA	0.038	NA	0	0
414	2	2	22	26.217	19.741	0	2	55	2.355	1.103	NA	0.038	NA	90	90
415	2	2	23	26.103	19.513	0	2	46	2.609	0.95	NA	0.254	NA	-116.565	153.435
416	2	2	24	26.065	19.589	0	2	65	2.693	0.921	NA	0.085	NA	116.565	-126.87
417	2	2	25	25.951	19.589	0	2	37	2.807	0.81	NA	0.114	NA	180	63.435
418	2	2	26	25.951	19.589	0	2	27	2.807	0.81	NA	0	NA	0	-180
419	2	2	27	25.914	19.589	0	2	55	2.845	0.772	NA	0.038	NA	180	180
420	2	2	28	26.141	19.589	0	2	55	3.072	0.996	NA	0.227	NA	0	-180
421	2	3	1	26.141	19.589	0	2	55	0	0	NA	NA	NA	NA	NA
422	2	3	2	26.027	19.589	0	2	55	0.114	0.114	NA	0.114	NA	180	NA
423	2	3	3	26.027	19.589	0	2	55	0.114	0.114	NA	0	NA	0	-180
424	2	3	4	26.027	19.665	0	2	46	0.189	0.137	NA	0.076	NA	90	90
425	2	3	5	26.217	19.816	0	2	37	0.432	0.24	NA	0.242	NA	38.66	-51.34
426	2	3	6	26.33	19.816	0	2	37	0.545	0.296	NA	0.114	NA	0	-38.66
427	2	3	7	26.368	19.816	0	2	37	0.583	0.321	NA	0.038	NA	0	0
428	2	3	8	26.482	19.816	0	2	46	0.697	0.41	NA	0.114	NA	0	0
429	2	3	9	26.671	19.93	0	2	37	0.918	0.63	NA	0.221	NA	30.964	30.964
430	2	3	10	26.671	19.93	0	2	37	0.918	0.63	NA	0	NA	0	-30.964
431	2	3	11	26.633	19.93	0	2	55	0.956	0.599	NA	0.038	NA	180	180
432	2	3	12	26.52	19.93	0	2	18	1.069	0.51	NA	0.114	NA	180	0
433	2	3	13	26.709	19.892	0	2	37	1.262	0.644	NA	0.193	NA	-11.31	168.69
434	2	3	14	26.557	19.892	0	2	46	1.414	0.515	NA	0.151	NA	180	-168.69
435	2	3	15	26.633	19.93	0	2	0	1.499	0.599	NA	0.085	NA	26.565	-153.435
436	2	3	16	26.52	20.044	0	2	18	1.659	0.592	NA	0.161	NA	135	108.435
437	2	3	17	26.633	19.892	0	2	93	1.849	0.578	NA	0.189	NA	-53.13	171.87
438	2	3	18	26.671	19.892	0	2	27	1.886	0.611	NA	0.038	NA	0	53.13
439	2	3	19	26.709	20.006	0	2	46	2.006	0.704	NA	0.12	NA	71.565	71.565
440	2	3	20	26.86	20.044	0	2	18	2.162	0.851	NA	0.156	NA	14.036	-57.529
441	2	3	21	27.012	20.006	0	2	46	2.319	0.966	NA	0.156	NA	-14.036	-28.072
442	2	3	22	26.86	20.006	0	2	27	2.47	0.831	NA	0.151	NA	180	-165.964
443	2	4	1	25.989	18.869	0	2	65	0	0	NA	NA	NA	NA	NA
444	2	4	2	26.027	18.869	0	2	130	0.038	0.038	NA	0.038	NA	0	NA
445	2	4	3	26.027	18.869	0	2	65	0.038	0.038	NA	0	NA	0	0
446	2	4	4	26.027	18.869	0	2	74	0.038	0.038	NA	0	NA	0	0
447	2	4	5	26.179	18.756	0	2	74	0.227	0.221	NA	0.189	NA	-36.87	-36.87
448	2	4	6	26.444	18.907	0	2	65	0.533	0.456	NA	0.305	NA	29.745	66.615
449	2	4	7	26.444	18.945	0	2	83	0.57	0.461	NA	0.038	NA	90	60.255
450	2	4	8	26.444	18.945	0	2	93	0.57	0.461	NA	0	NA	0	-90
451	2	4	9	26.406	18.945	0	2	27	0.608	0.423	NA	0.038	NA	180	180
452	2	4	10	26.406	18.945	0	2	65	0.608	0.423	NA	0	NA	0	-180
453	2	4	11	26.406	18.945	0	2	111	0.608	0.423	NA	0	NA	0	0
454	2	4	12	26.406	19.059	0	2	130	0.722	0.458	NA	0.114	NA	90	90
455	2	4	13	26.444	19.097	0	2	93	0.775	0.508	NA	0.054	NA	45	-45
456	2	4	14	26.33	19.286	0	2	27	0.996	0.538	NA	0.221	NA	120.964	75.964
457	2	4	15	26.217	18.907	0	2	37	1.392	0.23	NA	0.395	NA	-106.699	132.337
458	2	4	16	26.179	18.794	0	2	65	1.511	0.204	NA	0.12	NA	-108.435	-1.736
459	2	4	17	25.838	18.453	0	2	27	1.993	0.443	NA	0.482	NA	-135	-26.565
460	2	4	18	25.914	18.832	0	2	27	2.38	0.085	NA	0.386	NA	78.69	-146.31
461	2	4	19	25.951	18.832	0	2	37	2.418	0.054	NA	0.038	NA	0	-78.69
462	2	4	20	25.989	18.642	0	2	18	2.611	0.227	NA	0.193	NA	-78.69	-78.69
463	2	5	1	21.142	15.878	0	2	37	0	0	NA	NA	NA	NA	NA
464	2	5	2	21.066	15.916	0	2	93	0.085	0.085	NA	0.085	NA	153.435	NA
465	2	5	3	21.218	15.991	0	2	65	0.254	0.137	NA	0.169	NA	26.565	-126.87
466	2	5	4	20.99	16.446	0	2	93	0.762	0.588	NA	0.508	NA	116.565	90
467	2	5	5	21.028	16.787	0	2	46	1.105	0.916	NA	0.343	NA	83.66	-32.905
468	2	5	6	21.104	17.127	0	2	74	1.454	1.25	NA	0.349	NA	77.471	-6.189
469	2	5	7	21.142	17.279	0	2	55	1.61	1.401	NA	0.156	NA	75.964	-1.507
470	2	5	8	21.445	17.998	0	2	158	2.391	2.142	NA	0.781	NA	67.166	-8.797
471	2	5	9	21.521	18.036	0	2	102	2.476	2.192	NA	0.085	NA	26.565	-40.601
472	2	5	10	21.369	17.582	0	2	167	2.955	1.719	NA	0.479	NA	-108.435	-135
473	2	5	11	21.218	17.544	0	2	195	3.111	1.668	NA	0.156	NA	-165.964	-57.529
474	2	5	12	21.218	17.695	0	2	149	3.262	1.819	NA	0.151	NA	90	-104.036
475	2	5	13	21.18	17.961	0	2	74	3.53	2.083	NA	0.268	NA	98.13	8.13
476	2	5	14	21.104	17.771	0	2	214	3.734	1.894	NA	0.204	NA	-111.801	150.068
477	2	5	15	21.104	17.771	0	2	102	3.734	1.894	NA	0	NA	0	111.801
478	2	5	16	21.104	17.771	0	2	93	3.734	1.894	NA	0	NA	0	0
479	2	5	17	20.801	17.809	0	2	121	4.04	1.961	NA	0.305	NA	172.875	172.875
480	2	5	18	20.801	17.809	0	2	46	4.04	1.961	NA	0	NA	0	-172.875
481	2	5	19	20.877	17.771	0	2	46	4.124	1.912	NA	0.085	NA	-26.565	-26.565
482	2	5	20	20.952	17.658	0	2	83	4.261	1.79	NA	0.137	NA	-56.31	-29.745
483	2	5	21	21.028	17.695	0	2	102	4.345	1.821	NA	0.085	NA	26.565	82.875
484	2	5	22	21.066	17.468	0	2	158	4.576	1.592	NA	0.23	NA	-80.538	-107.103
485	2	5	23	21.142	17.506	0	2	93	4.661	1.628	NA	0.085	NA	26.565	107.103
486	2	5	24	21.18	17.62	0	2	102	4.78	1.743	NA	0.12	NA	71.565	45
487	2	5	25	21.18	17.62	0	2	130	4.78	1.743	NA	0	NA	0	-71.565
488	2	5	26	21.331	17.62	0	2	102	4.932	1.752	NA	0.151	NA	0	0
489	2	5	27	21.331	17.923	0	2	65	5.235	2.054	NA	0.303	NA	90	90
490	2	5	28	21.255	17.961	0	2	74	5.319	2.086	NA	0.085	NA	153.435	63.435
491	2	5	29	21.255	17.847	0	2	130	5.433	1.973	NA	0.114	NA	-90	116.565
492	2	5	30	21.255	17.885	0	2	83	5.471	2.01	NA	0.038	NA	90	180
493	2	5	31	21.255	17.923	0	2	139	5.509	2.048	NA	0.038	NA	90	0
494	2	5	32	21.331	18.036	0	2	111	5.645	2.167	NA	0.137	NA	56.31	-33.69
495	2	5	33	21.369	18.036	0	2	102	5.683	2.171	NA	0.038	NA	0	-56.31
496	2	5	34	21.369	18.036	0	2	111	5.683	2.171	NA	0	NA	0	0
497	2	5	35	21.521	18.036	0	2	37	5.835	2.192	NA	0.151	NA	0	0
498	2	5	36	21.521	18.036	0	2	46	5.835	2.192	NA	0	NA	0	0
499	2	5	37	21.483	17.961	0	2	83	5.919	2.111	NA	0.085	NA	-116.565	-116.565
500	2	5	38	21.483	17.733	0	2	102	6.147	1.887	NA	0.227	NA	-90	26.565
501	2	5	39	21.483	17.733	0	2	83	6.147	1.887	NA	0	NA	0	90
502	2	5	40	21.558	17.771	0	2	55	6.231	1.939	NA	0.085	NA	26.565	26.565
503	2	5	41	21.558	17.885	0	2	37	6.345	2.05	NA	0.114	NA	90	63.435
504	2	5	42	21.558	17.923	0	2	18	6.383	2.087	NA	0.038	NA	90	0
505	2	5	43	21.596	17.961	0	2	74	6.436	2.132	NA	0.054	NA	45	-45
506	2	5	44	21.596	17.885	0	2	65	6.512	2.058	NA	0.076	NA	-90	-135
507	2	5	45	21.596	17.885	0	2	18	6.512	2.058	NA	0	NA	0	90
508	2	6	1	26.482	18.68	0	2	55	0	0	NA	NA	NA	NA	NA
509	2	6	2	26.482	18.68	0	2	65	0	0	NA	0	NA	0	NA
510	2	6	3	26.482	18.567	0	2	37	0.114	0.114	NA	0.114	NA	-90	-90
511	2	6	4	26.482	18.68	0	2	46	0.227	0	NA	0.114	NA	90	180
512	2	6	5	26.823	18.718	0	2	37	0.57	0.343	NA	0.343	NA	6.34	-83.66
513	2	6	6	26.86	18.718	0	2	55	0.608	0.381	NA	0.038	NA	0	-6.34
514	2	6	7	26.747	18.642	0	2	93	0.745	0.268	NA	0.137	NA	-146.31	-146.31
515	2	6	8	26.898	18.68	0	2	46	0.901	0.417	NA	0.156	NA	14.036	160.346
516	2	6	9	26.709	18.718	0	2	46	1.094	0.23	NA	0.193	NA	168.69	154.654
517	2	6	10	26.671	18.718	0	2	37	1.132	0.193	NA	0.038	NA	180	11.31
518	2	6	11	26.671	18.718	0	2	46	1.132	0.193	NA	0	NA	0	-180
519	2	6	12	26.671	18.756	0	2	27	1.17	0.204	NA	0.038	NA	90	90
520	2	6	13	26.671	18.756	0	2	74	1.17	0.204	NA	0	NA	0	-90
521	2	6	14	26.747	18.794	0	2	37	1.254	0.288	NA	0.085	NA	26.565	26.565
522	2	6	15	26.747	18.794	0	2	9	1.254	0.288	NA	0	NA	0	-26.565
523	2	6	16	26.747	18.794	0	2	55	1.254	0.288	NA	0	NA	0	0
524	2	6	17	26.709	18.794	0	2	37	1.292	0.254	NA	0.038	NA	180	180
525	2	6	18	26.671	18.832	0	2	37	1.346	0.242	NA	0.054	NA	135	-45
