Nr	TID	PID	x [micron]	y [micron]	t [sec]	c [idx]	I [val]	Len [micron]	D2S [micron]	D2R [micron]	D2P [micron]	v [micron/sec]	? [deg]	?? [deg]
1	1	1	31.966	51.408	0	2	255	0	0	NA	NA	NA	NA	NA
2	1	2	32.026	51.408	0	2	233	0.06	0.06	NA	0.06	NA	0	NA
3	1	3	32.026	51.945	0	2	46	0.596	0.54	NA	0.537	NA	90	90
4	1	4	32.026	51.945	0	2	186	0.596	0.54	NA	0	NA	0	-90
5	1	5	32.026	51.945	0	2	255	0.596	0.54	NA	0	NA	0	0
6	1	6	32.026	51.945	0	2	163	0.596	0.54	NA	0	NA	0	0
7	1	7	31.787	52.243	0	2	255	0.978	0.854	NA	0.382	NA	128.66	128.66
8	1	8	31.787	52.243	0	2	255	0.978	0.854	NA	0	NA	0	-128.66
9	1	9	31.787	52.243	0	2	163	0.978	0.854	NA	0	NA	0	0
10	1	10	31.787	52.422	0	2	233	1.157	1.03	NA	0.179	NA	90	90
11	1	11	31.727	52.66	0	2	255	1.403	1.275	NA	0.246	NA	104.036	14.036
12	1	12	31.966	52.66	0	2	209	1.642	1.252	NA	0.239	NA	0	-104.036
13	1	13	31.966	52.66	0	2	209	1.642	1.252	NA	0	NA	0	0
14	1	14	31.787	52.959	0	2	255	1.989	1.561	NA	0.348	NA	120.964	120.964
15	1	15	31.668	53.197	0	2	151	2.256	1.814	NA	0.267	NA	116.565	-4.399
16	1	16	31.608	53.138	0	2	93	2.34	1.766	NA	0.084	NA	-135	108.435
17	1	17	31.906	53.316	0	2	116	2.688	1.909	NA	0.348	NA	30.964	165.964
18	1	18	31.906	53.376	0	2	186	2.748	1.969	NA	0.06	NA	90	59.036
19	1	19	31.906	53.436	0	2	116	2.807	2.029	NA	0.06	NA	90	0
20	1	20	31.787	53.376	0	2	151	2.941	1.976	NA	0.133	NA	-153.435	116.565
21	1	21	32.026	53.495	0	2	116	3.207	2.088	NA	0.267	NA	26.565	180
22	1	22	31.966	53.495	0	2	81	3.267	2.087	NA	0.06	NA	180	153.435
23	1	23	31.966	53.495	0	2	93	3.267	2.087	NA	0	NA	0	-180
24	1	24	31.966	53.495	0	2	104	3.267	2.087	NA	0	NA	0	0
25	1	25	31.966	53.495	0	2	128	3.267	2.087	NA	0	NA	0	0
26	1	26	31.906	53.555	0	2	81	3.351	2.148	NA	0.084	NA	135	135
27	1	27	31.847	53.555	0	2	116	3.411	2.15	NA	0.06	NA	180	45
28	1	28	31.847	53.674	0	2	46	3.53	2.269	NA	0.119	NA	90	-90
29	1	29	31.847	53.853	0	2	58	3.709	2.448	NA	0.179	NA	90	0
30	1	30	31.847	53.853	0	2	34	3.709	2.448	NA	0	NA	0	-90
31	1	31	31.966	53.913	0	2	58	3.843	2.505	NA	0.133	NA	26.565	26.565
32	1	32	31.549	53.853	0	2	46	4.264	2.481	NA	0.422	NA	-171.87	161.565
33	1	33	31.549	53.853	0	2	34	4.264	2.481	NA	0	NA	0	171.87
34	2	1	32.205	49.5	0	2	255	0	0	NA	NA	NA	NA	NA
35	2	2	32.443	49.5	0	2	81	0.239	0.239	NA	0.239	NA	0	NA
36	2	3	32.264	49.679	0	2	116	0.492	0.189	NA	0.253	NA	135	135
37	2	4	32.264	49.857	0	2	69	0.67	0.363	NA	0.179	NA	90	-45
38	2	5	32.145	49.977	0	2	209	0.839	0.481	NA	0.169	NA	135	45
39	2	6	32.443	50.096	0	2	209	1.16	0.642	NA	0.321	NA	21.801	-113.199
40	2	7	32.443	50.275	0	2	174	1.339	0.811	NA	0.179	NA	90	68.199
41	2	8	32.145	50.752	0	2	255	1.902	1.254	NA	0.563	NA	122.005	32.005
42	2	9	32.205	50.812	0	2	128	1.986	1.312	NA	0.084	NA	45	-77.005
43	2	10	32.503	50.812	0	2	209	2.284	1.345	NA	0.298	NA	0	-45
44	2	11	32.622	51.169	0	2	93	2.662	1.721	NA	0.377	NA	71.565	71.565
45	2	12	31.608	50.931	0	2	139	3.703	1.551	NA	1.042	NA	-166.759	121.675
46	2	13	31.727	50.871	0	2	186	3.836	1.452	NA	0.133	NA	-26.565	140.194
47	2	14	32.145	50.871	0	2	151	4.254	1.373	NA	0.417	NA	0	26.565
48	2	15	31.966	51.289	0	2	139	4.708	1.805	NA	0.454	NA	113.199	113.199
49	2	16	31.966	51.289	0	2	11	4.708	1.805	NA	0	NA	0	-113.199
50	2	17	31.847	51.766	0	2	58	5.2	2.294	NA	0.492	NA	104.036	104.036
51	2	18	31.787	51.766	0	2	81	5.26	2.304	NA	0.06	NA	180	75.964
52	3	1	30.773	44.311	0	2	221	0	0	NA	NA	NA	NA	NA
53	3	2	30.773	44.311	0	2	116	0	0	NA	0	NA	0	NA
54	3	3	30.893	44.729	0	2	209	0.434	0.434	NA	0.434	NA	74.055	74.055
55	3	4	30.833	44.729	0	2	116	0.494	0.422	NA	0.06	NA	180	105.945
56	3	5	30.893	45.265	0	2	163	1.034	0.962	NA	0.54	NA	83.66	-96.34
57	3	6	30.893	45.265	0	2	46	1.034	0.962	NA	0	NA	0	-83.66
58	3	7	30.893	45.265	0	2	255	1.034	0.962	NA	0	NA	0	0
59	3	8	30.893	45.265	0	2	139	1.034	0.962	NA	0	NA	0	0
60	3	9	30.594	45.027	0	2	46	1.416	0.738	NA	0.382	NA	-141.34	-141.34
61	3	10	30.893	43.715	0	2	0	2.761	0.608	NA	1.345	NA	-77.196	64.144
62	3	11	30.654	43.894	0	2	139	3.059	0.434	NA	0.298	NA	143.13	-139.674
63	3	12	30.654	43.894	0	2	174	3.059	0.434	NA	0	NA	0	-143.13
64	3	13	30.594	44.132	0	2	128	3.305	0.253	NA	0.246	NA	104.036	104.036
65	3	14	30.594	44.49	0	2	151	3.663	0.253	NA	0.358	NA	90	-14.036
66	3	15	30.594	44.49	0	2	104	3.663	0.253	NA	0	NA	0	-90
67	3	16	30.773	44.669	0	2	69	3.916	0.358	NA	0.253	NA	45	45
68	3	17	30.415	44.669	0	2	151	4.274	0.506	NA	0.358	NA	180	135
69	3	18	30.415	44.729	0	2	151	4.334	0.55	NA	0.06	NA	90	-90
70	3	19	30.833	44.729	0	2	174	4.751	0.422	NA	0.417	NA	0	-90
71	3	20	30.952	44.729	0	2	46	4.87	0.454	NA	0.119	NA	0	0
72	3	21	30.833	44.729	0	2	104	4.99	0.422	NA	0.119	NA	180	180
73	3	22	30.714	44.371	0	2	151	5.367	0.084	NA	0.377	NA	-108.435	71.565
74	3	23	30.714	44.132	0	2	163	5.605	0.189	NA	0.239	NA	-90	18.435
75	3	24	30.773	44.132	0	2	93	5.665	0.179	NA	0.06	NA	0	90
76	3	25	30.952	44.43	0	2	174	6.013	0.215	NA	0.348	NA	59.036	59.036
77	3	26	30.714	44.55	0	2	128	6.279	0.246	NA	0.267	NA	153.435	94.399
78	3	27	30.654	44.49	0	2	93	6.364	0.215	NA	0.084	NA	-135	71.565
79	3	28	30.654	44.49	0	2	58	6.364	0.215	NA	0	NA	0	135
80	3	29	30.654	44.371	0	2	163	6.483	0.133	NA	0.119	NA	-90	-90
81	3	30	30.654	44.371	0	2	116	6.483	0.133	NA	0	NA	0	90
82	3	31	30.475	44.55	0	2	128	6.736	0.382	NA	0.253	NA	135	135
83	3	32	30.594	44.967	0	2	128	7.17	0.68	NA	0.434	NA	74.055	-60.945
84	3	33	30.714	44.848	0	2	128	7.339	0.54	NA	0.169	NA	-45	-119.055
85	3	34	30.714	44.848	0	2	93	7.339	0.54	NA	0	NA	0	45
86	3	35	30.535	44.729	0	2	58	7.554	0.481	NA	0.215	NA	-146.31	-146.31
87	4	1	29.581	38.049	0	2	139	0	0	NA	NA	NA	NA	NA
88	4	2	29.163	37.751	0	2	151	0.513	0.513	NA	0.513	NA	-144.462	NA
89	4	3	29.223	37.512	0	2	23	0.759	0.645	NA	0.246	NA	-75.964	68.499
90	4	4	29.282	36.916	0	2	174	1.358	1.172	NA	0.599	NA	-84.289	-8.326
91	4	5	29.342	36.26	0	2	255	2.017	1.805	NA	0.659	NA	-84.806	-0.516
92	4	6	29.163	35.604	0	2	233	2.697	2.481	NA	0.68	NA	-105.255	-20.45
93	4	7	29.103	35.067	0	2	255	3.237	3.02	NA	0.54	NA	-96.34	8.915
94	4	8	29.103	35.008	0	2	255	3.297	3.079	NA	0.06	NA	-90	6.34
95	4	9	29.103	34.709	0	2	198	3.595	3.374	NA	0.298	NA	-90	0
96	4	10	29.103	34.352	0	2	198	3.953	3.728	NA	0.358	NA	-90	0
97	4	11	29.103	33.815	0	2	255	4.489	4.261	NA	0.537	NA	-90	0
98	4	12	28.507	33.576	0	2	116	5.132	4.6	NA	0.642	NA	-158.199	-68.199
99	4	13	28.924	34.352	0	2	255	6.012	3.755	NA	0.881	NA	61.699	-140.102
100	4	14	29.103	34.352	0	2	163	6.191	3.728	NA	0.179	NA	0	-61.699
101	4	15	29.103	34.829	0	2	186	6.668	3.256	NA	0.477	NA	90	90
102	4	16	28.805	35.544	0	2	163	7.444	2.622	NA	0.775	NA	112.62	22.62
103	4	17	28.686	35.783	0	2	174	7.71	2.436	NA	0.267	NA	116.565	3.945
104	4	18	28.746	35.664	0	2	244	7.844	2.527	NA	0.133	NA	-63.435	-180
105	4	19	28.805	35.365	0	2	186	8.148	2.793	NA	0.304	NA	-78.69	-15.255
106	4	20	28.805	35.186	0	2	116	8.327	2.966	NA	0.179	NA	-90	-11.31
107	4	21	29.044	35.306	0	2	244	8.593	2.795	NA	0.267	NA	26.565	116.565
108	4	22	29.044	34.769	0	2	58	9.13	3.324	NA	0.537	NA	-90	-116.565
109	4	23	29.163	33.874	0	2	81	10.033	4.195	NA	0.902	NA	-82.405	7.595
110	4	24	29.282	33.218	0	2	58	10.699	4.84	NA	0.667	NA	-79.695	2.71
111	4	25	29.282	33.278	0	2	46	10.759	4.78	NA	0.06	NA	90	169.695
112	4	26	29.7	32.324	0	2	58	11.801	5.727	NA	1.042	NA	-66.371	-156.371
113	4	27	29.879	32.145	0	2	93	12.054	5.912	NA	0.253	NA	-45	21.371
114	4	28	29.581	32.205	0	2	46	12.358	5.845	NA	0.304	NA	168.69	-146.31
115	5	1	30.356	36.976	0	2	255	0	0	NA	NA	NA	NA	NA
116	5	2	30.356	36.976	0	2	221	0	0	NA	0	NA	0	NA
117	5	3	30.356	36.856	0	2	255	0.119	0.119	NA	0.119	NA	-90	-90
118	5	4	30.415	36.856	0	2	255	0.179	0.133	NA	0.06	NA	0	90
119	5	5	30.654	37.274	0	2	255	0.66	0.422	NA	0.481	NA	60.255	60.255
120	5	6	30.535	36.916	0	2	255	1.037	0.189	NA	0.377	NA	-108.435	-168.69
121	5	7	30.475	36.856	0	2	209	1.121	0.169	NA	0.084	NA	-135	-26.565
122	5	8	30.475	36.856	0	2	233	1.121	0.169	NA	0	NA	0	135
123	5	9	30.415	36.856	0	2	174	1.181	0.133	NA	0.06	NA	180	180
124	5	10	30.415	36.856	0	2	198	1.181	0.133	NA	0	NA	0	-180
125	5	11	30.296	36.618	0	2	151	1.448	0.363	NA	0.267	NA	-116.565	-116.565
126	5	12	30.237	37.095	0	2	255	1.928	0.169	NA	0.481	NA	97.125	-146.31
127	5	13	30.356	36.976	0	2	151	2.097	0	NA	0.169	NA	-45	-142.125
128	5	14	30.296	36.737	0	2	128	2.343	0.246	NA	0.246	NA	-104.036	-59.036
129	5	15	29.879	36.379	0	2	255	2.893	0.764	NA	0.55	NA	-139.399	-35.362
130	5	16	29.879	36.379	0	2	198	2.893	0.764	NA	0	NA	0	139.399
131	5	17	29.819	36.439	0	2	255	2.977	0.759	NA	0.084	NA	135	135
132	5	18	29.938	36.439	0	2	174	3.096	0.68	NA	0.119	NA	0	-135
133	5	19	29.759	36.379	0	2	151	3.285	0.843	NA	0.189	NA	-161.565	-161.565
134	5	20	29.879	36.021	0	2	34	3.662	1.067	NA	0.377	NA	-71.565	90
135	5	21	29.7	35.425	0	2	58	4.285	1.684	NA	0.623	NA	-106.699	-35.134
136	5	22	29.521	35.425	0	2	116	4.464	1.761	NA	0.179	NA	180	-73.301
137	6	1	30.117	38.526	0	2	255	0	0	NA	NA	NA	NA	NA
138	6	2	30.117	38.288	0	2	255	0.239	0.239	NA	0.239	NA	-90	NA
139	6	3	30.117	38.288	0	2	186	0.239	0.239	NA	0	NA	0	90
140	6	4	30.237	37.93	0	2	139	0.616	0.608	NA	0.377	NA	-71.565	-71.565
141	6	5	30.177	38.586	0	2	255	1.274	0.084	NA	0.659	NA	95.194	166.759
142	6	6	30.177	38.586	0	2	163	1.274	0.084	NA	0	NA	0	-95.194
143	6	7	30.177	38.467	0	2	186	1.394	0.084	NA	0.119	NA	-90	-90
144	6	8	30.177	38.168	0	2	221	1.692	0.363	NA	0.298	NA	-90	0
145	6	9	30.177	38.168	0	2	244	1.692	0.363	NA	0	NA	0	90
146	6	10	30.237	37.989	0	2	255	1.881	0.55	NA	0.189	NA	-71.565	-71.565
147	6	11	30.237	37.989	0	2	221	1.881	0.55	NA	0	NA	0	71.565
148	6	12	30.237	38.168	0	2	255	2.059	0.377	NA	0.179	NA	90	90
149	6	13	30.356	38.288	0	2	255	2.228	0.337	NA	0.169	NA	45	-45
150	6	14	30.296	37.751	0	2	255	2.768	0.796	NA	0.54	NA	-96.34	-141.34
151	6	15	30.237	37.512	0	2	255	3.014	1.021	NA	0.246	NA	-104.036	-7.696
152	6	16	30.237	37.512	0	2	255	3.014	1.021	NA	0	NA	0	104.036
153	6	17	30.237	37.512	0	2	255	3.014	1.021	NA	0	NA	0	0
154	6	18	30.237	37.512	0	2	255	3.014	1.021	NA	0	NA	0	0
155	6	19	30.356	37.512	0	2	255	3.133	1.042	NA	0.119	NA	0	0
156	6	20	30.356	37.512	0	2	255	3.133	1.042	NA	0	NA	0	0
157	6	21	30.356	37.512	0	2	139	3.133	1.042	NA	0	NA	0	0
158	6	22	30.296	37.155	0	2	255	3.496	1.383	NA	0.363	NA	-99.462	-99.462
159	6	23	30.296	37.155	0	2	255	3.496	1.383	NA	0	NA	0	99.462
160	6	24	30.296	37.214	0	2	255	3.556	1.324	NA	0.06	NA	90	90
161	6	25	30.296	37.214	0	2	255	3.556	1.324	NA	0	NA	0	-90
162	6	26	30.177	37.214	0	2	255	3.675	1.313	NA	0.119	NA	180	180
163	6	27	30.117	37.333	0	2	255	3.808	1.193	NA	0.133	NA	116.565	-63.435
164	6	28	29.998	37.333	0	2	255	3.928	1.199	NA	0.119	NA	180	63.435
165	6	29	29.998	37.333	0	2	255	3.928	1.199	NA	0	NA	0	-180
166	6	30	29.998	37.393	0	2	255	3.987	1.139	NA	0.06	NA	90	90
167	6	31	30.058	37.512	0	2	255	4.121	1.016	NA	0.133	NA	63.435	-26.565
168	6	32	30.117	37.572	0	2	255	4.205	0.954	NA	0.084	NA	45	-18.435
169	6	33	30.296	37.93	0	2	255	4.605	0.623	NA	0.4	NA	63.435	18.435
170	6	34	30.117	37.93	0	2	255	4.784	0.596	NA	0.179	NA	180	116.565
171	6	35	30.177	37.87	0	2	198	4.868	0.659	NA	0.084	NA	-45	135
172	6	36	30.237	37.87	0	2	198	4.928	0.667	NA	0.06	NA	0	45
173	6	37	30.058	38.049	0	2	255	5.181	0.481	NA	0.253	NA	135	135
174	6	38	30.058	38.586	0	2	139	5.718	0.084	NA	0.537	NA	90	-45
175	6	39	30.177	38.228	0	2	151	6.095	0.304	NA	0.377	NA	-71.565	-161.565
176	6	40	30.177	38.228	0	2	128	6.095	0.304	NA	0	NA	0	71.565
177	6	41	30.177	38.228	0	2	151	6.095	0.304	NA	0	NA	0	0
178	6	42	30.117	38.228	0	2	244	6.155	0.298	NA	0.06	NA	180	180
179	6	43	30.117	38.228	0	2	151	6.155	0.298	NA	0	NA	0	-180
180	6	44	30.117	38.347	0	2	163	6.274	0.179	NA	0.119	NA	90	90
181	6	45	30.177	38.347	0	2	139	6.333	0.189	NA	0.06	NA	0	-90
182	6	46	30.177	38.347	0	2	151	6.333	0.189	NA	0	NA	0	0
183	6	47	30.177	38.347	0	2	81	6.333	0.189	NA	0	NA	0	0
184	7	1	28.507	32.145	0	2	34	0	0	NA	NA	NA	NA	NA
185	7	2	28.447	32.503	0	2	46	0.363	0.363	NA	0.363	NA	99.462	NA
186	7	3	28.447	33.338	0	2	128	1.198	1.194	NA	0.835	NA	90	-9.462
187	7	4	28.626	33.457	0	2	198	1.413	1.317	NA	0.215	NA	33.69	-56.31
188	7	5	28.388	33.517	0	2	163	1.659	1.377	NA	0.246	NA	165.964	132.274
189	7	6	28.388	33.517	0	2	186	1.659	1.377	NA	0	NA	0	-165.964
190	7	7	28.388	33.576	0	2	255	1.718	1.436	NA	0.06	NA	90	90
191	7	8	28.328	34.113	0	2	244	2.258	1.976	NA	0.54	NA	96.34	6.34
192	7	9	28.507	34.053	0	2	116	2.447	1.908	NA	0.189	NA	-18.435	-114.775
193	7	10	28.507	33.994	0	2	198	2.507	1.849	NA	0.06	NA	-90	-71.565
194	7	11	28.507	33.874	0	2	209	2.626	1.73	NA	0.119	NA	-90	0
195	7	12	28.268	34.113	0	2	163	2.963	1.982	NA	0.337	NA	135	-135
196	7	13	28.328	33.934	0	2	209	3.152	1.798	NA	0.189	NA	-71.565	153.435
197	7	14	27.97	33.576	0	2	186	3.658	1.529	NA	0.506	NA	-135	-63.435
198	7	15	27.911	33.755	0	2	139	3.846	1.717	NA	0.189	NA	108.435	-116.565
199	7	16	27.911	33.874	0	2	255	3.966	1.829	NA	0.119	NA	90	-18.435
200	7	17	28.03	34.053	0	2	174	4.181	1.967	NA	0.215	NA	56.31	-33.69
201	7	18	28.149	33.994	0	2	174	4.314	1.883	NA	0.133	NA	-26.565	-82.875
202	7	19	28.268	33.994	0	2	221	4.433	1.864	NA	0.119	NA	0	26.565
203	7	20	28.268	33.994	0	2	174	4.433	1.864	NA	0	NA	0	0
204	7	21	28.268	34.292	0	2	255	4.732	2.16	NA	0.298	NA	90	90
205	7	22	28.268	34.352	0	2	244	4.791	2.219	NA	0.06	NA	90	0
206	7	23	28.268	34.471	0	2	244	4.91	2.338	NA	0.119	NA	90	0
207	7	24	28.268	34.471	0	2	255	4.91	2.338	NA	0	NA	0	-90
208	7	25	28.626	34.292	0	2	198	5.311	2.15	NA	0.4	NA	-26.565	-26.565
209	7	26	28.626	34.65	0	2	151	5.668	2.508	NA	0.358	NA	90	116.565
210	7	27	28.447	34.65	0	2	255	5.847	2.506	NA	0.179	NA	180	90
211	7	28	28.447	34.65	0	2	255	5.847	2.506	NA	0	NA	0	-180
212	7	29	28.447	34.829	0	2	233	6.026	2.684	NA	0.179	NA	90	90
213	7	30	28.507	34.829	0	2	233	6.086	2.684	NA	0.06	NA	0	-90
214	7	31	28.507	34.709	0	2	255	6.205	2.564	NA	0.119	NA	-90	-90
215	7	32	28.388	34.948	0	2	255	6.472	2.806	NA	0.267	NA	116.565	-153.435
216	7	33	28.626	34.888	0	2	151	6.718	2.746	NA	0.246	NA	-14.036	-130.601
217	7	34	28.746	35.723	0	2	139	7.561	3.586	NA	0.843	NA	81.87	95.906
218	7	35	28.746	35.425	0	2	255	7.859	3.289	NA	0.298	NA	-90	-171.87
219	7	36	28.686	35.485	0	2	255	7.944	3.345	NA	0.084	NA	135	-135
220	7	37	28.09	34.709	0	2	255	8.922	2.598	NA	0.978	NA	-127.569	97.431
221	8	1	32.741	32.92	0	2	163	0	0	NA	NA	NA	NA	NA
222	8	2	32.383	33.159	0	2	255	0.43	0.43	NA	0.43	NA	146.31	NA
223	8	3	32.861	34.65	0	2	58	1.995	1.734	NA	1.565	NA	72.255	-74.055
224	8	4	33.04	36.677	0	2	34	4.031	3.769	NA	2.036	NA	84.958	12.702
225	8	5	32.98	37.274	0	2	58	4.63	4.36	NA	0.599	NA	95.711	10.753
226	8	6	32.741	37.691	0	2	163	5.111	4.771	NA	0.481	NA	119.745	24.034
227	8	7	32.682	36.499	0	2	151	6.305	3.579	NA	1.194	NA	-92.862	147.393
228	8	8	32.562	34.65	0	2	104	8.158	1.739	NA	1.853	NA	-93.691	-0.829
229	8	9	32.861	33.696	0	2	69	9.158	0.784	NA	1	NA	-72.646	21.045
230	8	10	32.92	33.099	0	2	104	9.757	0.253	NA	0.599	NA	-84.289	-11.643
231	8	11	32.98	33.159	0	2	93	9.842	0.337	NA	0.084	NA	45	129.289
232	8	12	33.04	32.682	0	2	58	10.322	0.382	NA	0.481	NA	-82.875	-127.875
233	9	1	30.952	31.37	0	2	104	0	0	NA	NA	NA	NA	NA
234	9	2	31.071	31.489	0	2	174	0.169	0.169	NA	0.169	NA	45	NA
235	9	3	30.952	31.489	0	2	221	0.288	0.119	NA	0.119	NA	180	135
236	9	4	30.952	31.489	0	2	255	0.288	0.119	NA	0	NA	0	-180
237	9	5	30.952	31.489	0	2	255	0.288	0.119	NA	0	NA	0	0
238	9	6	30.952	31.668	0	2	198	0.467	0.298	NA	0.179	NA	90	90
239	9	7	30.952	31.668	0	2	255	0.467	0.298	NA	0	NA	0	-90
240	9	8	30.952	31.668	0	2	81	0.467	0.298	NA	0	NA	0	0
241	9	9	30.893	32.026	0	2	244	0.83	0.659	NA	0.363	NA	99.462	99.462
242	9	10	30.833	31.966	0	2	81	0.914	0.608	NA	0.084	NA	-135	125.538
243	9	11	30.952	33.218	0	2	163	2.172	1.849	NA	1.258	NA	84.56	-140.44
244	9	12	31.191	33.576	0	2	69	2.602	2.219	NA	0.43	NA	56.31	-28.25
245	9	13	30.893	33.696	0	2	128	2.923	2.327	NA	0.321	NA	158.199	101.889
246	9	14	30.893	33.696	0	2	198	2.923	2.327	NA	0	NA	0	-158.199
247	9	15	30.893	34.113	0	2	255	3.341	2.744	NA	0.417	NA	90	90
248	9	16	30.654	34.411	0	2	151	3.723	3.056	NA	0.382	NA	128.66	38.66
249	9	17	30.833	34.411	0	2	163	3.902	3.044	NA	0.179	NA	0	-128.66
250	9	18	31.131	34.292	0	2	69	4.223	2.928	NA	0.321	NA	-21.801	-21.801
251	10	1	31.25	34.232	0	2	186	0	0	NA	NA	NA	NA	NA
252	10	2	31.191	34.173	0	2	209	0.084	0.084	NA	0.084	NA	-135	NA
253	10	3	30.952	34.173	0	2	186	0.323	0.304	NA	0.239	NA	180	-45
254	10	4	30.952	34.173	0	2	255	0.323	0.304	NA	0	NA	0	-180
255	10	5	31.012	34.173	0	2	255	0.383	0.246	NA	0.06	NA	0	0
256	10	6	31.012	34.173	0	2	116	0.383	0.246	NA	0	NA	0	0
257	10	7	31.012	34.053	0	2	81	0.502	0.298	NA	0.119	NA	-90	-90
258	10	8	31.012	34.053	0	2	255	0.502	0.298	NA	0	NA	0	90
259	10	9	31.012	34.053	0	2	186	0.502	0.298	NA	0	NA	0	0
260	10	10	30.893	34.292	0	2	233	0.769	0.363	NA	0.267	NA	116.565	116.565
261	10	11	31.191	34.769	0	2	116	1.331	0.54	NA	0.563	NA	57.995	-58.57
262	10	12	31.071	34.709	0	2	139	1.464	0.51	NA	0.133	NA	-153.435	148.57
263	10	13	31.25	35.246	0	2	186	2.03	1.014	NA	0.566	NA	71.565	-135
264	10	14	31.191	35.127	0	2	198	2.164	0.897	NA	0.133	NA	-116.565	171.87
265	10	15	31.191	35.008	0	2	186	2.283	0.778	NA	0.119	NA	-90	26.565
266	10	16	31.131	35.246	0	2	221	2.529	1.021	NA	0.246	NA	104.036	-165.964
267	10	17	31.131	35.306	0	2	139	2.588	1.08	NA	0.06	NA	90	-14.036
268	10	18	30.952	35.604	0	2	198	2.936	1.404	NA	0.348	NA	120.964	30.964
269	10	19	31.131	35.604	0	2	198	3.115	1.377	NA	0.179	NA	0	-120.964
270	11	1	30.893	34.948	0	2	198	0	0	NA	NA	NA	NA	NA
271	11	2	30.893	34.948	0	2	151	0	0	NA	0	NA	0	NA
272	11	3	30.893	34.948	0	2	81	0	0	NA	0	NA	0	0
273	11	4	30.893	34.948	0	2	151	0	0	NA	0	NA	0	0
274	11	5	30.893	34.948	0	2	139	0	0	NA	0	NA	0	0
275	11	6	30.714	35.604	0	2	93	0.68	0.68	NA	0.68	NA	105.255	105.255
276	11	7	31.012	35.246	0	2	116	1.146	0.321	NA	0.466	NA	-50.194	-155.45
277	11	8	31.012	35.246	0	2	81	1.146	0.321	NA	0	NA	0	50.194
278	11	9	31.012	35.246	0	2	23	1.146	0.321	NA	0	NA	0	0
279	11	10	30.773	35.067	0	2	116	1.444	0.169	NA	0.298	NA	-143.13	-143.13
280	11	11	30.773	35.067	0	2	151	1.444	0.169	NA	0	NA	0	143.13
281	11	12	30.833	34.829	0	2	174	1.69	0.133	NA	0.246	NA	-75.964	-75.964
282	11	13	30.654	34.53	0	2	93	2.038	0.481	NA	0.348	NA	-120.964	-45
283	11	14	30.893	34.53	0	2	128	2.276	0.417	NA	0.239	NA	0	120.964
284	11	15	30.952	34.471	0	2	93	2.36	0.481	NA	0.084	NA	-45	-45
285	11	16	30.773	34.53	0	2	163	2.549	0.434	NA	0.189	NA	161.565	-153.435
286	11	17	31.071	34.65	0	2	58	2.87	0.348	NA	0.321	NA	21.801	-139.764
287	11	18	30.952	34.888	0	2	163	3.137	0.084	NA	0.267	NA	116.565	94.764
288	11	19	30.773	35.067	0	2	116	3.39	0.169	NA	0.253	NA	135	18.435
289	12	1	32.324	25.108	0	2	139	0	0	NA	NA	NA	NA	NA
290	12	2	32.443	25.108	0	2	104	0.119	0.119	NA	0.119	NA	0	NA
291	12	3	32.443	25.108	0	2	128	0.119	0.119	NA	0	NA	0	0
292	12	4	32.622	25.108	0	2	69	0.298	0.298	NA	0.179	NA	0	0
293	12	5	32.801	24.988	0	2	116	0.513	0.492	NA	0.215	NA	-33.69	-33.69
294	12	6	32.801	24.452	0	2	255	1.05	0.811	NA	0.537	NA	-90	-56.31
295	12	7	32.801	24.332	0	2	255	1.169	0.91	NA	0.119	NA	-90	0
296	12	8	33.218	24.153	0	2	255	1.623	1.308	NA	0.454	NA	-23.199	66.801
297	12	9	33.576	23.676	0	2	255	2.22	1.902	NA	0.596	NA	-53.13	-29.932
298	12	10	32.92	23.438	0	2	255	2.918	1.773	NA	0.698	NA	-160.017	-106.887
299	12	11	32.92	23.438	0	2	255	2.918	1.773	NA	0	NA	0	160.017
300	12	12	32.92	23.438	0	2	233	2.918	1.773	NA	0	NA	0	0
301	12	13	33.159	23.318	0	2	255	3.185	1.974	NA	0.267	NA	-26.565	-26.565
302	12	14	33.159	23.318	0	2	255	3.185	1.974	NA	0	NA	0	26.565
303	12	15	33.278	23.318	0	2	255	3.304	2.028	NA	0.119	NA	0	0
304	12	16	33.278	23.378	0	2	139	3.363	1.975	NA	0.06	NA	90	90
305	12	17	33.397	23.378	0	2	174	3.483	2.036	NA	0.119	NA	0	-90
306	12	18	33.338	23.617	0	2	255	3.729	1.803	NA	0.246	NA	104.036	104.036
307	12	19	33.517	23.915	0	2	255	4.076	1.687	NA	0.348	NA	59.036	-45
308	12	20	33.576	23.975	0	2	244	4.161	1.689	NA	0.084	NA	45	-14.036
309	12	21	33.457	23.975	0	2	255	4.28	1.602	NA	0.119	NA	180	135
310	12	22	33.457	24.332	0	2	244	4.638	1.373	NA	0.358	NA	90	-90
311	12	23	33.338	24.332	0	2	186	4.757	1.276	NA	0.119	NA	180	90
312	12	24	33.04	24.392	0	2	116	5.061	1.012	NA	0.304	NA	168.69	-11.31
313	12	25	32.98	24.631	0	2	255	5.307	0.811	NA	0.246	NA	104.036	-64.654
314	12	26	32.98	24.631	0	2	255	5.307	0.811	NA	0	NA	0	-104.036
315	12	27	32.92	24.988	0	2	104	5.67	0.608	NA	0.363	NA	99.462	99.462
316	12	28	32.801	24.988	0	2	255	5.789	0.492	NA	0.119	NA	180	80.538
317	12	29	32.682	24.988	0	2	255	5.908	0.377	NA	0.119	NA	180	0
318	12	30	32.622	24.988	0	2	81	5.968	0.321	NA	0.06	NA	180	0
319	12	31	32.801	24.511	0	2	81	6.478	0.764	NA	0.51	NA	-69.444	110.556
320	13	1	31.668	29.103	0	2	58	0	0	NA	NA	NA	NA	NA
321	13	2	32.682	26.837	0	2	93	2.483	2.483	NA	2.483	NA	-65.898	NA
322	13	3	33.338	24.869	0	2	209	4.557	4.552	NA	2.075	NA	-71.565	-5.667
323	13	4	34.352	21.828	0	2	128	7.763	7.755	NA	3.206	NA	-71.565	0
324	13	5	34.53	20.993	0	2	34	8.617	8.601	NA	0.854	NA	-77.905	-6.34
325	13	6	35.783	22.066	0	2	23	10.267	8.152	NA	1.65	NA	40.601	118.507
326	14	1	32.682	32.443	0	2	69	0	0	NA	NA	NA	NA	NA
327	14	2	32.682	32.443	0	2	104	0	0	NA	0	NA	0	NA
328	14	3	32.682	32.443	0	2	116	0	0	NA	0	NA	0	0
329	14	4	32.682	32.443	0	2	11	0	0	NA	0	NA	0	0
330	14	5	32.443	32.562	0	2	58	0.267	0.267	NA	0.267	NA	153.435	153.435
331	14	6	32.562	33.159	0	2	151	0.875	0.726	NA	0.608	NA	78.69	-74.745
332	14	7	32.801	33.517	0	2	255	1.305	1.08	NA	0.43	NA	56.31	-22.38
333	14	8	32.562	33.934	0	2	163	1.786	1.496	NA	0.481	NA	119.745	63.435
334	14	9	32.562	33.994	0	2	139	1.845	1.555	NA	0.06	NA	90	-29.745
335	14	10	32.622	34.65	0	2	116	2.504	2.207	NA	0.659	NA	84.806	-5.194
336	14	11	32.801	35.067	0	2	93	2.958	2.627	NA	0.454	NA	66.801	-18.004
337	14	12	32.562	34.352	0	2	198	3.713	1.912	NA	0.754	NA	-108.435	-175.236
338	14	13	32.503	34.173	0	2	93	3.901	1.739	NA	0.189	NA	-108.435	0
339	14	14	32.383	34.053	0	2	69	4.07	1.638	NA	0.169	NA	-135	-26.565
340	14	15	32.383	34.352	0	2	139	4.368	1.932	NA	0.298	NA	90	-135
341	14	16	32.562	33.874	0	2	93	4.878	1.436	NA	0.51	NA	-69.444	-159.444
342	14	17	32.682	33.517	0	2	104	5.255	1.073	NA	0.377	NA	-71.565	-2.121
343	14	18	32.682	33.517	0	2	128	5.255	1.073	NA	0	NA	0	71.565
344	14	19	32.622	34.053	0	2	128	5.795	1.611	NA	0.54	NA	96.34	96.34
345	14	20	32.801	34.769	0	2	151	6.533	2.329	NA	0.738	NA	75.964	-20.376
346	14	21	32.801	35.425	0	2	139	7.189	2.984	NA	0.656	NA	90	14.036
347	14	22	32.503	36.618	0	2	116	8.418	4.178	NA	1.229	NA	104.036	14.036
348	14	23	32.383	37.751	0	2	151	9.557	5.316	NA	1.139	NA	96.009	-8.027
349	14	24	32.443	38.109	0	2	104	9.92	5.671	NA	0.363	NA	80.538	-15.471
350	14	25	32.324	36.558	0	2	116	11.475	4.131	NA	1.555	NA	-94.399	-174.936
351	14	26	32.503	36.021	0	2	46	12.041	3.583	NA	0.566	NA	-71.565	22.834
352	14	27	32.383	35.425	0	2	58	12.649	2.997	NA	0.608	NA	-101.31	-29.745
353	14	28	32.443	35.008	0	2	58	13.071	2.576	NA	0.422	NA	-81.87	19.44
354	14	29	32.682	34.59	0	2	81	13.552	2.147	NA	0.481	NA	-60.255	21.615
355	15	1	32.145	35.664	0	2	116	0	0	NA	NA	NA	NA	NA
356	15	2	32.383	34.113	0	2	58	1.569	1.569	NA	1.569	NA	-81.254	NA
357	15	3	32.861	32.383	0	2	116	3.363	3.357	NA	1.794	NA	-74.578	6.676
358	15	4	33.04	31.787	0	2	104	3.986	3.978	NA	0.623	NA	-73.301	1.277
359	15	5	32.92	31.549	0	2	69	4.252	4.187	NA	0.267	NA	-116.565	-43.264
360	15	6	32.741	30.535	0	2	104	5.282	5.163	NA	1.03	NA	-100.008	16.557
361	15	7	32.741	30.117	0	2	23	5.699	5.578	NA	0.417	NA	-90	10.008
362	15	8	32.622	29.521	0	2	34	6.307	6.161	NA	0.608	NA	-101.31	-11.31
363	15	9	32.622	29.103	0	2	93	6.725	6.578	NA	0.417	NA	-90	11.31
364	15	10	32.92	27.076	0	2	116	8.774	8.623	NA	2.05	NA	-81.634	8.366
365	15	11	32.861	25.465	0	2	69	10.386	10.223	NA	1.611	NA	-92.121	-10.487
366	16	1	32.205	33.815	0	2	34	0	0	NA	NA	NA	NA	NA
367	16	2	32.145	33.397	0	2	69	0.422	0.422	NA	0.422	NA	-98.13	NA
368	16	3	32.085	32.98	0	2	58	0.843	0.843	NA	0.422	NA	-98.13	0
369	16	4	32.205	32.801	0	2	46	1.058	1.014	NA	0.215	NA	-56.31	41.82
370	16	5	32.085	32.622	0	2	81	1.273	1.199	NA	0.215	NA	-123.69	-67.38
371	16	6	32.205	32.205	0	2	139	1.708	1.61	NA	0.434	NA	-74.055	49.635
372	16	7	32.264	31.429	0	2	46	2.485	2.386	NA	0.778	NA	-85.601	-11.547
373	16	8	32.443	31.429	0	2	69	2.664	2.397	NA	0.179	NA	0	85.601
374	16	9	32.205	31.071	0	2	58	3.094	2.743	NA	0.43	NA	-123.69	-123.69
375	16	10	32.443	31.429	0	2	46	3.524	2.397	NA	0.43	NA	56.31	180
376	16	11	32.383	30.893	0	2	69	4.064	2.928	NA	0.54	NA	-96.34	-152.65
377	17	1	33.696	39.003	0	2	46	0	0	NA	NA	NA	NA	NA
378	17	2	33.696	39.003	0	2	23	0	0	NA	0	NA	0	NA
379	17	3	33.338	39.003	0	2	233	0.358	0.358	NA	0.358	NA	180	180
380	17	4	33.397	39.003	0	2	151	0.417	0.298	NA	0.06	NA	0	-180
381	17	5	33.397	39.003	0	2	104	0.417	0.298	NA	0	NA	0	0
382	17	6	33.397	39.003	0	2	198	0.417	0.298	NA	0	NA	0	0
383	17	7	33.338	39.182	0	2	151	0.606	0.4	NA	0.189	NA	108.435	108.435
384	17	8	33.338	39.182	0	2	81	0.606	0.4	NA	0	NA	0	-108.435
385	17	9	33.159	39.48	0	2	139	0.954	0.718	NA	0.348	NA	120.964	120.964
386	17	10	33.099	39.54	0	2	221	1.038	0.802	NA	0.084	NA	135	14.036
387	17	11	33.099	39.54	0	2	174	1.038	0.802	NA	0	NA	0	-135
388	17	12	33.099	39.6	0	2	255	1.098	0.843	NA	0.06	NA	90	90
389	17	13	32.92	39.361	0	2	233	1.396	0.854	NA	0.298	NA	-126.87	143.13
390	17	14	32.98	39.361	0	2	23	1.456	0.8	NA	0.06	NA	0	126.87
391	17	15	32.92	37.87	0	2	46	2.948	1.373	NA	1.492	NA	-92.291	-92.291
392	17	16	32.98	37.333	0	2	23	3.488	1.817	NA	0.54	NA	-83.66	8.631
393	17	17	32.801	37.333	0	2	46	3.667	1.894	NA	0.179	NA	180	-96.34
394	17	18	32.562	37.512	0	2	69	3.965	1.873	NA	0.298	NA	143.13	-36.87
395	17	19	32.682	37.811	0	2	93	4.286	1.565	NA	0.321	NA	68.199	-74.932
396	17	20	32.682	37.811	0	2	163	4.286	1.565	NA	0	NA	0	-68.199
397	17	21	32.383	37.572	0	2	69	4.668	1.942	NA	0.382	NA	-141.34	-141.34
398	17	22	32.682	37.632	0	2	23	4.972	1.706	NA	0.304	NA	11.31	152.65
399	17	23	32.682	37.632	0	2	81	4.972	1.706	NA	0	NA	0	-11.31
400	17	24	32.801	37.751	0	2	69	5.141	1.539	NA	0.169	NA	45	45
401	18	1	31.191	35.664	0	2	186	0	0	NA	NA	NA	NA	NA
402	18	2	30.952	35.604	0	2	128	0.246	0.246	NA	0.246	NA	-165.964	NA
403	18	3	31.31	35.962	0	2	46	0.752	0.321	NA	0.506	NA	45	-149.036
404	18	4	31.549	36.021	0	2	23	0.998	0.506	NA	0.246	NA	14.036	-30.964
405	18	5	31.191	36.021	0	2	163	1.356	0.358	NA	0.358	NA	180	165.964
406	18	6	31.25	36.021	0	2	116	1.415	0.363	NA	0.06	NA	0	-180
407	18	7	30.893	36.499	0	2	186	2.012	0.887	NA	0.596	NA	126.87	126.87
408	18	8	31.131	36.558	0	2	104	2.258	0.897	NA	0.246	NA	14.036	-112.834
409	18	9	30.952	36.379	0	2	151	2.511	0.754	NA	0.253	NA	-135	-149.036
410	18	10	31.012	36.32	0	2	46	2.595	0.68	NA	0.084	NA	-45	90
411	18	11	31.31	37.214	0	2	104	3.538	1.555	NA	0.943	NA	71.565	116.565
412	18	12	31.191	37.095	0	2	174	3.707	1.431	NA	0.169	NA	-135	153.435
413	18	13	31.25	37.155	0	2	93	3.791	1.492	NA	0.084	NA	45	180
414	18	14	31.191	37.155	0	2	69	3.851	1.491	NA	0.06	NA	180	135
415	18	15	31.25	37.155	0	2	116	3.91	1.492	NA	0.06	NA	0	-180
416	18	16	31.071	37.274	0	2	58	4.125	1.615	NA	0.215	NA	146.31	146.31
417	18	17	31.489	37.512	0	2	116	4.606	1.873	NA	0.481	NA	29.745	-116.565
418	18	18	31.131	37.751	0	2	69	5.036	2.088	NA	0.43	NA	146.31	116.565
419	18	19	31.071	37.989	0	2	93	5.282	2.329	NA	0.246	NA	104.036	-42.274
420	18	20	31.071	37.87	0	2	46	5.401	2.21	NA	0.119	NA	-90	165.964
421	18	21	31.071	37.87	0	2	69	5.401	2.21	NA	0	NA	0	90
422	18	22	31.489	37.453	0	2	186	5.992	1.814	NA	0.59	NA	-45	-45
423	18	23	31.489	37.632	0	2	139	6.171	1.991	NA	0.179	NA	90	135
424	18	24	31.489	37.93	0	2	81	6.469	2.286	NA	0.298	NA	90	0
425	18	25	31.37	37.93	0	2	139	6.588	2.273	NA	0.119	NA	180	90
426	18	26	31.549	37.93	0	2	104	6.767	2.294	NA	0.179	NA	0	-180
427	18	27	31.37	38.168	0	2	139	7.065	2.511	NA	0.298	NA	126.87	126.87
428	18	28	31.608	37.751	0	2	174	7.546	2.129	NA	0.481	NA	-60.255	172.875
429	19	1	32.264	35.186	0	2	81	0	0	NA	NA	NA	NA	NA
430	19	2	32.205	35.604	0	2	128	0.422	0.422	NA	0.422	NA	98.13	NA
431	19	3	32.503	36.021	0	2	81	0.935	0.868	NA	0.513	NA	54.462	-43.668
432	19	4	32.801	37.214	0	2	58	2.164	2.098	NA	1.229	NA	75.964	21.501
433	19	5	32.026	37.751	0	2	163	3.107	2.576	NA	0.943	NA	145.305	69.341
434	19	6	32.443	38.645	0	2	23	4.094	3.464	NA	0.987	NA	64.983	-80.322
435	19	7	32.503	38.944	0	2	23	4.398	3.765	NA	0.304	NA	78.69	13.707
436	19	8	32.682	38.705	0	2	69	4.697	3.543	NA	0.298	NA	-53.13	-131.82
437	19	9	32.383	39.48	0	2	139	5.527	4.296	NA	0.831	NA	111.038	164.168
438	20	1	33.218	49.261	0	2	139	0	0	NA	NA	NA	NA	NA
439	20	2	33.576	48.665	0	2	81	0.695	0.695	NA	0.695	NA	-59.036	NA
440	20	3	33.696	48.009	0	2	69	1.362	1.34	NA	0.667	NA	-79.695	-20.659
441	20	4	34.113	47.83	0	2	104	1.816	1.688	NA	0.454	NA	-23.199	56.497
442	20	5	33.994	47.353	0	2	151	2.308	2.06	NA	0.492	NA	-104.036	-80.838
443	20	6	33.874	48.545	0	2	34	3.507	0.971	NA	1.199	NA	95.711	-160.253
444	20	7	33.815	48.307	0	2	81	3.753	1.125	NA	0.246	NA	-104.036	160.253
445	20	8	33.815	48.247	0	2	11	3.812	1.176	NA	0.06	NA	-90	14.036
446	20	9	33.934	47.77	0	2	23	4.304	1.654	NA	0.492	NA	-75.964	14.036
447	20	10	33.517	48.903	0	2	139	5.512	0.466	NA	1.208	NA	110.225	-173.811
448	20	11	33.576	48.367	0	2	174	6.052	0.963	NA	0.54	NA	-83.66	166.115
449	20	12	33.576	49.142	0	2	58	6.827	0.377	NA	0.775	NA	90	173.66
450	20	13	33.576	49.142	0	2	104	6.827	0.377	NA	0	NA	0	-90
451	20	14	33.636	49.023	0	2	104	6.961	0.481	NA	0.133	NA	-63.435	-63.435
452	20	15	33.576	48.009	0	2	116	7.976	1.303	NA	1.016	NA	-93.366	-29.932
453	20	16	33.874	48.128	0	2	34	8.297	1.309	NA	0.321	NA	21.801	115.168
454	20	17	33.874	47.71	0	2	81	8.715	1.684	NA	0.417	NA	-90	-111.801
455	20	18	33.874	47.174	0	2	93	9.252	2.188	NA	0.537	NA	-90	0
456	20	19	33.934	46.518	0	2	93	9.91	2.835	NA	0.659	NA	-84.806	5.194
457	20	20	33.934	46.041	0	2	46	10.387	3.299	NA	0.477	NA	-90	-5.194
458	21	1	33.874	46.1	0	2	81	0	0	NA	NA	NA	NA	NA
459	21	2	33.994	46.1	0	2	139	0.119	0.119	NA	0.119	NA	0	NA
460	21	3	33.874	47.233	0	2	81	1.259	1.133	NA	1.139	NA	96.009	96.009
461	21	4	34.232	46.518	0	2	69	2.059	0.55	NA	0.8	NA	-63.435	-159.444
462	21	5	33.994	45.862	0	2	174	2.757	0.267	NA	0.698	NA	-109.983	-46.548
463	21	6	33.994	44.848	0	2	116	3.771	1.258	NA	1.014	NA	-90	19.983
464	21	7	34.411	44.729	0	2	0	4.205	1.473	NA	0.434	NA	-15.945	74.055
465	21	8	34.173	44.729	0	2	23	4.443	1.404	NA	0.239	NA	180	-164.055
466	21	9	34.053	46.279	0	2	69	5.999	0.253	NA	1.555	NA	94.399	-85.601
467	21	10	34.053	46.339	0	2	34	6.058	0.298	NA	0.06	NA	90	-4.399
468	21	11	33.994	46.398	0	2	69	6.143	0.321	NA	0.084	NA	135	45
469	21	12	33.576	46.458	0	2	139	6.564	0.466	NA	0.422	NA	171.87	36.87
470	21	13	33.815	45.683	0	2	128	7.375	0.422	NA	0.811	NA	-72.897	115.233
471	21	14	34.053	44.848	0	2	58	8.244	1.265	NA	0.868	NA	-74.055	-1.157
472	21	15	33.934	45.444	0	2	81	8.852	0.659	NA	0.608	NA	101.31	175.365
473	21	16	33.934	45.086	0	2	128	9.21	1.016	NA	0.358	NA	-90	168.69
474	21	17	33.636	44.967	0	2	186	9.531	1.158	NA	0.321	NA	-158.199	-68.199
475	21	18	33.696	44.967	0	2	186	9.591	1.147	NA	0.06	NA	0	158.199
476	21	19	33.994	44.967	0	2	69	9.889	1.139	NA	0.298	NA	0	0
477	21	20	33.994	44.967	0	2	81	9.889	1.139	NA	0	NA	0	0
478	21	21	33.636	44.967	0	2	116	10.247	1.158	NA	0.358	NA	180	180
479	21	22	33.576	45.206	0	2	186	10.493	0.943	NA	0.246	NA	104.036	-75.964
480	21	23	33.696	45.206	0	2	93	10.612	0.912	NA	0.119	NA	0	-104.036
481	21	24	33.636	45.206	0	2	255	10.671	0.926	NA	0.06	NA	180	180
482	21	25	33.636	45.206	0	2	209	10.671	0.926	NA	0	NA	0	-180
483	21	26	33.576	45.206	0	2	255	10.731	0.943	NA	0.06	NA	180	180
484	21	27	33.576	45.206	0	2	116	10.731	0.943	NA	0	NA	0	-180
485	21	28	33.576	45.206	0	2	221	10.731	0.943	NA	0	NA	0	0
486	21	29	33.576	44.907	0	2	93	11.029	1.229	NA	0.298	NA	-90	-90
487	21	30	33.576	44.967	0	2	163	11.089	1.172	NA	0.06	NA	90	180
488	22	1	30.594	41.448	0	2	139	0	0	NA	NA	NA	NA	NA
489	22	2	30.773	41.926	0	2	255	0.51	0.51	NA	0.51	NA	69.444	NA
490	22	3	30.773	41.926	0	2	116	0.51	0.51	NA	0	NA	0	-69.444
491	22	4	30.714	41.806	0	2	34	0.643	0.377	NA	0.133	NA	-116.565	-116.565
492	22	5	30.714	41.985	0	2	151	0.822	0.55	NA	0.179	NA	90	-153.435
493	22	6	30.594	42.522	0	2	255	1.372	1.073	NA	0.55	NA	102.529	12.529
494	22	7	30.535	42.701	0	2	255	1.56	1.254	NA	0.189	NA	108.435	5.906
495	22	8	30.535	42.701	0	2	104	1.56	1.254	NA	0	NA	0	-108.435
496	22	9	30.654	43.953	0	2	255	2.818	2.506	NA	1.258	NA	84.56	84.56
497	22	10	30.714	44.192	0	2	174	3.064	2.746	NA	0.246	NA	75.964	-8.596
498	22	11	30.714	44.192	0	2	221	3.064	2.746	NA	0	NA	0	-75.964
499	22	12	30.535	44.371	0	2	174	3.317	2.923	NA	0.253	NA	135	135
500	22	13	30.654	44.251	0	2	255	3.486	2.804	NA	0.169	NA	-45	-180
501	22	14	30.594	44.251	0	2	244	3.546	2.803	NA	0.06	NA	180	-135
502	22	15	30.594	44.251	0	2	174	3.546	2.803	NA	0	NA	0	-180
503	22	16	30.773	44.311	0	2	104	3.734	2.868	NA	0.189	NA	18.435	18.435
504	23	1	29.938	40.136	0	2	34	0	0	NA	NA	NA	NA	NA
505	23	2	30.296	39.898	0	2	104	0.43	0.43	NA	0.43	NA	-33.69	NA
506	23	3	30.415	40.256	0	2	93	0.807	0.492	NA	0.377	NA	71.565	105.255
507	23	4	30.535	39.898	0	2	174	1.184	0.642	NA	0.377	NA	-71.565	-143.13
508	23	5	30.594	39.6	0	2	255	1.489	0.848	NA	0.304	NA	-78.69	-7.125
509	23	6	30.475	39.6	0	2	209	1.608	0.759	NA	0.119	NA	180	-101.31
510	23	7	30.594	39.779	0	2	174	1.823	0.747	NA	0.215	NA	56.31	-123.69
511	23	8	30.296	39.6	0	2	81	2.171	0.645	NA	0.348	NA	-149.036	154.654
512	23	9	30.893	39.6	0	2	69	2.767	1.095	NA	0.596	NA	0	149.036
513	23	10	30.952	40.017	0	2	93	3.189	1.021	NA	0.422	NA	81.87	81.87
514	23	11	31.31	39.898	0	2	93	3.566	1.392	NA	0.377	NA	-18.435	-100.305
515	23	12	31.071	40.315	0	2	244	4.047	1.147	NA	0.481	NA	119.745	138.18
516	24	1	29.521	33.755	0	2	58	0	0	NA	NA	NA	NA	NA
517	24	2	29.521	33.755	0	2	23	0	0	NA	0	NA	0	NA
518	24	3	29.342	33.755	0	2	93	0.179	0.179	NA	0.179	NA	180	180
519	24	4	29.342	33.755	0	2	69	0.179	0.179	NA	0	NA	0	-180
520	24	5	29.282	33.874	0	2	11	0.312	0.267	NA	0.133	NA	116.565	116.565
521	24	6	29.64	33.874	0	2	34	0.67	0.169	NA	0.358	NA	0	-116.565
522	24	7	29.282	33.874	0	2	93	1.028	0.267	NA	0.358	NA	180	180
523	24	8	29.402	34.053	0	2	93	1.243	0.321	NA	0.215	NA	56.31	-123.69
524	25	1	33.636	15.685	0	2	186	0	0	NA	NA	NA	NA	NA
525	25	2	33.815	15.744	0	2	163	0.189	0.189	NA	0.189	NA	18.435	NA
526	25	3	33.755	15.983	0	2	81	0.434	0.321	NA	0.246	NA	104.036	85.601
527	25	4	33.576	16.102	0	2	186	0.65	0.422	NA	0.215	NA	146.31	42.274
528	25	5	33.218	17.235	0	2	128	1.838	1.606	NA	1.188	NA	107.526	-38.784
529	25	6	33.397	17.355	0	2	69	2.053	1.687	NA	0.215	NA	33.69	-73.836
530	26	1	34.053	15.983	0	2	128	0	0	NA	NA	NA	NA	NA
531	26	2	33.696	16.162	0	2	58	0.4	0.4	NA	0.4	NA	153.435	NA
532	26	3	33.874	16.4	0	2	104	0.698	0.454	NA	0.298	NA	53.13	-100.305
533	26	4	34.113	16.579	0	2	34	0.996	0.599	NA	0.298	NA	36.87	-16.26
534	26	5	34.053	16.579	0	2	34	1.056	0.596	NA	0.06	NA	180	143.13
535	26	6	33.874	16.579	0	2	34	1.235	0.623	NA	0.179	NA	180	0
536	26	7	33.755	17.056	0	2	116	1.727	1.114	NA	0.492	NA	104.036	-75.964
537	26	8	33.397	18.249	0	2	34	2.972	2.359	NA	1.245	NA	106.699	2.663
538	26	9	33.755	18.369	0	2	46	3.349	2.404	NA	0.377	NA	18.435	-88.264
539	26	10	33.636	18.369	0	2	23	3.469	2.422	NA	0.119	NA	180	161.565
540	26	11	33.636	18.428	0	2	46	3.528	2.481	NA	0.06	NA	90	-90
541	26	12	33.755	18.13	0	2	46	3.849	2.168	NA	0.321	NA	-68.199	-158.199
542	26	13	33.338	18.547	0	2	104	4.44	2.662	NA	0.59	NA	135	-156.801
543	26	14	33.576	18.309	0	2	58	4.777	2.374	NA	0.337	NA	-45	-180
544	27	1	33.755	16.579	0	2	104	0	0	NA	NA	NA	NA	NA
545	27	2	33.934	17.295	0	2	69	0.738	0.738	NA	0.738	NA	75.964	NA
546	27	3	33.636	17.772	0	2	81	1.3	1.199	NA	0.563	NA	122.005	46.042
547	27	4	33.636	18.428	0	2	46	1.956	1.853	NA	0.656	NA	90	-32.005
548	27	5	32.92	19.442	0	2	34	3.197	2.982	NA	1.241	NA	125.218	35.218
549	27	6	33.099	19.681	0	2	69	3.496	3.17	NA	0.298	NA	53.13	-72.087
550	27	7	33.278	19.74	0	2	34	3.684	3.197	NA	0.189	NA	18.435	-34.695
551	27	8	33.218	19.919	0	2	23	3.873	3.383	NA	0.189	NA	108.435	90
552	28	1	39.838	26.778	0	2	174	0	0	NA	NA	NA	NA	NA
553	28	2	39.838	26.778	0	2	116	0	0	NA	0	NA	0	NA
554	28	3	39.958	26.718	0	2	151	0.133	0.133	NA	0.133	NA	-26.565	-26.565
555	28	4	39.659	26.778	0	2	233	0.437	0.179	NA	0.304	NA	168.69	-164.745
556	28	5	39.719	26.837	0	2	255	0.522	0.133	NA	0.084	NA	45	-123.69
557	28	6	39.719	26.837	0	2	255	0.522	0.133	NA	0	NA	0	-45
558	28	7	39.719	26.837	0	2	104	0.522	0.133	NA	0	NA	0	0
559	28	8	39.779	27.016	0	2	221	0.71	0.246	NA	0.189	NA	71.565	71.565
560	28	9	39.838	27.016	0	2	233	0.77	0.239	NA	0.06	NA	0	-71.565
561	28	10	39.898	27.314	0	2	221	1.074	0.54	NA	0.304	NA	78.69	78.69
562	28	11	39.898	27.434	0	2	128	1.193	0.659	NA	0.119	NA	90	11.31
563	28	12	39.898	27.434	0	2	163	1.193	0.659	NA	0	NA	0	-90
564	28	13	39.719	27.434	0	2	255	1.372	0.667	NA	0.179	NA	180	180
565	28	14	39.719	27.434	0	2	221	1.372	0.667	NA	0	NA	0	-180
566	28	15	39.719	27.434	0	2	163	1.372	0.667	NA	0	NA	0	0
567	28	16	39.719	27.493	0	2	139	1.432	0.726	NA	0.06	NA	90	90
568	28	17	39.719	27.791	0	2	81	1.73	1.021	NA	0.298	NA	90	0
569	28	18	39.719	27.791	0	2	151	1.73	1.021	NA	0	NA	0	-90
570	28	19	39.719	27.791	0	2	116	1.73	1.021	NA	0	NA	0	0
571	28	20	39.779	27.851	0	2	104	1.814	1.075	NA	0.084	NA	45	45
572	28	21	39.779	27.851	0	2	116	1.814	1.075	NA	0	NA	0	-45
573	28	22	39.779	27.851	0	2	128	1.814	1.075	NA	0	NA	0	0
574	28	23	39.898	27.97	0	2	93	1.983	1.194	NA	0.169	NA	45	45
575	28	24	39.898	27.97	0	2	81	1.983	1.194	NA	0	NA	0	-45
576	28	25	39.898	28.09	0	2	139	2.102	1.313	NA	0.119	NA	90	90
577	28	26	40.077	28.149	0	2	69	2.291	1.392	NA	0.189	NA	18.435	-71.565
578	28	27	40.077	28.328	0	2	81	2.47	1.569	NA	0.179	NA	90	71.565
579	28	28	40.077	28.268	0	2	104	2.53	1.51	NA	0.06	NA	-90	-180
580	28	29	40.315	28.09	0	2	46	2.828	1.396	NA	0.298	NA	-36.87	53.13
581	28	30	40.256	27.97	0	2	34	2.961	1.264	NA	0.133	NA	-116.565	-79.695
582	28	31	40.375	27.911	0	2	34	3.094	1.254	NA	0.133	NA	-26.565	90
583	28	32	40.315	28.03	0	2	93	3.228	1.34	NA	0.133	NA	116.565	143.13
584	28	33	40.017	28.268	0	2	58	3.61	1.502	NA	0.382	NA	141.34	24.775
585	28	34	40.077	28.268	0	2	46	3.669	1.51	NA	0.06	NA	0	-141.34
586	28	35	40.196	28.268	0	2	46	3.789	1.533	NA	0.119	NA	0	0
587	28	36	40.196	28.746	0	2	46	4.266	2	NA	0.477	NA	90	90
588	28	37	39.779	29.282	0	2	46	4.946	2.506	NA	0.68	NA	127.875	37.875
589	29	1	37.87	25.883	0	2	46	0	0	NA	NA	NA	NA	NA
590	29	2	38.288	26.121	0	2	34	0.481	0.481	NA	0.481	NA	29.745	NA
591	29	3	38.228	26.241	0	2	11	0.614	0.506	NA	0.133	NA	116.565	86.82
592	29	4	38.168	26.42	0	2	23	0.803	0.614	NA	0.189	NA	108.435	-8.13
593	29	5	38.168	26.479	0	2	23	0.862	0.667	NA	0.06	NA	90	-18.435
594	29	6	38.109	26.718	0	2	11	1.108	0.868	NA	0.246	NA	104.036	14.036
595	29	7	37.87	26.837	0	2	46	1.375	0.954	NA	0.267	NA	153.435	49.399
596	30	1	35.902	25.287	0	2	58	0	0	NA	NA	NA	NA	NA
597	30	2	35.902	25.287	0	2	34	0	0	NA	0	NA	0	NA
598	30	3	36.2	25.764	0	2	0	0.563	0.563	NA	0.563	NA	57.995	57.995
599	30	4	36.618	25.585	0	2	0	1.017	0.775	NA	0.454	NA	-23.199	-81.193
600	30	5	36.26	26.479	0	2	34	1.98	1.245	NA	0.963	NA	111.801	135
601	30	6	35.664	26.897	0	2	58	2.708	1.628	NA	0.728	NA	145.008	33.207
602	30	7	35.783	26.062	0	2	174	3.552	0.784	NA	0.843	NA	-81.87	133.122
603	30	8	35.723	26.42	0	2	11	3.914	1.147	NA	0.363	NA	99.462	-178.668
604	30	9	35.485	26.36	0	2	34	4.16	1.152	NA	0.246	NA	-165.964	94.574
605	30	10	36.141	26.36	0	2	11	4.816	1.1	NA	0.656	NA	0	165.964
606	31	1	38.645	37.751	0	2	128	0	0	NA	NA	NA	NA	NA
607	31	2	38.645	37.751	0	2	104	0	0	NA	0	NA	0	NA
608	31	3	39.003	37.691	0	2	58	0.363	0.363	NA	0.363	NA	-9.462	-9.462
609	31	4	39.242	37.87	0	2	198	0.661	0.608	NA	0.298	NA	36.87	46.332
610	31	5	39.063	37.989	0	2	116	0.876	0.481	NA	0.215	NA	146.31	109.44
611	31	6	39.242	38.049	0	2	186	1.065	0.667	NA	0.189	NA	18.435	-127.875
612	31	7	39.719	38.049	0	2	69	1.542	1.114	NA	0.477	NA	0	-18.435
613	31	8	39.6	37.93	0	2	174	1.71	0.971	NA	0.169	NA	-135	-135
614	31	9	39.6	38.049	0	2	174	1.83	1	NA	0.119	NA	90	-135
615	31	10	39.6	38.467	0	2	81	2.247	1.193	NA	0.417	NA	90	0
616	31	11	39.779	38.288	0	2	46	2.5	1.254	NA	0.253	NA	-45	-135
617	31	12	39.779	38.288	0	2	81	2.5	1.254	NA	0	NA	0	45
618	31	13	40.077	38.586	0	2	23	2.922	1.657	NA	0.422	NA	45	45
619	31	14	39.779	38.467	0	2	128	3.243	1.34	NA	0.321	NA	-158.199	156.801
620	31	15	40.017	38.705	0	2	23	3.58	1.671	NA	0.337	NA	45	-156.801
621	31	16	39.838	38.705	0	2	93	3.759	1.527	NA	0.179	NA	180	135
622	32	1	36.856	38.407	0	2	58	0	0	NA	NA	NA	NA	NA
623	32	2	36.797	38.109	0	2	93	0.304	0.304	NA	0.304	NA	-101.31	NA
624	32	3	36.737	38.109	0	2	69	0.364	0.321	NA	0.06	NA	180	-78.69
625	32	4	36.737	38.288	0	2	116	0.543	0.169	NA	0.179	NA	90	-90
626	32	5	36.856	38.228	0	2	69	0.676	0.179	NA	0.133	NA	-26.565	-116.565
627	32	6	36.916	36.379	0	2	116	2.526	2.029	NA	1.85	NA	-88.152	-61.587
628	32	7	36.916	35.962	0	2	116	2.943	2.446	NA	0.417	NA	-90	-1.848
629	32	8	36.976	35.485	0	2	93	3.424	2.925	NA	0.481	NA	-82.875	7.125
630	32	9	37.035	35.306	0	2	69	3.613	3.106	NA	0.189	NA	-71.565	11.31
631	32	10	36.916	35.783	0	2	186	4.104	2.625	NA	0.492	NA	104.036	175.601
632	32	11	37.035	35.425	0	2	104	4.482	2.987	NA	0.377	NA	-71.565	-175.601
633	32	12	36.856	35.723	0	2	58	4.829	2.684	NA	0.348	NA	120.964	-167.471
634	32	13	37.214	35.783	0	2	163	5.192	2.648	NA	0.363	NA	9.462	-111.501
635	32	14	37.214	35.485	0	2	128	5.49	2.944	NA	0.298	NA	-90	-99.462
636	32	15	37.274	35.067	0	2	69	5.912	3.366	NA	0.422	NA	-81.87	8.13
637	33	1	39.958	30.415	0	2	139	0	0	NA	NA	NA	NA	NA
638	33	2	39.958	30.475	0	2	128	0.06	0.06	NA	0.06	NA	90	NA
639	33	3	40.017	30.237	0	2	58	0.306	0.189	NA	0.246	NA	-75.964	-165.964
640	33	4	39.421	30.654	0	2	104	1.034	0.587	NA	0.728	NA	145.008	-139.028
641	33	5	38.109	31.489	0	2	69	2.589	2.138	NA	1.555	NA	147.529	2.521
642	33	6	37.989	32.264	0	2	93	3.373	2.7	NA	0.784	NA	98.746	-48.783
643	33	7	37.989	32.622	0	2	58	3.731	2.957	NA	0.358	NA	90	-8.746
644	33	8	37.572	33.278	0	2	69	4.509	3.726	NA	0.778	NA	122.471	32.471
645	34	1	38.407	27.255	0	2	58	0	0	NA	NA	NA	NA	NA
646	34	2	38.407	27.255	0	2	11	0	0	NA	0	NA	0	NA
647	34	3	38.168	27.255	0	2	139	0.239	0.239	NA	0.239	NA	180	180
648	34	4	37.632	27.434	0	2	34	0.804	0.796	NA	0.566	NA	161.565	-18.435
649	34	5	37.512	27.255	0	2	34	1.019	0.895	NA	0.215	NA	-123.69	74.745
650	34	6	36.976	27.195	0	2	0	1.559	1.433	NA	0.54	NA	-173.66	-49.97
651	34	7	36.499	27.314	0	2	174	2.051	1.909	NA	0.492	NA	165.964	-20.376
652	34	8	36.677	27.314	0	2	128	2.23	1.731	NA	0.179	NA	0	-165.964
653	34	9	36.677	27.374	0	2	163	2.29	1.734	NA	0.06	NA	90	90
654	34	10	36.677	27.434	0	2	58	2.349	1.739	NA	0.06	NA	90	0
655	34	11	36.558	27.612	0	2	58	2.564	1.883	NA	0.215	NA	123.69	33.69
656	34	12	36.618	27.672	0	2	209	2.649	1.837	NA	0.084	NA	45	-78.69
657	34	13	36.558	27.97	0	2	23	2.953	1.982	NA	0.304	NA	101.31	56.31
658	34	14	36.439	27.911	0	2	93	3.086	2.075	NA	0.133	NA	-153.435	105.255
659	34	15	36.618	28.03	0	2	23	3.301	1.95	NA	0.215	NA	33.69	-172.875
660	34	16	36.677	27.911	0	2	46	3.435	1.85	NA	0.133	NA	-63.435	-97.125
661	35	1	40.315	28.626	0	2	244	0	0	NA	NA	NA	NA	NA
662	35	2	40.315	28.626	0	2	163	0	0	NA	0	NA	0	NA
663	35	3	40.196	28.388	0	2	128	0.267	0.267	NA	0.267	NA	-116.565	-116.565
664	35	4	40.196	28.388	0	2	221	0.267	0.267	NA	0	NA	0	116.565
665	35	5	40.256	28.388	0	2	244	0.326	0.246	NA	0.06	NA	0	0
666	35	6	40.196	29.163	0	2	209	1.104	0.55	NA	0.778	NA	94.399	94.399
667	35	7	40.196	29.163	0	2	151	1.104	0.55	NA	0	NA	0	-94.399
668	35	8	40.196	29.163	0	2	174	1.104	0.55	NA	0	NA	0	0
669	35	9	40.077	29.342	0	2	255	1.319	0.754	NA	0.215	NA	123.69	123.69
670	35	10	40.077	29.342	0	2	255	1.319	0.754	NA	0	NA	0	-123.69
671	35	11	40.077	29.342	0	2	233	1.319	0.754	NA	0	NA	0	0
672	35	12	40.017	29.282	0	2	104	1.403	0.721	NA	0.084	NA	-135	-135
673	35	13	40.017	29.521	0	2	104	1.642	0.943	NA	0.239	NA	90	-135
674	35	14	40.017	29.581	0	2	151	1.701	1	NA	0.06	NA	90	0
675	35	15	40.077	29.64	0	2	151	1.786	1.042	NA	0.084	NA	45	-45
676	35	16	40.077	29.342	0	2	116	2.084	0.754	NA	0.298	NA	-90	-135
677	35	17	39.958	29.223	0	2	128	2.253	0.695	NA	0.169	NA	-135	-45
678	35	18	40.375	29.461	0	2	116	2.734	0.837	NA	0.481	NA	29.745	164.745
679	35	19	39.898	29.819	0	2	128	3.33	1.264	NA	0.596	NA	143.13	113.385
680	35	20	40.136	29.759	0	2	128	3.576	1.147	NA	0.246	NA	-14.036	-157.166
681	35	21	40.077	29.64	0	2	116	3.709	1.042	NA	0.133	NA	-116.565	-102.529
682	35	22	40.077	29.64	0	2	104	3.709	1.042	NA	0	NA	0	116.565
683	35	23	40.136	29.64	0	2	69	3.769	1.03	NA	0.06	NA	0	0
684	35	24	40.673	29.282	0	2	58	4.414	0.747	NA	0.645	NA	-33.69	-33.69
685	35	25	40.792	28.686	0	2	69	5.022	0.481	NA	0.608	NA	-78.69	-45
686	35	26	40.673	29.461	0	2	128	5.806	0.908	NA	0.784	NA	98.746	177.436
687	35	27	40.733	29.402	0	2	128	5.891	0.881	NA	0.084	NA	-45	-143.746
688	35	28	40.614	29.461	0	2	93	6.024	0.887	NA	0.133	NA	153.435	-161.565
689	35	29	40.673	29.282	0	2	116	6.213	0.747	NA	0.189	NA	-71.565	135
690	35	30	40.673	29.64	0	2	46	6.571	1.075	NA	0.358	NA	90	161.565
691	35	31	40.912	28.984	0	2	81	7.269	0.695	NA	0.698	NA	-70.017	-160.017
692	36	1	40.077	30.117	0	2	198	0	0	NA	NA	NA	NA	NA
693	36	2	40.077	30.117	0	2	93	0	0	NA	0	NA	0	NA
694	36	3	40.017	30.117	0	2	209	0.06	0.06	NA	0.06	NA	180	180
695	36	4	38.645	30.773	0	2	116	1.58	1.574	NA	1.52	NA	154.44	-25.56
696	36	5	39.48	30.654	0	2	186	2.424	0.802	NA	0.843	NA	-8.13	-162.57
697	36	6	39.719	30.415	0	2	174	2.761	0.466	NA	0.337	NA	-45	-36.87
698	36	7	39.659	30.654	0	2	221	3.007	0.68	NA	0.246	NA	104.036	149.036
699	36	8	39.48	30.415	0	2	255	3.305	0.667	NA	0.298	NA	-126.87	129.094
700	36	9	40.017	30.535	0	2	233	3.855	0.422	NA	0.55	NA	12.529	139.399
701	36	10	40.017	30.535	0	2	233	3.855	0.422	NA	0	NA	0	-12.529
702	36	11	40.196	30.177	0	2	255	4.255	0.133	NA	0.4	NA	-63.435	-63.435
703	36	12	40.136	30.296	0	2	174	4.388	0.189	NA	0.133	NA	116.565	180
704	36	13	40.256	30.296	0	2	81	4.508	0.253	NA	0.119	NA	0	-116.565
705	36	14	40.196	30.356	0	2	139	4.592	0.267	NA	0.084	NA	135	135
706	36	15	40.136	30.356	0	2	198	4.651	0.246	NA	0.06	NA	180	45
707	36	16	40.435	30.177	0	2	139	4.999	0.363	NA	0.348	NA	-30.964	149.036
708	36	17	40.256	30.177	0	2	255	5.178	0.189	NA	0.179	NA	180	-149.036
709	36	18	40.136	30.177	0	2	255	5.297	0.084	NA	0.119	NA	180	0
710	36	19	40.017	30.594	0	2	151	5.732	0.481	NA	0.434	NA	105.945	-74.055
711	36	20	39.779	30.594	0	2	255	5.97	0.563	NA	0.239	NA	180	74.055
712	36	21	39.779	30.594	0	2	255	5.97	0.563	NA	0	NA	0	-180
713	36	22	39.779	30.773	0	2	255	6.149	0.721	NA	0.179	NA	90	90
714	36	23	39.779	30.893	0	2	233	6.268	0.831	NA	0.119	NA	90	0
715	36	24	39.719	31.012	0	2	233	6.402	0.963	NA	0.133	NA	116.565	26.565
716	36	25	39.719	31.131	0	2	255	6.521	1.075	NA	0.119	NA	90	-26.565
717	36	26	39.48	31.31	0	2	209	6.819	1.334	NA	0.298	NA	143.13	53.13
718	36	27	39.48	31.31	0	2	209	6.819	1.334	NA	0	NA	0	-143.13
719	36	28	39.48	31.31	0	2	151	6.819	1.334	NA	0	NA	0	0
720	36	29	39.48	31.31	0	2	186	6.819	1.334	NA	0	NA	0	0
721	36	30	39.48	31.31	0	2	116	6.819	1.334	NA	0	NA	0	0
722	36	31	39.48	31.31	0	2	58	6.819	1.334	NA	0	NA	0	0
723	36	32	39.838	31.429	0	2	198	7.196	1.334	NA	0.377	NA	18.435	18.435
724	36	33	40.196	31.847	0	2	46	7.746	1.734	NA	0.55	NA	49.399	30.964
725	36	34	40.315	32.503	0	2	104	8.413	2.397	NA	0.667	NA	79.695	30.296
726	37	1	40.315	32.682	0	2	11	0	0	NA	NA	NA	NA	NA
727	37	2	40.315	32.682	0	2	69	0	0	NA	0	NA	0	NA
728	37	3	40.673	33.338	0	2	69	0.747	0.747	NA	0.747	NA	61.39	61.39
729	37	4	40.673	33.338	0	2	11	0.747	0.747	NA	0	NA	0	-61.39
730	37	5	40.852	33.278	0	2	81	0.936	0.802	NA	0.189	NA	-18.435	-18.435
731	37	6	41.27	33.636	0	2	81	1.486	1.349	NA	0.55	NA	40.601	59.036
732	38	1	42.641	32.741	0	2	11	0	0	NA	NA	NA	NA	NA
733	38	2	42.701	32.503	0	2	34	0.246	0.246	NA	0.246	NA	-75.964	NA
734	38	3	42.403	32.622	0	2	93	0.567	0.267	NA	0.321	NA	158.199	-125.838
735	38	4	42.403	32.741	0	2	104	0.686	0.239	NA	0.119	NA	90	-68.199
736	38	5	42.343	32.92	0	2	81	0.875	0.348	NA	0.189	NA	108.435	18.435
737	38	6	42.582	32.562	0	2	93	1.305	0.189	NA	0.43	NA	-56.31	-164.745
738	38	7	43.238	31.727	0	2	69	2.367	1.176	NA	1.062	NA	-51.843	4.467
739	38	8	43.238	31.489	0	2	139	2.605	1.387	NA	0.239	NA	-90	-38.157
740	38	9	43.595	31.608	0	2	58	2.983	1.481	NA	0.377	NA	18.435	108.435
741	38	10	43.595	31.608	0	2	116	2.983	1.481	NA	0	NA	0	-18.435
742	38	11	43.595	31.608	0	2	128	2.983	1.481	NA	0	NA	0	0
743	38	12	43.417	31.727	0	2	128	3.198	1.276	NA	0.215	NA	146.31	146.31
744	39	1	39.958	38.824	0	2	58	0	0	NA	NA	NA	NA	NA
745	39	2	39.958	38.824	0	2	46	0	0	NA	0	NA	0	NA
746	39	3	39.958	38.824	0	2	128	0	0	NA	0	NA	0	0
747	39	4	40.196	38.586	0	2	46	0.337	0.337	NA	0.337	NA	-45	-45
748	39	5	40.375	38.824	0	2	0	0.636	0.417	NA	0.298	NA	53.13	98.13
749	39	6	40.077	38.944	0	2	58	0.957	0.169	NA	0.321	NA	158.199	105.068
750	39	7	39.6	38.765	0	2	58	1.466	0.363	NA	0.51	NA	-159.444	42.357
751	39	8	39.779	38.884	0	2	151	1.681	0.189	NA	0.215	NA	33.69	-166.866
752	39	9	40.017	38.586	0	2	34	2.063	0.246	NA	0.382	NA	-51.34	-85.03
753	39	10	40.196	38.467	0	2	34	2.278	0.43	NA	0.215	NA	-33.69	17.65
754	39	11	39.719	38.467	0	2	69	2.755	0.43	NA	0.477	NA	180	-146.31
755	39	12	39.719	38.467	0	2	34	2.755	0.43	NA	0	NA	0	-180
756	39	13	39.54	38.347	0	2	93	2.97	0.634	NA	0.215	NA	-146.31	-146.31
757	39	14	40.196	38.228	0	2	11	3.637	0.642	NA	0.667	NA	-10.305	136.005
758	40	1	37.989	40.375	0	2	93	0	0	NA	NA	NA	NA	NA
759	40	2	38.049	40.435	0	2	46	0.084	0.084	NA	0.084	NA	45	NA
760	40	3	37.989	40.494	0	2	81	0.169	0.119	NA	0.084	NA	135	90
761	40	4	37.989	41.031	0	2	34	0.705	0.656	NA	0.537	NA	90	-45
762	40	5	38.049	40.971	0	2	11	0.79	0.599	NA	0.084	NA	-45	-135
763	40	6	37.989	40.792	0	2	11	0.978	0.417	NA	0.189	NA	-108.435	-63.435
764	40	7	37.811	40.733	0	2	93	1.167	0.4	NA	0.189	NA	-161.565	-53.13
765	40	8	38.168	40.673	0	2	46	1.53	0.348	NA	0.363	NA	-9.462	152.103
766	40	9	37.87	40.792	0	2	81	1.851	0.434	NA	0.321	NA	158.199	167.661
767	40	10	37.691	40.852	0	2	174	2.039	0.563	NA	0.189	NA	161.565	3.366
768	40	11	37.751	40.852	0	2	151	2.099	0.533	NA	0.06	NA	0	-161.565
769	40	12	37.751	40.792	0	2	69	2.159	0.481	NA	0.06	NA	-90	-90
770	40	13	37.512	40.852	0	2	151	2.405	0.675	NA	0.246	NA	165.964	-104.036
771	40	14	37.632	40.852	0	2	69	2.524	0.596	NA	0.119	NA	0	-165.964
772	40	15	37.512	40.912	0	2	116	2.657	0.718	NA	0.133	NA	153.435	153.435
773	40	16	37.691	40.912	0	2	58	2.836	0.614	NA	0.179	NA	0	-153.435
774	40	17	37.811	41.091	0	2	23	3.051	0.738	NA	0.215	NA	56.31	56.31
775	40	18	37.632	41.031	0	2	81	3.24	0.747	NA	0.189	NA	-161.565	142.125
776	40	19	37.632	41.031	0	2	139	3.24	0.747	NA	0	NA	0	161.565
777	40	20	37.93	41.031	0	2	23	3.538	0.659	NA	0.298	NA	0	0
778	40	21	37.632	41.091	0	2	34	3.842	0.8	NA	0.304	NA	168.69	168.69
779	40	22	37.87	41.27	0	2	69	4.14	0.902	NA	0.298	NA	36.87	-131.82
780	40	23	37.691	41.27	0	2	93	4.319	0.943	NA	0.179	NA	180	143.13
781	40	24	37.93	41.329	0	2	34	4.565	0.956	NA	0.246	NA	14.036	-165.964
782	40	25	37.512	41.568	0	2	116	5.046	1.285	NA	0.481	NA	150.255	136.219
783	40	26	37.87	41.508	0	2	34	5.409	1.139	NA	0.363	NA	-9.462	-159.717
784	40	27	37.751	41.389	0	2	139	5.577	1.042	NA	0.169	NA	-135	-125.538
785	40	28	37.989	41.27	0	2	69	5.844	0.895	NA	0.267	NA	-26.565	108.435
786	40	29	37.989	41.448	0	2	11	6.023	1.073	NA	0.179	NA	90	116.565
787	40	30	37.93	41.15	0	2	58	6.327	0.778	NA	0.304	NA	-101.31	168.69
788	40	31	37.751	41.389	0	2	69	6.625	1.042	NA	0.298	NA	126.87	-131.82
789	40	32	37.989	41.329	0	2	46	6.871	0.954	NA	0.246	NA	-14.036	-140.906
790	41	1	37.393	39.659	0	2	139	0	0	NA	NA	NA	NA	NA
791	41	2	37.811	39.779	0	2	23	0.434	0.434	NA	0.434	NA	15.945	NA
792	41	3	37.214	39.6	0	2	81	1.057	0.189	NA	0.623	NA	-163.301	-179.246
793	41	4	37.572	39.421	0	2	58	1.457	0.298	NA	0.4	NA	-26.565	136.736
794	41	5	37.811	39.242	0	2	46	1.755	0.59	NA	0.298	NA	-36.87	-10.305
795	41	6	37.453	39.302	0	2	23	2.118	0.363	NA	0.363	NA	170.538	-152.592
796	41	7	37.453	39.48	0	2	69	2.297	0.189	NA	0.179	NA	90	-80.538
797	41	8	37.333	39.48	0	2	128	2.416	0.189	NA	0.119	NA	180	90
798	41	9	37.095	39.421	0	2	81	2.662	0.382	NA	0.246	NA	-165.964	14.036
799	41	10	37.393	39.421	0	2	104	2.96	0.239	NA	0.298	NA	0	165.964
800	41	11	37.333	39.421	0	2	46	3.02	0.246	NA	0.06	NA	180	180
801	41	12	36.379	39.54	0	2	46	3.981	1.021	NA	0.962	NA	172.875	-7.125
802	41	13	36.439	39.182	0	2	104	4.344	1.067	NA	0.363	NA	-80.538	106.587
803	41	14	36.677	38.944	0	2	128	4.682	1.012	NA	0.337	NA	-45	35.538
804	41	15	36.379	39.063	0	2	11	5.003	1.176	NA	0.321	NA	158.199	-156.801
805	41	16	36.737	39.003	0	2	34	5.365	0.928	NA	0.363	NA	-9.462	-167.661
806	41	17	37.453	39.182	0	2	46	6.103	0.481	NA	0.738	NA	14.036	23.499
807	41	18	37.512	39.659	0	2	34	6.584	0.119	NA	0.481	NA	82.875	68.839
808	41	19	37.333	39.659	0	2	255	6.763	0.06	NA	0.179	NA	180	97.125
809	41	20	37.393	39.779	0	2	81	6.896	0.119	NA	0.133	NA	63.435	-116.565
810	41	21	37.274	40.017	0	2	34	7.163	0.377	NA	0.267	NA	116.565	53.13
811	41	22	37.214	40.136	0	2	93	7.296	0.51	NA	0.133	NA	116.565	0
812	42	1	36.856	38.467	0	2	69	0	0	NA	NA	NA	NA	NA
813	42	2	37.155	38.407	0	2	69	0.304	0.304	NA	0.304	NA	-11.31	NA
814	42	3	37.274	38.049	0	2	34	0.681	0.59	NA	0.377	NA	-71.565	-60.255
815	42	4	37.035	37.93	0	2	104	0.948	0.566	NA	0.267	NA	-153.435	-81.87
816	42	5	37.333	38.467	0	2	46	1.562	0.477	NA	0.614	NA	60.945	-145.62
817	42	6	37.214	38.467	0	2	46	1.681	0.358	NA	0.119	NA	180	119.055
818	42	7	37.333	38.824	0	2	116	2.058	0.596	NA	0.377	NA	71.565	-108.435
819	42	8	37.274	38.824	0	2	58	2.118	0.55	NA	0.06	NA	180	108.435
820	42	9	37.453	38.824	0	2	81	2.297	0.695	NA	0.179	NA	0	-180
821	42	10	37.632	39.063	0	2	11	2.595	0.978	NA	0.298	NA	53.13	53.13
822	43	1	38.109	48.665	0	2	69	0	0	NA	NA	NA	NA	NA
823	43	2	38.109	48.724	0	2	34	0.06	0.06	NA	0.06	NA	90	NA
824	43	3	38.347	49.023	0	2	186	0.442	0.43	NA	0.382	NA	51.34	-38.66
825	43	4	38.347	49.023	0	2	151	0.442	0.43	NA	0	NA	0	-51.34
826	43	5	38.467	49.261	0	2	46	0.708	0.695	NA	0.267	NA	63.435	63.435
827	43	6	38.467	49.261	0	2	81	0.708	0.695	NA	0	NA	0	-63.435
828	43	7	38.347	49.261	0	2	69	0.827	0.642	NA	0.119	NA	180	180
829	43	8	38.228	49.261	0	2	46	0.947	0.608	NA	0.119	NA	180	0
830	43	9	38.228	49.261	0	2	81	0.947	0.608	NA	0	NA	0	-180
831	43	10	37.989	49.619	0	2	116	1.377	0.962	NA	0.43	NA	123.69	123.69
832	43	11	37.751	49.142	0	2	174	1.91	0.596	NA	0.533	NA	-116.565	119.745
833	43	12	37.811	49.201	0	2	221	1.995	0.614	NA	0.084	NA	45	161.565
834	43	13	37.811	49.261	0	2	221	2.054	0.667	NA	0.06	NA	90	45
835	43	14	38.049	49.559	0	2	93	2.436	0.897	NA	0.382	NA	51.34	-38.66
836	43	15	38.049	49.559	0	2	198	2.436	0.897	NA	0	NA	0	-51.34
837	43	16	38.049	49.619	0	2	81	2.496	0.956	NA	0.06	NA	90	90
838	43	17	37.989	49.857	0	2	255	2.742	1.199	NA	0.246	NA	104.036	14.036
839	43	18	38.049	49.977	0	2	163	2.875	1.313	NA	0.133	NA	63.435	-40.601
840	43	19	38.049	50.036	0	2	151	2.935	1.373	NA	0.06	NA	90	26.565
841	43	20	38.168	50.513	0	2	104	3.426	1.85	NA	0.492	NA	75.964	-14.036
842	43	21	38.168	50.275	0	2	104	3.665	1.611	NA	0.239	NA	-90	-165.964
843	43	22	38.168	50.275	0	2	128	3.665	1.611	NA	0	NA	0	90
844	43	23	38.228	50.275	0	2	46	3.725	1.615	NA	0.06	NA	0	0
845	43	24	38.168	50.275	0	2	116	3.784	1.611	NA	0.06	NA	180	180
846	43	25	38.168	50.573	0	2	209	4.082	1.909	NA	0.298	NA	90	-90
847	43	26	38.168	50.633	0	2	116	4.142	1.969	NA	0.06	NA	90	0
848	43	27	38.228	50.513	0	2	46	4.275	1.853	NA	0.133	NA	-63.435	-153.435
849	43	28	38.228	50.513	0	2	46	4.275	1.853	NA	0	NA	0	63.435
850	43	29	37.214	50.573	0	2	255	5.291	2.108	NA	1.016	NA	176.634	176.634
851	43	30	37.274	50.931	0	2	46	5.654	2.415	NA	0.363	NA	80.538	-96.096
852	43	31	37.274	50.931	0	2	151	5.654	2.415	NA	0	NA	0	-80.538
