Nr	TID	PID	x [micron]	y [micron]	t [sec]	c [idx]	I [val]	Len [micron]	D2S [micron]	D2R [micron]	D2P [micron]	v [micron/sec]	? [deg]	?? [deg]
1	1	1	14.347	20.598	0	2	251	0	0	NA	NA	NA	NA	NA
2	1	2	14.401	20.544	0	2	167	0.076	0.076	NA	0.076	NA	-45	NA
3	1	3	14.401	20.383	0	2	255	0.238	0.222	NA	0.162	NA	-90	-45
4	1	4	14.078	20.329	0	2	158	0.566	0.381	NA	0.328	NA	-170.538	-80.538
5	1	5	14.078	20.329	0	2	251	0.566	0.381	NA	0	NA	0	170.538
6	1	6	14.078	20.329	0	2	255	0.566	0.381	NA	0	NA	0	0
7	1	7	14.078	20.329	0	2	195	0.566	0.381	NA	0	NA	0	0
8	1	8	14.078	20.383	0	2	186	0.62	0.345	NA	0.054	NA	90	90
9	1	9	14.186	20.49	0	2	121	0.772	0.194	NA	0.152	NA	45	-45
10	1	10	14.455	20.544	0	2	139	1.047	0.12	NA	0.275	NA	11.31	-33.69
11	1	11	14.455	20.49	0	2	177	1.101	0.152	NA	0.054	NA	-90	-101.31
12	1	12	14.455	20.49	0	2	121	1.101	0.152	NA	0	NA	0	90
13	1	13	14.347	20.49	0	2	177	1.208	0.108	NA	0.108	NA	180	180
14	1	14	14.347	20.49	0	2	149	1.208	0.108	NA	0	NA	0	-180
15	1	15	14.186	20.49	0	2	158	1.37	0.194	NA	0.162	NA	180	180
16	1	16	14.078	20.49	0	2	251	1.478	0.29	NA	0.108	NA	180	0
17	1	17	13.862	20.383	0	2	130	1.719	0.531	NA	0.241	NA	-153.435	26.565
18	1	18	13.647	20.383	0	2	139	1.934	0.733	NA	0.216	NA	180	-26.565
19	1	19	13.539	20.652	0	2	139	2.225	0.81	NA	0.29	NA	111.801	-68.199
20	1	20	13.324	20.868	0	2	37	2.529	1.059	NA	0.305	NA	135	23.199
21	1	21	12.569	20.975	0	2	139	3.291	1.818	NA	0.762	NA	171.87	36.87
22	1	22	12.569	20.975	0	2	158	3.291	1.818	NA	0	NA	0	-171.87
23	1	23	12.677	20.975	0	2	139	3.399	1.713	NA	0.108	NA	0	0
24	1	24	12.785	21.029	0	2	139	3.52	1.621	NA	0.12	NA	26.565	26.565
25	1	25	12.946	21.029	0	2	186	3.681	1.466	NA	0.162	NA	0	-26.565
26	1	26	12.946	21.029	0	2	233	3.681	1.466	NA	0	NA	0	0
27	1	27	13	21.029	0	2	158	3.735	1.414	NA	0.054	NA	0	0
28	1	28	12.839	20.868	0	2	111	3.964	1.533	NA	0.229	NA	-135	-135
29	1	29	12.839	20.868	0	2	177	3.964	1.533	NA	0	NA	0	135
30	1	30	12.839	20.868	0	2	205	3.964	1.533	NA	0	NA	0	0
31	1	31	12.785	20.76	0	2	139	4.084	1.571	NA	0.12	NA	-116.565	-116.565
32	1	32	13.162	20.706	0	2	149	4.465	1.19	NA	0.381	NA	-8.13	108.435
33	1	33	13.162	20.706	0	2	158	4.465	1.19	NA	0	NA	0	8.13
34	1	34	13.162	20.76	0	2	130	4.519	1.196	NA	0.054	NA	90	90
35	1	35	13.108	21.029	0	2	186	4.794	1.312	NA	0.275	NA	101.31	11.31
36	1	36	13.108	21.029	0	2	111	4.794	1.312	NA	0	NA	0	-101.31
37	1	37	13.216	21.083	0	2	158	4.915	1.231	NA	0.12	NA	26.565	26.565
38	1	38	13.216	21.083	0	2	167	4.915	1.231	NA	0	NA	0	-26.565
39	1	39	13.216	21.137	0	2	149	4.968	1.253	NA	0.054	NA	90	90
40	1	40	13.216	21.245	0	2	121	5.076	1.303	NA	0.108	NA	90	0
41	1	41	13.216	21.245	0	2	83	5.076	1.303	NA	0	NA	0	-90
42	1	42	13.216	21.299	0	2	111	5.13	1.331	NA	0.054	NA	90	90
43	1	43	13.27	21.514	0	2	74	5.352	1.414	NA	0.222	NA	75.964	-14.036
44	1	44	13.162	21.891	0	2	121	5.745	1.754	NA	0.392	NA	105.945	29.982
45	1	45	12.892	21.784	0	2	149	6.035	1.877	NA	0.29	NA	-158.199	95.856
46	1	46	12.839	21.784	0	2	167	6.089	1.919	NA	0.054	NA	180	-21.801
47	1	47	12.731	21.945	0	2	158	6.283	2.104	NA	0.194	NA	123.69	-56.31
48	1	48	12.677	22.107	0	2	130	6.453	2.251	NA	0.17	NA	108.435	-15.255
49	1	49	12.623	22.107	0	2	149	6.507	2.291	NA	0.054	NA	180	71.565
50	1	50	12.623	21.784	0	2	130	6.831	2.093	NA	0.323	NA	-90	90
51	2	1	6.318	22.592	0	2	111	0	0	NA	NA	NA	NA	NA
52	2	2	6.857	22.43	0	2	149	0.563	0.563	NA	0.563	NA	-16.699	NA
53	2	3	7.504	22.376	0	2	111	1.211	1.205	NA	0.649	NA	-4.764	11.936
54	2	4	8.258	21.73	0	2	186	2.205	2.123	NA	0.994	NA	-40.601	-35.838
55	2	5	7.773	21.891	0	2	223	2.716	1.615	NA	0.511	NA	161.565	-157.834
56	2	6	8.15	21.945	0	2	223	3.097	1.943	NA	0.381	NA	8.13	-153.435
57	2	7	8.366	21.73	0	2	255	3.402	2.222	NA	0.305	NA	-45	-53.13
58	2	8	8.15	21.73	0	2	167	3.618	2.025	NA	0.216	NA	180	-135
59	2	9	8.797	21.838	0	2	139	4.273	2.591	NA	0.656	NA	9.462	-170.538
60	2	10	8.689	21.676	0	2	205	4.468	2.542	NA	0.194	NA	-123.69	-133.152
61	2	11	8.474	21.945	0	2	111	4.813	2.25	NA	0.345	NA	128.66	-107.65
62	2	12	8.474	21.999	0	2	93	4.867	2.235	NA	0.054	NA	90	-38.66
63	2	13	9.875	21.137	0	2	214	6.512	3.843	NA	1.645	NA	-31.608	-121.608
64	2	14	10.468	21.137	0	2	83	7.104	4.397	NA	0.593	NA	0	31.608
65	2	15	10.414	21.137	0	2	121	7.158	4.346	NA	0.054	NA	180	180
66	2	16	10.575	21.245	0	2	223	7.353	4.465	NA	0.194	NA	33.69	-146.31
67	2	17	10.737	21.407	0	2	37	7.581	4.575	NA	0.229	NA	45	11.31
68	2	18	11.114	21.245	0	2	74	7.992	4.982	NA	0.41	NA	-23.199	-68.199
69	2	19	11.06	21.784	0	2	167	8.533	4.81	NA	0.542	NA	95.711	118.909
70	2	20	11.06	21.838	0	2	111	8.587	4.802	NA	0.054	NA	90	-5.711
71	2	21	11.276	21.622	0	2	74	8.892	5.052	NA	0.305	NA	-45	-135
72	2	22	11.922	21.407	0	2	83	9.573	5.728	NA	0.682	NA	-18.435	26.565
73	2	23	10.899	21.46	0	2	102	10.599	4.718	NA	1.025	NA	176.987	-164.578
74	2	24	10.414	21.622	0	2	74	11.11	4.209	NA	0.511	NA	161.565	-15.422
75	2	25	10.521	21.353	0	2	195	11.4	4.382	NA	0.29	NA	-68.199	130.236
76	2	26	10.791	21.191	0	2	111	11.714	4.687	NA	0.314	NA	-30.964	37.235
77	2	27	9.713	21.676	0	2	149	12.896	3.516	NA	1.182	NA	155.772	-173.264
78	2	28	9.875	21.838	0	2	139	13.125	3.636	NA	0.229	NA	45	-110.772
79	2	29	9.498	22.107	0	2	158	13.588	3.216	NA	0.464	NA	144.462	99.462
80	2	30	9.659	22.107	0	2	139	13.75	3.376	NA	0.162	NA	0	-144.462
81	2	31	9.498	21.784	0	2	37	14.111	3.28	NA	0.361	NA	-116.565	-116.565
82	2	32	9.39	21.945	0	2	93	14.306	3.139	NA	0.194	NA	123.69	-119.745
83	2	33	9.39	21.999	0	2	74	14.36	3.128	NA	0.054	NA	90	-33.69
84	2	34	9.282	22.269	0	2	121	14.65	2.981	NA	0.29	NA	111.801	21.801
85	2	35	9.336	22.053	0	2	74	14.872	3.065	NA	0.222	NA	-75.964	172.235
86	2	36	9.282	22.161	0	2	223	14.993	2.995	NA	0.12	NA	116.565	-167.471
87	2	37	9.228	22.323	0	2	93	15.163	2.922	NA	0.17	NA	108.435	-8.13
88	2	38	9.228	22.323	0	2	177	15.163	2.922	NA	0	NA	0	-108.435
89	2	39	9.228	22.107	0	2	102	15.378	2.95	NA	0.216	NA	-90	-90
90	2	40	9.282	22.161	0	2	37	15.455	2.995	NA	0.076	NA	45	135
91	2	41	9.12	22.323	0	2	111	15.683	2.815	NA	0.229	NA	135	90
92	3	1	16.287	24.424	0	2	121	0	0	NA	NA	NA	NA	NA
93	3	2	16.287	24.37	0	2	158	0.054	0.054	NA	0.054	NA	-90	NA
94	3	3	16.233	24.424	0	2	121	0.13	0.054	NA	0.076	NA	135	-135
95	3	4	15.695	24.155	0	2	65	0.733	0.651	NA	0.602	NA	-153.435	71.565
96	3	5	15.695	24.101	0	2	102	0.786	0.675	NA	0.054	NA	-90	63.435
97	3	6	15.587	24.101	0	2	111	0.894	0.772	NA	0.108	NA	180	-90
98	3	7	15.479	23.939	0	2	186	1.089	0.943	NA	0.194	NA	-123.69	56.31
99	3	8	14.832	23.831	0	2	111	1.744	1.571	NA	0.656	NA	-170.538	-46.848
100	3	9	15.263	23.831	0	2	130	2.175	1.183	NA	0.431	NA	0	170.538
101	3	10	15.263	23.778	0	2	158	2.229	1.211	NA	0.054	NA	-90	-90
102	3	11	15.371	24.64	0	2	255	3.098	0.941	NA	0.869	NA	82.875	172.875
103	3	12	15.371	24.963	0	2	186	3.421	1.063	NA	0.323	NA	90	7.125
104	3	13	15.371	25.34	0	2	255	3.798	1.296	NA	0.377	NA	90	0
105	3	14	15.21	26.58	0	2	242	5.048	2.41	NA	1.25	NA	97.431	7.431
106	3	15	15.425	27.226	0	2	255	5.73	2.932	NA	0.682	NA	71.565	-25.866
107	3	16	15.425	27.172	0	2	255	5.784	2.88	NA	0.054	NA	-90	-161.565
108	3	17	15.156	27.603	0	2	255	6.292	3.375	NA	0.508	NA	122.005	-147.995
109	3	18	15.156	27.603	0	2	255	6.292	3.375	NA	0	NA	0	-122.005
110	3	19	15.102	27.603	0	2	255	6.346	3.393	NA	0.054	NA	180	180
111	3	20	14.617	27.819	0	2	255	6.877	3.784	NA	0.531	NA	156.038	-23.962
112	3	21	14.617	27.603	0	2	255	7.092	3.591	NA	0.216	NA	-90	113.962
113	3	22	14.617	27.603	0	2	195	7.092	3.591	NA	0	NA	0	90
114	3	23	14.671	27.873	0	2	205	7.367	3.809	NA	0.275	NA	78.69	78.69
115	3	24	15.371	27.388	0	2	255	8.219	3.102	NA	0.852	NA	-34.695	-113.385
116	3	25	15.695	26.526	0	2	242	9.14	2.184	NA	0.921	NA	-69.444	-34.749
117	3	26	15.748	25.394	0	2	251	10.273	1.11	NA	1.133	NA	-87.274	-17.83
118	3	27	15.587	24.694	0	2	167	10.992	0.751	NA	0.719	NA	-102.995	-15.721
119	3	28	15.156	23.778	0	2	65	12.004	1.303	NA	1.012	NA	-115.201	-12.207
120	3	29	14.617	23.454	0	2	93	12.633	1.932	NA	0.628	NA	-149.036	-33.835
121	3	30	14.455	23.454	0	2	121	12.794	2.073	NA	0.162	NA	180	-30.964
122	3	31	14.24	23.346	0	2	102	13.035	2.314	NA	0.241	NA	-153.435	26.565
123	3	32	13.916	23.185	0	2	111	13.397	2.675	NA	0.361	NA	-153.435	0
124	3	33	13.593	23.131	0	2	74	13.725	2.989	NA	0.328	NA	-170.538	-17.103
125	3	34	13.324	23.131	0	2	83	13.994	3.234	NA	0.269	NA	180	-9.462
126	3	35	13.324	23.131	0	2	121	13.994	3.234	NA	0	NA	0	-180
127	3	36	13.701	23.131	0	2	111	14.371	2.892	NA	0.377	NA	0	0
128	3	37	13.916	23.239	0	2	149	14.612	2.651	NA	0.241	NA	26.565	26.565
129	3	38	13.916	23.293	0	2	149	14.666	2.627	NA	0.054	NA	90	63.435
130	3	39	13.862	23.239	0	2	93	14.742	2.699	NA	0.076	NA	-135	135
131	3	40	14.832	24.37	0	2	158	16.233	1.456	NA	1.49	NA	49.399	-175.601
132	3	41	14.94	24.64	0	2	121	16.523	1.364	NA	0.29	NA	68.199	18.8
133	3	42	14.994	24.478	0	2	74	16.693	1.294	NA	0.17	NA	-71.565	-139.764
134	3	43	14.617	23.778	0	2	130	17.489	1.791	NA	0.796	NA	-118.301	-46.736
135	3	44	14.617	23.778	0	2	83	17.489	1.791	NA	0	NA	0	118.301
136	3	45	14.617	23.724	0	2	65	17.543	1.811	NA	0.054	NA	-90	-90
137	3	46	14.617	23.724	0	2	102	17.543	1.811	NA	0	NA	0	90
138	3	47	14.778	24.155	0	2	65	18.003	1.533	NA	0.46	NA	69.444	69.444
139	3	48	14.509	24.047	0	2	102	18.294	1.818	NA	0.29	NA	-158.199	132.357
140	3	49	14.509	24.047	0	2	102	18.294	1.818	NA	0	NA	0	158.199
141	3	50	14.455	23.993	0	2	121	18.37	1.882	NA	0.076	NA	-135	-135
142	4	1	9.983	25.017	0	2	223	0	0	NA	NA	NA	NA	NA
143	4	2	9.498	24.424	0	2	255	0.766	0.766	NA	0.766	NA	-129.289	NA
144	4	3	9.551	23.724	0	2	130	1.468	1.363	NA	0.703	NA	-85.601	43.688
145	4	4	9.767	23.077	0	2	74	2.15	1.952	NA	0.682	NA	-71.565	14.036
146	4	5	9.767	23.077	0	2	186	2.15	1.952	NA	0	NA	0	71.565
147	4	6	9.875	23.077	0	2	130	2.258	1.943	NA	0.108	NA	0	0
148	4	7	10.468	23.239	0	2	102	2.872	1.843	NA	0.614	NA	15.255	15.255
149	4	8	10.791	23.023	0	2	55	3.261	2.151	NA	0.389	NA	-33.69	-48.945
150	4	9	11.168	22.646	0	2	55	3.794	2.651	NA	0.533	NA	-45	-11.31
151	4	10	11.33	22.323	0	2	65	4.156	3.012	NA	0.361	NA	-63.435	-18.435
152	4	11	10.952	22.215	0	2	233	4.548	2.965	NA	0.392	NA	-164.055	-100.62
153	4	12	11.707	22.323	0	2	255	5.31	3.199	NA	0.762	NA	8.13	172.185
154	4	13	12.3	23.616	0	2	223	6.733	2.708	NA	1.423	NA	65.376	57.246
155	4	14	12.354	24.424	0	2	93	7.543	2.444	NA	0.81	NA	86.186	20.809
156	4	15	12.569	24.909	0	2	186	8.074	2.589	NA	0.531	NA	66.038	-20.148
157	4	16	12.677	24.963	0	2	149	8.194	2.695	NA	0.12	NA	26.565	-39.472
158	4	17	12.785	25.448	0	2	167	8.691	2.835	NA	0.497	NA	77.471	50.906
159	4	18	12.785	25.61	0	2	130	8.853	2.864	NA	0.162	NA	90	12.529
160	4	19	12.946	25.933	0	2	149	9.214	3.102	NA	0.361	NA	63.435	-26.565
161	4	20	12.946	25.771	0	2	214	9.376	3.058	NA	0.162	NA	-90	-153.435
162	4	21	12.892	25.448	0	2	214	9.704	2.942	NA	0.328	NA	-99.462	-9.462
163	4	22	12.731	25.61	0	2	255	9.932	2.811	NA	0.229	NA	135	-125.538
164	4	23	12.677	26.741	0	2	177	11.065	3.199	NA	1.133	NA	92.726	-42.274
165	4	24	12.839	26.903	0	2	102	11.294	3.423	NA	0.229	NA	45	-47.726
166	4	25	12.138	27.711	0	2	139	12.363	3.45	NA	1.07	NA	130.914	85.914
167	4	26	10.845	27.657	0	2	177	13.658	2.778	NA	1.294	NA	-177.614	51.472
168	4	27	10.845	27.657	0	2	139	13.658	2.778	NA	0	NA	0	177.614
169	4	28	10.737	27.334	0	2	158	13.999	2.437	NA	0.341	NA	-108.435	-108.435
170	4	29	11.06	27.388	0	2	121	14.326	2.604	NA	0.328	NA	9.462	117.897
171	4	30	10.791	27.011	0	2	139	14.79	2.151	NA	0.464	NA	-125.538	-135
172	4	31	9.929	26.634	0	2	121	15.731	1.618	NA	0.941	NA	-156.371	-30.833
173	4	32	9.929	26.634	0	2	130	15.731	1.618	NA	0	NA	0	156.371
174	4	33	9.983	27.065	0	2	149	16.165	2.048	NA	0.434	NA	82.875	82.875
175	4	34	10.252	27.119	0	2	242	16.44	2.119	NA	0.275	NA	11.31	-71.565
176	4	35	10.629	27.119	0	2	65	16.817	2.199	NA	0.377	NA	0	-11.31
177	4	36	10.521	27.065	0	2	130	16.938	2.117	NA	0.12	NA	-153.435	-153.435
178	4	37	10.521	27.065	0	2	111	16.938	2.117	NA	0	NA	0	153.435
179	4	38	10.521	27.172	0	2	121	17.046	2.222	NA	0.108	NA	90	90
180	4	39	10.144	27.334	0	2	37	17.456	2.323	NA	0.41	NA	156.801	66.801
181	4	40	10.144	27.119	0	2	186	17.672	2.108	NA	0.216	NA	-90	113.199
182	4	41	9.983	27.334	0	2	149	17.941	2.317	NA	0.269	NA	126.87	-143.13
183	4	42	10.468	27.388	0	2	93	18.429	2.42	NA	0.488	NA	6.34	-120.53
184	4	43	10.36	27.334	0	2	111	18.549	2.348	NA	0.12	NA	-153.435	-159.775
185	4	44	10.306	27.334	0	2	149	18.603	2.34	NA	0.054	NA	180	-26.565
186	4	45	10.144	27.28	0	2	93	18.774	2.269	NA	0.17	NA	-161.565	18.435
187	4	46	9.983	27.172	0	2	83	18.968	2.155	NA	0.194	NA	-146.31	15.255
188	4	47	9.498	26.526	0	2	130	19.776	1.585	NA	0.808	NA	-126.87	19.44
189	4	48	9.066	25.825	0	2	111	20.599	1.222	NA	0.823	NA	-121.608	5.262
190	4	49	9.767	26.634	0	2	139	21.669	1.631	NA	1.07	NA	49.086	170.693
191	4	50	9.821	26.256	0	2	121	22.05	1.25	NA	0.381	NA	-81.87	-130.956
192	5	1	25.394	17.473	0	2	18	0	0	NA	NA	NA	NA	NA
193	5	2	25.34	17.473	0	2	74	0.054	0.054	NA	0.054	NA	180	NA
194	5	3	25.502	17.365	0	2	55	0.248	0.152	NA	0.194	NA	-33.69	146.31
195	5	4	25.502	17.365	0	2	83	0.248	0.152	NA	0	NA	0	33.69
196	5	5	25.825	17.311	0	2	46	0.576	0.46	NA	0.328	NA	-9.462	-9.462
197	5	6	26.202	17.311	0	2	37	0.953	0.824	NA	0.377	NA	0	9.462
198	5	7	26.472	17.257	0	2	46	1.228	1.099	NA	0.275	NA	-11.31	-11.31
199	5	8	26.472	17.149	0	2	93	1.336	1.125	NA	0.108	NA	-90	-78.69
200	5	9	26.364	17.149	0	2	102	1.443	1.022	NA	0.108	NA	180	-90
201	5	10	26.418	17.149	0	2	74	1.497	1.074	NA	0.054	NA	0	-180
202	5	11	26.364	17.149	0	2	0	1.551	1.022	NA	0.054	NA	180	180
203	6	1	28.789	16.557	0	2	74	0	0	NA	NA	NA	NA	NA
204	6	2	29.005	16.557	0	2	121	0.216	0.216	NA	0.216	NA	0	NA
205	6	3	29.328	16.718	0	2	255	0.577	0.563	NA	0.361	NA	26.565	26.565
206	6	4	29.597	16.772	0	2	223	0.852	0.837	NA	0.275	NA	11.31	-15.255
207	6	5	29.49	16.772	0	2	46	0.96	0.733	NA	0.108	NA	180	168.69
208	6	6	29.112	17.311	0	2	223	1.617	0.821	NA	0.658	NA	124.992	-55.008
209	6	7	29.49	17.796	0	2	186	2.232	1.424	NA	0.614	NA	52.125	-72.867
210	6	8	29.597	17.796	0	2	255	2.34	1.48	NA	0.108	NA	0	-52.125
211	6	9	29.597	17.85	0	2	255	2.393	1.525	NA	0.054	NA	90	90
212	6	10	29.651	17.85	0	2	65	2.447	1.554	NA	0.054	NA	0	-90
213	6	11	29.328	17.311	0	2	233	3.076	0.927	NA	0.628	NA	-120.964	-120.964
214	6	12	29.058	17.688	0	2	205	3.539	1.163	NA	0.464	NA	125.538	-113.499
215	6	13	28.627	18.066	0	2	255	4.112	1.517	NA	0.573	NA	138.814	13.276
216	6	14	28.789	18.227	0	2	223	4.341	1.67	NA	0.229	NA	45	-93.814
217	6	15	28.951	18.227	0	2	223	4.502	1.678	NA	0.162	NA	0	-45
218	6	16	29.058	18.119	0	2	65	4.655	1.586	NA	0.152	NA	-45	-45
219	6	17	28.627	17.904	0	2	139	5.137	1.357	NA	0.482	NA	-153.435	-108.435
220	6	18	28.627	17.904	0	2	46	5.137	1.357	NA	0	NA	0	153.435
221	6	19	27.873	18.012	0	2	149	5.899	1.719	NA	0.762	NA	171.87	171.87
222	6	20	27.927	17.85	0	2	102	6.069	1.554	NA	0.17	NA	-71.565	116.565
223	6	21	28.142	18.066	0	2	55	6.374	1.642	NA	0.305	NA	45	116.565
224	6	22	28.843	17.958	0	2	65	7.083	1.402	NA	0.709	NA	-8.746	-53.746
225	6	23	28.789	18.012	0	2	65	7.159	1.455	NA	0.076	NA	135	143.746
226	6	24	29.382	17.796	0	2	111	7.79	1.374	NA	0.631	NA	-19.983	-154.983
227	6	25	29.975	17.796	0	2	102	8.383	1.715	NA	0.593	NA	0	19.983
228	6	26	30.298	17.85	0	2	121	8.71	1.987	NA	0.328	NA	9.462	9.462
229	6	27	30.298	17.634	0	2	121	8.926	1.854	NA	0.216	NA	-90	-99.462
230	6	28	30.082	17.634	0	2	55	9.141	1.683	NA	0.216	NA	180	-90
231	6	29	29.813	17.796	0	2	205	9.456	1.608	NA	0.314	NA	149.036	-30.964
232	6	30	29.867	17.904	0	2	37	9.576	1.725	NA	0.12	NA	63.435	-85.601
233	6	31	30.298	17.042	0	2	46	10.54	1.585	NA	0.964	NA	-63.435	-126.87
234	6	32	30.406	16.88	0	2	102	10.734	1.649	NA	0.194	NA	-56.31	7.125
235	6	33	30.244	17.581	0	2	102	11.453	1.779	NA	0.719	NA	102.995	159.305
236	6	34	29.921	17.203	0	2	37	11.95	1.303	NA	0.497	NA	-130.601	126.404
237	6	35	29.597	17.634	0	2	130	12.489	1.347	NA	0.539	NA	126.87	-102.529
238	6	36	29.166	17.419	0	2	158	12.971	0.941	NA	0.482	NA	-153.435	79.695
239	6	37	29.22	17.149	0	2	93	13.246	0.733	NA	0.275	NA	-78.69	74.745
240	6	38	29.651	16.988	0	2	111	13.706	0.964	NA	0.46	NA	-20.556	58.134
241	6	39	29.597	17.311	0	2	93	14.034	1.106	NA	0.328	NA	99.462	120.018
242	6	40	29.759	17.257	0	2	46	14.204	1.196	NA	0.17	NA	-18.435	-117.897
243	7	1	32.076	16.341	0	2	158	0	0	NA	NA	NA	NA	NA
244	7	2	32.022	16.88	0	2	214	0.542	0.542	NA	0.542	NA	95.711	NA
245	7	3	32.022	16.88	0	2	205	0.542	0.542	NA	0	NA	0	-95.711
246	7	4	32.022	16.88	0	2	83	0.542	0.542	NA	0	NA	0	0
247	7	5	31.429	16.718	0	2	233	1.156	0.749	NA	0.614	NA	-164.745	-164.745
248	7	6	31.16	16.988	0	2	242	1.537	1.121	NA	0.381	NA	135	-60.255
249	7	7	31.16	17.042	0	2	139	1.591	1.153	NA	0.054	NA	90	-45
250	7	8	31.106	17.042	0	2	158	1.645	1.196	NA	0.054	NA	180	90
251	7	9	31.322	16.934	0	2	223	1.886	0.959	NA	0.241	NA	-26.565	153.435
252	7	10	31.322	16.934	0	2	242	1.886	0.959	NA	0	NA	0	26.565
253	7	11	30.944	17.042	0	2	130	2.278	1.331	NA	0.392	NA	164.055	164.055
254	7	12	30.298	17.042	0	2	242	2.925	1.911	NA	0.647	NA	180	15.945
255	7	13	30.352	17.149	0	2	214	3.045	1.904	NA	0.12	NA	63.435	-116.565
256	7	14	30.352	17.149	0	2	149	3.045	1.904	NA	0	NA	0	-63.435
257	7	15	30.136	17.419	0	2	139	3.39	2.219	NA	0.345	NA	128.66	128.66
258	7	16	30.082	17.203	0	2	255	3.612	2.172	NA	0.222	NA	-104.036	127.304
259	7	17	30.028	17.203	0	2	37	3.666	2.222	NA	0.054	NA	180	-75.964
260	7	18	29.705	17.096	0	2	27	4.007	2.488	NA	0.341	NA	-161.565	18.435
261	7	19	29.651	17.042	0	2	65	4.083	2.524	NA	0.076	NA	-135	26.565
262	7	20	30.028	16.88	0	2	121	4.494	2.117	NA	0.41	NA	-23.199	111.801
263	7	21	30.459	16.341	0	2	121	5.184	1.617	NA	0.69	NA	-51.34	-28.142
264	7	22	30.19	16.341	0	2	74	5.453	1.886	NA	0.269	NA	180	-128.66
265	7	23	29.867	16.126	0	2	55	5.842	2.22	NA	0.389	NA	-146.31	33.69
266	7	24	29.867	16.126	0	2	195	5.842	2.22	NA	0	NA	0	146.31
267	7	25	29.867	15.641	0	2	205	6.327	2.318	NA	0.485	NA	-90	-90
268	7	26	29.867	15.587	0	2	149	6.381	2.335	NA	0.054	NA	-90	0
269	7	27	29.813	15.695	0	2	149	6.501	2.354	NA	0.12	NA	116.565	-153.435
270	7	28	29.813	15.695	0	2	149	6.501	2.354	NA	0	NA	0	-116.565
271	7	29	29.49	15.91	0	2	111	6.89	2.622	NA	0.389	NA	146.31	146.31
272	7	30	29.382	15.964	0	2	158	7.01	2.721	NA	0.12	NA	153.435	7.125
273	7	31	29.597	16.126	0	2	102	7.28	2.488	NA	0.269	NA	36.87	-116.565
274	7	32	29.49	16.287	0	2	158	7.474	2.587	NA	0.194	NA	123.69	86.82
275	7	33	29.921	16.179	0	2	139	7.918	2.162	NA	0.444	NA	-14.036	-137.726
276	7	34	29.921	16.126	0	2	74	7.972	2.166	NA	0.054	NA	-90	-75.964
277	7	35	30.082	15.964	0	2	83	8.201	2.029	NA	0.229	NA	-45	45
278	7	36	30.082	15.91	0	2	74	8.255	2.04	NA	0.054	NA	-90	-45
279	7	37	29.597	16.503	0	2	93	9.021	2.484	NA	0.766	NA	129.289	-140.711
280	7	38	29.436	16.018	0	2	130	9.532	2.66	NA	0.511	NA	-108.435	122.276
281	7	39	29.651	16.018	0	2	83	9.747	2.446	NA	0.216	NA	0	108.435
282	8	1	21.838	16.072	0	2	55	0	0	NA	NA	NA	NA	NA
283	8	2	21.46	17.742	0	2	186	1.713	1.713	NA	1.713	NA	102.724	NA
284	8	3	22.323	18.119	0	2	121	2.654	2.104	NA	0.941	NA	23.629	-79.095
285	8	4	22.754	18.551	0	2	46	3.263	2.643	NA	0.61	NA	45	21.371
286	8	5	22.861	18.335	0	2	74	3.504	2.484	NA	0.241	NA	-63.435	-108.435
287	8	6	22.808	18.443	0	2	111	3.625	2.562	NA	0.12	NA	116.565	180
288	8	7	23.616	18.874	0	2	65	4.541	3.319	NA	0.916	NA	28.072	-88.493
289	8	8	24.101	18.82	0	2	93	5.029	3.56	NA	0.488	NA	-6.34	-34.413
290	8	9	24.801	18.658	0	2	93	5.748	3.934	NA	0.719	NA	-12.995	-6.654
291	8	10	24.263	18.712	0	2	65	6.289	3.585	NA	0.542	NA	174.289	-172.716
292	8	11	24.694	18.82	0	2	93	6.734	3.964	NA	0.444	NA	14.036	-160.253
293	8	12	24.747	18.82	0	2	111	6.788	4.003	NA	0.054	NA	0	-14.036
294	8	13	24.747	18.82	0	2	74	6.788	4.003	NA	0	NA	0	0
295	8	14	24.855	18.874	0	2	65	6.908	4.118	NA	0.12	NA	26.565	26.565
296	8	15	25.34	19.089	0	2	74	7.439	4.623	NA	0.531	NA	23.962	-2.603
297	8	16	24.747	18.928	0	2	102	8.053	4.077	NA	0.614	NA	-164.745	171.293
298	8	17	25.125	18.928	0	2	37	8.43	4.355	NA	0.377	NA	0	164.745
299	8	18	25.125	18.928	0	2	74	8.43	4.355	NA	0	NA	0	0
300	8	19	25.071	18.874	0	2	55	8.507	4.278	NA	0.076	NA	-135	-135
301	8	20	25.286	18.874	0	2	18	8.722	4.444	NA	0.216	NA	0	135
302	8	21	25.394	19.143	0	2	65	9.012	4.699	NA	0.29	NA	68.199	68.199
303	8	22	24.801	18.982	0	2	46	9.627	4.153	NA	0.614	NA	-164.745	127.057
304	8	23	25.071	18.928	0	2	65	9.902	4.314	NA	0.275	NA	-11.31	153.435
305	8	24	25.125	18.874	0	2	46	9.978	4.319	NA	0.076	NA	-45	-33.69
306	8	25	25.394	18.874	0	2	18	10.247	4.528	NA	0.269	NA	0	45
307	8	26	25.125	18.82	0	2	37	10.522	4.285	NA	0.275	NA	-168.69	-168.69
308	9	1	27.442	29.058	0	2	9	0	0	NA	NA	NA	NA	NA
309	9	2	26.741	29.274	0	2	0	0.733	0.733	NA	0.733	NA	162.897	NA
310	9	3	26.58	29.274	0	2	18	0.895	0.889	NA	0.162	NA	180	17.103
311	9	4	25.502	29.22	0	2	27	1.974	1.947	NA	1.079	NA	-177.138	2.862
312	9	5	24.316	29.867	0	2	55	3.324	3.228	NA	1.35	NA	151.39	-31.473
313	9	6	23.67	29.975	0	2	55	3.98	3.882	NA	0.656	NA	170.538	19.148
314	9	7	23.185	30.19	0	2	27	4.51	4.405	NA	0.531	NA	156.038	-14.5
315	9	8	23.346	30.136	0	2	18	4.681	4.235	NA	0.17	NA	-18.435	-174.472
316	9	9	22.915	30.028	0	2	46	5.125	4.629	NA	0.444	NA	-165.964	-147.529
317	9	10	22.915	29.705	0	2	74	5.448	4.572	NA	0.323	NA	-90	75.964
318	9	11	23.023	29.867	0	2	46	5.643	4.492	NA	0.194	NA	56.31	146.31
319	9	12	22.861	30.028	0	2	27	5.871	4.682	NA	0.229	NA	135	78.69
320	9	13	22.323	29.921	0	2	9	6.421	5.191	NA	0.55	NA	-168.69	56.31
321	9	14	22.376	29.921	0	2	27	6.475	5.138	NA	0.054	NA	0	168.69
322	9	15	22.376	29.921	0	2	27	6.475	5.138	NA	0	NA	0	0
323	9	16	22.269	29.975	0	2	27	6.595	5.254	NA	0.12	NA	153.435	153.435
324	9	17	22.915	29.975	0	2	18	7.242	4.618	NA	0.647	NA	0	-153.435
325	9	18	22.969	29.975	0	2	18	7.296	4.565	NA	0.054	NA	0	0
326	9	19	22.7	29.813	0	2	18	7.61	4.802	NA	0.314	NA	-149.036	-149.036
327	9	20	22.915	29.759	0	2	27	7.832	4.58	NA	0.222	NA	-14.036	135
328	9	21	22.915	29.759	0	2	37	7.832	4.58	NA	0	NA	0	14.036
329	9	22	22.915	29.705	0	2	27	7.886	4.572	NA	0.054	NA	-90	-90
330	9	23	22.915	29.705	0	2	9	7.886	4.572	NA	0	NA	0	90
331	9	24	22.754	29.705	0	2	18	8.048	4.733	NA	0.162	NA	180	180
332	9	25	22.269	29.813	0	2	27	8.545	5.228	NA	0.497	NA	167.471	-12.529
333	9	26	22.43	29.867	0	2	9	8.715	5.076	NA	0.17	NA	18.435	-149.036
334	9	27	22.323	29.597	0	2	46	9.005	5.148	NA	0.29	NA	-111.801	-130.236
335	9	28	22.754	29.597	0	2	18	9.436	4.719	NA	0.431	NA	0	111.801
336	9	29	22.754	29.597	0	2	37	9.436	4.719	NA	0	NA	0	0
337	9	30	22.754	29.705	0	2	27	9.544	4.733	NA	0.108	NA	90	90
338	9	31	22.592	29.759	0	2	55	9.714	4.9	NA	0.17	NA	161.565	71.565
339	9	32	23.185	29.867	0	2	46	10.317	4.333	NA	0.602	NA	10.305	-151.26
340	9	33	22.969	29.867	0	2	46	10.532	4.545	NA	0.216	NA	180	169.695
341	9	34	23.023	29.867	0	2	27	10.586	4.492	NA	0.054	NA	0	-180
342	9	35	22.915	29.867	0	2	9	10.694	4.598	NA	0.108	NA	180	180
343	9	36	22.592	29.867	0	2	27	11.017	4.917	NA	0.323	NA	180	0
344	9	37	22.592	29.705	0	2	18	11.179	4.893	NA	0.162	NA	-90	90
345	9	38	22.646	30.028	0	2	18	11.507	4.893	NA	0.328	NA	80.538	170.538
346	9	39	22.646	29.975	0	2	46	11.561	4.883	NA	0.054	NA	-90	-170.538
347	9	40	22.592	30.082	0	2	18	11.681	4.957	NA	0.12	NA	116.565	-153.435
348	9	41	22.754	29.813	0	2	46	11.995	4.748	NA	0.314	NA	-59.036	-175.601
349	9	42	22.808	29.759	0	2	55	12.072	4.687	NA	0.076	NA	-45	14.036
350	9	43	22.592	29.759	0	2	27	12.287	4.9	NA	0.216	NA	180	-135
351	9	44	22.323	29.759	0	2	27	12.557	5.167	NA	0.269	NA	180	0
352	9	45	22.538	29.759	0	2	46	12.772	4.953	NA	0.216	NA	0	-180
353	9	46	22.269	29.651	0	2	18	13.062	5.207	NA	0.29	NA	-158.199	-158.199
354	9	47	22.43	29.705	0	2	55	13.233	5.053	NA	0.17	NA	18.435	176.634
355	10	1	23.778	12.515	0	2	37	0	0	NA	NA	NA	NA	NA
356	10	2	24.316	12.623	0	2	37	0.55	0.55	NA	0.55	NA	11.31	NA
357	10	3	24.316	12.515	0	2	55	0.657	0.539	NA	0.108	NA	-90	-101.31
358	10	4	24.101	12.461	0	2	37	0.879	0.328	NA	0.222	NA	-165.964	-75.964
359	10	5	24.263	12.461	0	2	65	1.041	0.488	NA	0.162	NA	0	165.964
360	10	6	24.478	12.515	0	2	65	1.263	0.701	NA	0.222	NA	14.036	14.036
361	10	7	24.478	12.515	0	2	139	1.263	0.701	NA	0	NA	0	-14.036
362	10	8	24.909	12.515	0	2	111	1.694	1.132	NA	0.431	NA	0	0
363	10	9	24.855	12.461	0	2	83	1.771	1.079	NA	0.076	NA	-135	-135
364	10	10	24.747	12.3	0	2	93	1.965	0.994	NA	0.194	NA	-123.69	11.31
365	10	11	24.855	12.354	0	2	121	2.085	1.09	NA	0.12	NA	26.565	150.255
366	10	12	25.232	12.461	0	2	102	2.478	1.456	NA	0.392	NA	15.945	-10.62
367	10	13	26.041	12.192	0	2	205	3.33	2.286	NA	0.852	NA	-18.435	-34.38
368	10	14	26.095	12.192	0	2	121	3.384	2.34	NA	0.054	NA	0	18.435
369	10	15	25.771	12.246	0	2	121	3.711	2.012	NA	0.328	NA	170.538	170.538
370	10	16	25.933	12.246	0	2	121	3.873	2.172	NA	0.162	NA	0	-170.538
371	10	17	26.526	12.407	0	2	46	4.487	2.75	NA	0.614	NA	15.255	15.255
372	10	18	26.418	12.407	0	2	55	4.595	2.643	NA	0.108	NA	180	164.745
373	10	19	26.364	12.407	0	2	74	4.649	2.589	NA	0.054	NA	180	0
374	10	20	26.041	12.084	0	2	37	5.106	2.304	NA	0.457	NA	-135	45
375	10	21	26.041	11.869	0	2	83	5.322	2.354	NA	0.216	NA	-90	45
376	10	22	25.879	11.491	0	2	111	5.732	2.338	NA	0.41	NA	-113.199	-23.199
377	11	1	20.329	19.143	0	2	93	0	0	NA	NA	NA	NA	NA
378	11	2	20.598	19.143	0	2	27	0.269	0.269	NA	0.269	NA	0	NA
379	11	3	21.676	19.143	0	2	83	1.347	1.347	NA	1.078	NA	0	0
380	11	4	22.861	19.251	0	2	93	2.538	2.535	NA	1.19	NA	5.194	5.194
381	11	5	22.861	19.251	0	2	65	2.538	2.535	NA	0	NA	0	-5.194
382	11	6	23.239	19.089	0	2	55	2.948	2.91	NA	0.41	NA	-23.199	-23.199
383	11	7	23.131	19.035	0	2	93	3.068	2.804	NA	0.12	NA	-153.435	-130.236
384	11	8	23.131	19.035	0	2	102	3.068	2.804	NA	0	NA	0	153.435
385	11	9	23.131	18.982	0	2	102	3.122	2.807	NA	0.054	NA	-90	-90
386	11	10	23.508	18.982	0	2	139	3.5	3.183	NA	0.377	NA	0	90
387	11	11	23.4	18.982	0	2	139	3.607	3.076	NA	0.108	NA	180	180
388	11	12	23.4	18.982	0	2	167	3.607	3.076	NA	0	NA	0	-180
389	11	13	23.293	18.982	0	2	130	3.715	2.968	NA	0.108	NA	180	180
390	11	14	23.293	18.874	0	2	121	3.823	2.976	NA	0.108	NA	-90	90
391	11	15	23.346	19.197	0	2	74	4.151	3.018	NA	0.328	NA	80.538	170.538
392	11	16	23.4	19.251	0	2	65	4.227	3.073	NA	0.076	NA	45	-35.538
393	11	17	23.562	19.197	0	2	55	4.397	3.234	NA	0.17	NA	-18.435	-63.435
394	11	18	23.562	19.197	0	2	65	4.397	3.234	NA	0	NA	0	18.435
395	11	19	23.616	19.035	0	2	74	4.568	3.289	NA	0.17	NA	-71.565	-71.565
396	11	20	23.508	19.035	0	2	55	4.675	3.181	NA	0.108	NA	180	-108.435
397	11	21	23.4	19.035	0	2	83	4.783	3.073	NA	0.108	NA	180	0
398	11	22	23.4	19.035	0	2	83	4.783	3.073	NA	0	NA	0	-180
399	11	23	23.293	19.035	0	2	130	4.891	2.966	NA	0.108	NA	180	180
400	11	24	23.239	18.82	0	2	65	5.113	2.928	NA	0.222	NA	-104.036	75.964
401	11	25	23.346	18.982	0	2	46	5.307	3.022	NA	0.194	NA	56.31	160.346
402	11	26	23.185	18.82	0	2	18	5.536	2.874	NA	0.229	NA	-135	168.69
403	12	1	26.903	12.785	0	2	242	0	0	NA	NA	NA	NA	NA
404	12	2	26.202	12.623	0	2	177	0.719	0.719	NA	0.719	NA	-167.005	NA
405	12	3	26.58	12.138	0	2	205	1.333	0.723	NA	0.614	NA	-52.125	114.88
406	12	4	26.58	12.731	0	2	255	1.926	0.328	NA	0.593	NA	90	142.125
407	12	5	26.741	12.731	0	2	251	2.088	0.17	NA	0.162	NA	0	-90
408	12	6	26.849	12.892	0	2	111	2.282	0.12	NA	0.194	NA	56.31	56.31
409	12	7	26.58	12.785	0	2	149	2.572	0.323	NA	0.29	NA	-158.199	145.491
410	12	8	26.202	12.354	0	2	149	3.145	0.823	NA	0.573	NA	-131.186	27.013
411	12	9	26.202	12.354	0	2	93	3.145	0.823	NA	0	NA	0	131.186
412	12	10	26.041	12.3	0	2	83	3.315	0.989	NA	0.17	NA	-161.565	-161.565
413	12	11	25.879	12.03	0	2	139	3.63	1.272	NA	0.314	NA	-120.964	40.601
414	12	12	25.879	12.03	0	2	111	3.63	1.272	NA	0	NA	0	120.964
415	12	13	25.879	12.03	0	2	130	3.63	1.272	NA	0	NA	0	0
416	12	14	25.664	12.03	0	2	149	3.845	1.451	NA	0.216	NA	180	180
417	12	15	25.556	11.869	0	2	121	4.04	1.629	NA	0.194	NA	-123.69	56.31
418	12	16	25.448	11.815	0	2	205	4.16	1.749	NA	0.12	NA	-153.435	-29.745
419	12	17	25.394	11.761	0	2	130	4.236	1.823	NA	0.076	NA	-135	18.435
420	12	18	25.34	11.761	0	2	139	4.29	1.868	NA	0.054	NA	180	-45
421	12	19	25.394	11.761	0	2	83	4.344	1.823	NA	0.054	NA	0	-180
422	12	20	25.125	11.707	0	2	102	4.619	2.079	NA	0.275	NA	-168.69	-168.69
423	12	21	25.394	11.815	0	2	223	4.909	1.794	NA	0.29	NA	21.801	-169.509
424	12	22	25.502	11.922	0	2	177	5.061	1.645	NA	0.152	NA	45	23.199
425	12	23	25.286	11.922	0	2	65	5.277	1.832	NA	0.216	NA	180	135
426	12	24	25.286	11.922	0	2	139	5.277	1.832	NA	0	NA	0	-180
427	12	25	25.071	11.869	0	2	121	5.499	2.048	NA	0.222	NA	-165.964	-165.964
428	12	26	25.34	11.922	0	2	223	5.774	1.785	NA	0.275	NA	11.31	177.274
429	12	27	25.394	11.976	0	2	130	5.85	1.712	NA	0.076	NA	45	33.69
430	12	28	25.502	12.138	0	2	83	6.044	1.543	NA	0.194	NA	56.31	11.31
431	12	29	25.502	12.138	0	2	158	6.044	1.543	NA	0	NA	0	-56.31
432	12	30	25.502	12.138	0	2	251	6.044	1.543	NA	0	NA	0	0
433	12	31	25.448	12.138	0	2	242	6.098	1.592	NA	0.054	NA	180	180
434	12	32	25.448	12.138	0	2	186	6.098	1.592	NA	0	NA	0	-180
435	12	33	25.556	12.461	0	2	121	6.439	1.385	NA	0.341	NA	71.565	71.565
436	12	34	25.61	12.461	0	2	93	6.493	1.333	NA	0.054	NA	0	-71.565
437	12	35	25.717	11.869	0	2	205	7.095	1.498	NA	0.602	NA	-79.695	-79.695
438	12	36	25.717	11.869	0	2	242	7.095	1.498	NA	0	NA	0	79.695
439	12	37	25.717	11.869	0	2	177	7.095	1.498	NA	0	NA	0	0
440	12	38	25.61	11.869	0	2	149	7.203	1.585	NA	0.108	NA	180	180
441	12	39	25.61	11.869	0	2	93	7.203	1.585	NA	0	NA	0	-180
442	12	40	25.448	11.869	0	2	177	7.365	1.719	NA	0.162	NA	180	180
443	12	41	25.556	11.869	0	2	223	7.473	1.629	NA	0.108	NA	0	-180
444	12	42	25.556	11.922	0	2	205	7.527	1.599	NA	0.054	NA	90	90
445	12	43	25.556	11.922	0	2	93	7.527	1.599	NA	0	NA	0	-90
