Nr	TID	PID	x [micron]	y [micron]	t [sec]	c [idx]	I [val]	Len [micron]	D2S [micron]	D2R [micron]	D2P [micron]	v [micron/sec]	? [deg]	?? [deg]
1	1	1	14.889	16.566	0	2	13	0	0	NA	NA	NA	NA	NA
2	1	2	15.538	16.566	0	2	27	0.649	0.649	NA	0.649	NA	0	NA
3	1	3	15.376	16.891	0	2	41	1.012	0.585	NA	0.363	NA	116.565	116.565
4	1	4	13.753	15.917	0	2	0	2.904	1.308	NA	1.892	NA	-149.036	94.399
5	2	1	16.891	17.702	0	2	209	0	0	NA	NA	NA	NA	NA
6	2	2	17.377	17.486	0	2	97	0.533	0.533	NA	0.533	NA	-23.962	NA
7	2	3	17.594	17.486	0	2	41	0.749	0.736	NA	0.216	NA	0	23.962
8	2	4	17.323	17.486	0	2	125	1.02	0.484	NA	0.27	NA	180	180
9	2	5	17.486	17.648	0	2	111	1.249	0.597	NA	0.229	NA	45	-135
10	2	6	17.215	17.918	0	2	111	1.632	0.39	NA	0.382	NA	135	90
11	2	7	18.081	18.135	0	2	69	2.524	1.266	NA	0.892	NA	14.036	-120.964
12	2	8	19.162	18.297	0	2	41	3.618	2.349	NA	1.094	NA	8.531	-5.505
13	2	9	20.947	17.594	0	2	69	5.536	4.058	NA	1.919	NA	-21.501	-30.032
14	2	10	20.839	17.323	0	2	27	5.828	3.967	NA	0.291	NA	-111.801	-90.3
15	2	11	20.893	17.161	0	2	41	5.999	4.039	NA	0.171	NA	-71.565	40.236
16	2	12	21.705	16.782	0	2	41	6.894	4.901	NA	0.895	NA	-25.017	46.548
17	2	13	23.436	16.404	0	2	55	8.666	6.673	NA	1.772	NA	-12.339	12.678
18	2	14	25.059	16.512	0	2	69	10.292	8.254	NA	1.626	NA	3.814	16.153
19	2	15	26.627	17.161	0	2	13	11.99	9.752	NA	1.698	NA	22.479	18.665
20	3	1	16.079	18.081	0	2	153	0	0	NA	NA	NA	NA	NA
21	3	2	16.133	18.135	0	2	251	0.076	0.076	NA	0.076	NA	45	NA
22	3	3	16.404	18.189	0	2	209	0.352	0.342	NA	0.276	NA	11.31	-33.69
23	3	4	16.512	18.297	0	2	0	0.505	0.484	NA	0.153	NA	45	33.69
24	3	5	17.215	18.513	0	2	41	1.241	1.216	NA	0.736	NA	17.103	-27.897
25	3	6	17.486	18.622	0	2	97	1.532	1.507	NA	0.291	NA	21.801	4.699
26	3	7	16.999	18.676	0	2	41	2.022	1.095	NA	0.49	NA	173.66	151.858
27	3	8	16.836	18.297	0	2	125	2.434	0.788	NA	0.412	NA	-113.199	73.142
28	3	9	16.512	18.243	0	2	69	2.763	0.462	NA	0.329	NA	-170.538	-57.339
29	3	10	16.728	18.243	0	2	209	2.98	0.669	NA	0.216	NA	0	170.538
30	3	11	16.512	18.243	0	2	255	3.196	0.462	NA	0.216	NA	180	180
31	3	12	15.971	17.972	0	2	255	3.801	0.153	NA	0.605	NA	-153.435	26.565
32	3	13	15.268	17.702	0	2	223	4.554	0.895	NA	0.753	NA	-158.962	-5.528
33	3	14	13.97	17.431	0	2	83	5.88	2.207	NA	1.326	NA	-168.232	-9.269
34	3	15	13.483	16.999	0	2	13	6.532	2.813	NA	0.651	NA	-138.366	29.865
35	3	16	12.888	16.512	0	2	41	7.3	3.556	NA	0.769	NA	-140.711	-2.344
36	3	17	12.725	16.35	0	2	27	7.53	3.774	NA	0.229	NA	-135	5.711
37	3	18	12.725	16.404	0	2	13	7.584	3.75	NA	0.054	NA	90	-135
38	3	19	12.401	15.809	0	2	27	8.262	4.323	NA	0.678	NA	-118.61	151.39
39	3	20	12.347	16.079	0	2	83	8.538	4.235	NA	0.276	NA	101.31	-140.08
40	4	1	17.053	14.402	0	2	41	0	0	NA	NA	NA	NA	NA
41	4	2	17.377	14.456	0	2	55	0.329	0.329	NA	0.329	NA	9.462	NA
42	4	3	17.486	14.402	0	2	13	0.45	0.433	NA	0.121	NA	-26.565	-36.027
43	4	4	17.54	14.565	0	2	13	0.621	0.513	NA	0.171	NA	71.565	98.13
44	4	5	17.54	14.402	0	2	0	0.783	0.487	NA	0.162	NA	-90	-161.565
45	4	6	17.431	14.619	0	2	41	1.025	0.436	NA	0.242	NA	116.565	-153.435
46	4	7	17.377	14.565	0	2	41	1.102	0.363	NA	0.076	NA	-135	108.435
47	4	8	17.431	14.565	0	2	13	1.156	0.412	NA	0.054	NA	0	135
48	4	9	16.999	14.402	0	2	55	1.618	0.054	NA	0.462	NA	-159.444	-159.444
49	4	10	17.161	14.727	0	2	0	1.981	0.342	NA	0.363	NA	63.435	-137.121
50	4	11	16.945	14.889	0	2	13	2.251	0.499	NA	0.27	NA	143.13	79.695
51	4	12	16.891	15.051	0	2	0	2.422	0.669	NA	0.171	NA	108.435	-34.695
52	4	13	17.107	15.051	0	2	41	2.639	0.651	NA	0.216	NA	0	-108.435
53	4	14	16.782	14.673	0	2	55	3.137	0.382	NA	0.499	NA	-130.601	-130.601
54	4	15	17.053	14.835	0	2	13	3.453	0.433	NA	0.315	NA	30.964	161.565
55	4	16	17.053	14.835	0	2	27	3.453	0.433	NA	0	NA	0	-30.964
56	4	17	17.323	14.619	0	2	27	3.799	0.346	NA	0.346	NA	-38.66	-38.66
57	4	18	17.161	14.565	0	2	55	3.97	0.195	NA	0.171	NA	-161.565	-122.905
58	4	19	17.215	14.781	0	2	41	4.193	0.412	NA	0.223	NA	75.964	-122.471
59	4	20	17.215	14.997	0	2	41	4.41	0.617	NA	0.216	NA	90	14.036
60	5	1	11.914	12.671	0	2	111	0	0	NA	NA	NA	NA	NA
61	5	2	11.535	12.779	0	2	125	0.394	0.394	NA	0.394	NA	164.055	NA
62	5	3	11.535	12.779	0	2	181	0.394	0.394	NA	0	NA	0	-164.055
63	5	4	11.535	12.779	0	2	209	0.394	0.394	NA	0	NA	0	0
64	5	5	11.535	12.834	0	2	223	0.448	0.412	NA	0.054	NA	90	90
65	5	6	11.373	12.942	0	2	97	0.643	0.605	NA	0.195	NA	146.31	56.31
66	5	7	11.157	13.104	0	2	255	0.913	0.872	NA	0.27	NA	143.13	-3.18
67	5	8	10.994	12.996	0	2	255	1.108	0.975	NA	0.195	NA	-146.31	70.56
68	5	9	11.589	12.725	0	2	55	1.762	0.329	NA	0.654	NA	-24.444	121.866
69	5	10	11.86	12.671	0	2	27	2.038	0.054	NA	0.276	NA	-11.31	13.134
70	5	11	12.184	12.563	0	2	83	2.38	0.291	NA	0.342	NA	-18.435	-7.125
71	5	12	12.184	12.509	0	2	97	2.434	0.315	NA	0.054	NA	-90	-71.565
72	5	13	12.239	12.509	0	2	41	2.488	0.363	NA	0.054	NA	0	90
73	5	14	11.968	12.509	0	2	55	2.759	0.171	NA	0.27	NA	180	180
74	5	15	12.239	12.617	0	2	13	3.05	0.329	NA	0.291	NA	21.801	-158.199
75	5	16	12.401	12.509	0	2	27	3.245	0.513	NA	0.195	NA	-33.69	-55.491
76	5	17	12.347	12.455	0	2	13	3.321	0.484	NA	0.076	NA	-135	-101.31
77	5	18	12.293	12.509	0	2	69	3.398	0.412	NA	0.076	NA	135	-90
78	5	19	12.401	12.509	0	2	55	3.506	0.513	NA	0.108	NA	0	-135
79	5	20	12.184	12.563	0	2	27	3.729	0.291	NA	0.223	NA	165.964	165.964
80	5	21	12.022	12.401	0	2	13	3.959	0.291	NA	0.229	NA	-135	59.036
81	5	22	12.401	12.509	0	2	55	4.352	0.513	NA	0.394	NA	15.945	150.945
82	5	23	12.509	12.401	0	2	69	4.505	0.654	NA	0.153	NA	-45	-60.945
83	6	1	8.993	12.347	0	2	41	0	0	NA	NA	NA	NA	NA
84	6	2	8.939	12.347	0	2	83	0.054	0.054	NA	0.054	NA	180	NA
85	6	3	9.372	12.563	0	2	69	0.538	0.436	NA	0.484	NA	26.565	-153.435
86	6	4	9.372	12.401	0	2	41	0.7	0.382	NA	0.162	NA	-90	-116.565
87	6	5	9.534	12.401	0	2	83	0.862	0.544	NA	0.162	NA	0	90
88	6	6	9.696	12.347	0	2	125	1.034	0.703	NA	0.171	NA	-18.435	-18.435
89	6	7	9.696	12.455	0	2	27	1.142	0.711	NA	0.108	NA	90	108.435
90	6	8	9.48	12.725	0	2	69	1.488	0.617	NA	0.346	NA	128.66	38.66
91	6	9	9.75	12.725	0	2	125	1.759	0.847	NA	0.27	NA	0	-128.66
92	6	10	9.75	13.104	0	2	97	2.137	1.071	NA	0.379	NA	90	90
93	6	11	9.696	13.104	0	2	13	2.191	1.033	NA	0.054	NA	180	90
94	6	12	9.588	13.05	0	2	139	2.312	0.921	NA	0.121	NA	-153.435	26.565
95	6	13	10.129	12.996	0	2	55	2.856	1.308	NA	0.544	NA	-5.711	147.724
96	6	14	10.291	12.888	0	2	139	3.051	1.406	NA	0.195	NA	-33.69	-27.979
97	6	15	10.399	12.563	0	2	55	3.393	1.423	NA	0.342	NA	-71.565	-37.875
98	6	16	10.508	12.617	0	2	13	3.514	1.539	NA	0.121	NA	26.565	98.13
99	6	17	11.211	12.725	0	2	13	4.225	2.25	NA	0.711	NA	8.746	-17.819
100	7	1	10.508	13.05	0	2	69	0	0	NA	NA	NA	NA	NA
101	7	2	10.345	13.104	0	2	69	0.171	0.171	NA	0.171	NA	161.565	NA
102	7	3	10.345	13.158	0	2	13	0.225	0.195	NA	0.054	NA	90	-71.565
103	7	4	9.48	13.483	0	2	0	1.149	1.115	NA	0.924	NA	159.444	69.444
104	8	1	6.992	14.402	0	2	41	0	0	NA	NA	NA	NA	NA
105	8	2	7.262	14.402	0	2	41	0.27	0.27	NA	0.27	NA	0	NA
106	8	3	7.262	14.402	0	2	0	0.27	0.27	NA	0	NA	0	0
107	8	4	7.208	14.456	0	2	139	0.347	0.223	NA	0.076	NA	135	135
108	8	5	7.262	14.51	0	2	0	0.423	0.291	NA	0.076	NA	45	-90
109	8	6	6.775	14.24	0	2	111	0.98	0.27	NA	0.557	NA	-150.945	164.055
110	8	7	6.775	14.24	0	2	0	0.98	0.27	NA	0	NA	0	150.945
111	8	8	6.505	14.294	0	2	83	1.256	0.499	NA	0.276	NA	168.69	168.69
112	8	9	6.613	14.456	0	2	69	1.451	0.382	NA	0.195	NA	56.31	-112.38
113	8	10	6.613	14.078	0	2	69	1.83	0.499	NA	0.379	NA	-90	-146.31
114	8	11	6.667	14.132	0	2	55	1.906	0.422	NA	0.076	NA	45	135
115	8	12	6.829	14.186	0	2	83	2.077	0.27	NA	0.171	NA	18.435	-26.565
116	8	13	6.829	14.186	0	2	27	2.077	0.27	NA	0	NA	0	-18.435
117	8	14	6.721	13.97	0	2	69	2.319	0.51	NA	0.242	NA	-116.565	-116.565
118	8	15	6.992	14.186	0	2	41	2.666	0.216	NA	0.346	NA	38.66	155.225
119	8	16	6.937	14.078	0	2	97	2.787	0.329	NA	0.121	NA	-116.565	-155.225
120	8	17	6.829	13.915	0	2	83	2.982	0.513	NA	0.195	NA	-123.69	-7.125
121	8	18	7.1	13.97	0	2	83	3.258	0.446	NA	0.276	NA	11.31	135
122	8	19	7.1	13.97	0	2	125	3.258	0.446	NA	0	NA	0	-11.31
123	8	20	7.1	14.186	0	2	55	3.474	0.242	NA	0.216	NA	90	90
124	8	21	7.424	13.915	0	2	69	3.896	0.651	NA	0.422	NA	-39.806	-129.806
125	8	22	7.478	13.807	0	2	97	4.017	0.769	NA	0.121	NA	-63.435	-23.629
126	8	23	7.641	13.915	0	2	0	4.212	0.811	NA	0.195	NA	33.69	97.125
127	8	24	7.695	13.699	0	2	27	4.435	0.994	NA	0.223	NA	-75.964	-109.654
128	8	25	7.316	14.024	0	2	83	4.934	0.499	NA	0.499	NA	139.399	-144.638
129	8	26	7.154	14.132	0	2	83	5.129	0.315	NA	0.195	NA	146.31	6.911
130	8	27	7.37	14.132	0	2	41	5.346	0.465	NA	0.216	NA	0	-146.31
131	8	28	7.424	14.024	0	2	55	5.466	0.575	NA	0.121	NA	-63.435	-63.435
132	8	29	7.262	14.024	0	2	13	5.629	0.465	NA	0.162	NA	180	-116.565
133	8	30	7.316	13.807	0	2	41	5.852	0.678	NA	0.223	NA	-75.964	104.036
134	8	31	7.046	14.024	0	2	27	6.198	0.382	NA	0.346	NA	141.34	-142.696
135	8	32	7.262	14.024	0	2	97	6.415	0.465	NA	0.216	NA	0	-141.34
136	8	33	7.262	13.97	0	2	41	6.469	0.51	NA	0.054	NA	-90	-90
137	8	34	7.316	14.024	0	2	69	6.545	0.499	NA	0.076	NA	45	135
138	9	1	8.236	13.753	0	2	69	0	0	NA	NA	NA	NA	NA
139	9	2	8.452	13.753	0	2	139	0.216	0.216	NA	0.216	NA	0	NA
140	9	3	8.127	14.132	0	2	27	0.715	0.394	NA	0.499	NA	130.601	130.601
141	9	4	7.965	14.078	0	2	125	0.886	0.422	NA	0.171	NA	-161.565	67.834
142	9	5	7.965	14.078	0	2	69	0.886	0.422	NA	0	NA	0	161.565
143	9	6	8.073	14.078	0	2	41	0.994	0.363	NA	0.108	NA	0	0
144	9	7	7.965	14.186	0	2	55	1.147	0.51	NA	0.153	NA	135	135
145	9	8	8.344	14.186	0	2	27	1.526	0.446	NA	0.379	NA	0	-135
146	9	9	8.398	14.186	0	2	41	1.58	0.462	NA	0.054	NA	0	0
147	9	10	7.803	14.132	0	2	13	2.178	0.575	NA	0.597	NA	-174.806	-174.806
148	9	11	8.019	14.619	0	2	0	2.71	0.892	NA	0.533	NA	66.038	-119.157
149	9	12	8.073	14.997	0	2	27	3.093	1.255	NA	0.382	NA	81.87	15.832
150	9	13	8.506	14.997	0	2	41	3.526	1.273	NA	0.433	NA	0	-81.87
151	9	14	8.506	14.997	0	2	97	3.526	1.273	NA	0	NA	0	0
152	9	15	8.182	14.997	0	2	69	3.85	1.245	NA	0.325	NA	180	180
153	9	16	8.182	14.997	0	2	55	3.85	1.245	NA	0	NA	0	-180
154	9	17	8.073	15.105	0	2	13	4.003	1.362	NA	0.153	NA	135	135
155	9	18	7.857	15.105	0	2	83	4.219	1.404	NA	0.216	NA	180	45
156	9	19	7.857	15.105	0	2	83	4.219	1.404	NA	0	NA	0	-180
157	9	20	7.532	15.105	0	2	0	4.544	1.524	NA	0.325	NA	180	180
158	9	21	7.641	15.105	0	2	41	4.652	1.477	NA	0.108	NA	0	-180
159	9	22	7.695	15.105	0	2	69	4.706	1.456	NA	0.054	NA	0	0
160	9	23	7.532	15.214	0	2	111	4.901	1.621	NA	0.195	NA	146.31	146.31
161	9	24	7.532	15.322	0	2	69	5.01	1.719	NA	0.108	NA	90	-56.31
162	9	25	7.37	15.322	0	2	41	5.172	1.792	NA	0.162	NA	180	90
163	9	26	7.1	15.322	0	2	97	5.442	1.937	NA	0.27	NA	180	0
164	9	27	7.262	15.105	0	2	83	5.713	1.666	NA	0.27	NA	-53.13	126.87
165	9	28	7.316	15.105	0	2	55	5.767	1.635	NA	0.054	NA	0	53.13
166	9	29	7.803	15.214	0	2	41	6.266	1.523	NA	0.499	NA	12.529	12.529
167	9	30	7.695	14.348	0	2	41	7.138	0.804	NA	0.872	NA	-97.125	-109.654
168	9	31	7.911	14.402	0	2	41	7.361	0.726	NA	0.223	NA	14.036	111.161
169	9	32	7.803	14.348	0	2	97	7.482	0.736	NA	0.121	NA	-153.435	-167.471
170	9	33	7.587	14.294	0	2	41	7.705	0.845	NA	0.223	NA	-165.964	-12.529
171	9	34	7.478	14.186	0	2	55	7.858	0.872	NA	0.153	NA	-135	30.964
172	9	35	7.1	14.132	0	2	97	8.24	1.197	NA	0.382	NA	-171.87	-36.87
173	9	36	7.37	14.132	0	2	41	8.511	0.945	NA	0.27	NA	0	171.87
174	9	37	7.37	14.078	0	2	69	8.565	0.924	NA	0.054	NA	-90	-90
175	9	38	7.424	14.078	0	2	69	8.619	0.874	NA	0.054	NA	0	90
176	9	39	7.587	14.078	0	2	97	8.781	0.726	NA	0.162	NA	0	0
177	9	40	7.154	14.132	0	2	69	9.217	1.146	NA	0.436	NA	172.875	172.875
178	9	41	7.37	14.132	0	2	83	9.434	0.945	NA	0.216	NA	0	-172.875
179	9	42	7.316	14.24	0	2	125	9.555	1.04	NA	0.121	NA	116.565	116.565
180	9	43	7.208	14.348	0	2	111	9.708	1.188	NA	0.153	NA	135	18.435
181	9	44	7.641	14.402	0	2	83	10.144	0.881	NA	0.436	NA	7.125	-127.875
182	9	45	7.316	14.402	0	2	41	10.468	1.126	NA	0.325	NA	180	172.875
183	9	46	7.587	14.456	0	2	69	10.744	0.957	NA	0.276	NA	11.31	-168.69
184	9	47	7.587	14.456	0	2	83	10.744	0.957	NA	0	NA	0	-11.31
185	9	48	7.532	14.402	0	2	27	10.821	0.957	NA	0.076	NA	-135	-135
186	9	49	8.019	14.51	0	2	13	11.319	0.788	NA	0.499	NA	12.529	147.529
187	9	50	7.749	14.835	0	2	13	11.742	1.186	NA	0.422	NA	129.806	117.277
188	9	51	7.965	14.727	0	2	0	11.984	1.011	NA	0.242	NA	-26.565	-156.371
189	9	52	7.695	14.889	0	2	0	12.299	1.258	NA	0.315	NA	149.036	175.601
190	9	53	7.749	14.619	0	2	83	12.575	0.993	NA	0.276	NA	-78.69	132.274
191	9	54	7.37	14.943	0	2	0	13.074	1.471	NA	0.499	NA	139.399	-141.911
192	9	55	7.749	14.997	0	2	41	13.456	1.336	NA	0.382	NA	8.13	-131.269
193	9	56	7.695	14.943	0	2	97	13.533	1.307	NA	0.076	NA	-135	-143.13
194	9	57	7.424	14.943	0	2	0	13.803	1.44	NA	0.27	NA	180	-45
195	9	58	7.641	14.943	0	2	13	14.02	1.331	NA	0.216	NA	0	-180
196	10	1	8.56	17.702	0	2	97	0	0	NA	NA	NA	NA	NA
197	10	2	8.777	17.756	0	2	27	0.223	0.223	NA	0.223	NA	14.036	NA
198	10	3	8.777	17.756	0	2	41	0.223	0.223	NA	0	NA	0	-14.036
199	10	4	8.56	17.81	0	2	125	0.446	0.108	NA	0.223	NA	165.964	165.964
200	10	5	8.56	17.918	0	2	97	0.554	0.216	NA	0.108	NA	90	-75.964
201	10	6	8.56	17.918	0	2	13	0.554	0.216	NA	0	NA	0	-90
202	10	7	8.127	18.135	0	2	41	1.038	0.612	NA	0.484	NA	153.435	153.435
203	10	8	8.29	17.648	0	2	41	1.551	0.276	NA	0.513	NA	-71.565	135
204	10	9	8.398	17.81	0	2	83	1.746	0.195	NA	0.195	NA	56.31	127.875
205	10	10	8.506	17.918	0	2	83	1.899	0.223	NA	0.153	NA	45	-11.31
206	10	11	8.452	18.026	0	2	13	2.02	0.342	NA	0.121	NA	116.565	71.565
207	10	12	8.182	18.026	0	2	111	2.291	0.499	NA	0.27	NA	180	63.435
208	10	13	7.965	18.026	0	2	55	2.507	0.678	NA	0.216	NA	180	0
209	10	14	7.857	18.026	0	2	41	2.615	0.774	NA	0.108	NA	180	0
210	10	15	7.803	18.189	0	2	41	2.786	0.9	NA	0.171	NA	108.435	-71.565
211	10	16	7.911	18.297	0	2	55	2.939	0.881	NA	0.153	NA	45	-63.435
212	10	17	7.911	18.297	0	2	55	2.939	0.881	NA	0	NA	0	-45
213	10	18	8.182	18.297	0	2	55	3.21	0.705	NA	0.27	NA	0	0
214	10	19	8.506	18.243	0	2	13	3.539	0.544	NA	0.329	NA	-9.462	-9.462
215	10	20	8.344	17.81	0	2	27	4.001	0.242	NA	0.462	NA	-110.556	-101.094
216	10	21	8.073	17.918	0	2	69	4.292	0.533	NA	0.291	NA	158.199	-91.245
217	10	22	8.127	17.972	0	2	55	4.369	0.51	NA	0.076	NA	45	-113.199
218	10	23	8.236	18.026	0	2	55	4.49	0.459	NA	0.121	NA	26.565	-18.435
219	10	24	8.127	17.972	0	2	41	4.611	0.51	NA	0.121	NA	-153.435	-180
220	10	25	8.29	17.918	0	2	55	4.782	0.346	NA	0.171	NA	-18.435	135
221	10	26	8.344	17.972	0	2	27	4.858	0.346	NA	0.076	NA	45	63.435
222	10	27	8.56	17.864	0	2	97	5.1	0.162	NA	0.242	NA	-26.565	-71.565
223	10	28	8.56	17.81	0	2	41	5.154	0.108	NA	0.054	NA	-90	-63.435
224	10	29	8.236	17.81	0	2	69	5.479	0.342	NA	0.325	NA	180	-90
225	10	30	8.29	17.864	0	2	0	5.555	0.315	NA	0.076	NA	45	-135
226	10	31	8.452	17.756	0	2	111	5.75	0.121	NA	0.195	NA	-33.69	-78.69
227	10	32	8.29	17.918	0	2	69	5.98	0.346	NA	0.229	NA	135	168.69
228	10	33	8.398	18.026	0	2	41	6.133	0.363	NA	0.153	NA	45	-90
229	10	34	8.56	17.756	0	2	27	6.448	0.054	NA	0.315	NA	-59.036	-104.036
230	10	35	8.127	18.243	0	2	13	7.1	0.693	NA	0.651	NA	131.634	-169.33
231	10	36	8.019	18.351	0	2	55	7.253	0.845	NA	0.153	NA	135	3.366
232	10	37	8.019	18.351	0	2	27	7.253	0.845	NA	0	NA	0	-135
233	10	38	8.019	18.459	0	2	83	7.361	0.931	NA	0.108	NA	90	90
234	10	39	8.019	18.73	0	2	83	7.631	1.161	NA	0.27	NA	90	0
235	10	40	8.182	18.784	0	2	55	7.802	1.146	NA	0.171	NA	18.435	-71.565
236	10	41	8.182	19	0	2	13	8.019	1.352	NA	0.216	NA	90	71.565
237	10	42	7.965	19	0	2	41	8.235	1.428	NA	0.216	NA	180	90
238	10	43	7.857	19	0	2	13	8.343	1.476	NA	0.108	NA	180	0
239	10	44	7.749	19	0	2	83	8.451	1.531	NA	0.108	NA	180	0
240	10	45	7.803	19	0	2	41	8.506	1.503	NA	0.054	NA	0	-180
241	10	46	7.803	18.946	0	2	13	8.56	1.456	NA	0.054	NA	-90	-90
242	10	47	7.803	18.946	0	2	83	8.56	1.456	NA	0	NA	0	90
243	10	48	7.641	18.946	0	2	27	8.722	1.547	NA	0.162	NA	180	180
244	10	49	7.532	18.946	0	2	41	8.83	1.614	NA	0.108	NA	180	0
245	10	50	7.316	18.838	0	2	111	9.072	1.685	NA	0.242	NA	-153.435	26.565
246	10	51	7.478	19	0	2	27	9.301	1.69	NA	0.229	NA	45	-161.565
247	10	52	7.208	19.217	0	2	97	9.648	2.03	NA	0.346	NA	141.34	96.34
248	10	53	6.992	19.271	0	2	69	9.871	2.218	NA	0.223	NA	165.964	24.624
249	10	54	6.883	19.325	0	2	167	9.992	2.334	NA	0.121	NA	153.435	-12.529
250	10	55	6.883	19.325	0	2	111	9.992	2.334	NA	0	NA	0	-153.435
251	10	56	6.992	19.325	0	2	69	10.1	2.257	NA	0.108	NA	0	0
252	10	57	7.046	19.325	0	2	41	10.154	2.22	NA	0.054	NA	0	0
253	10	58	7.046	19.325	0	2	13	10.154	2.22	NA	0	NA	0	0
254	10	59	7.046	19.325	0	2	83	10.154	2.22	NA	0	NA	0	0
255	10	60	7.046	19.325	0	2	139	10.154	2.22	NA	0	NA	0	0
256	11	1	12.239	16.404	0	2	125	0	0	NA	NA	NA	NA	NA
257	11	2	12.617	16.891	0	2	55	0.617	0.617	NA	0.617	NA	52.125	NA
258	11	3	12.942	16.782	0	2	27	0.959	0.799	NA	0.342	NA	-18.435	-70.56
259	11	4	13.374	17.053	0	2	55	1.469	1.308	NA	0.51	NA	32.005	50.44
260	11	5	12.563	16.945	0	2	27	2.288	0.631	NA	0.819	NA	-172.405	155.589
261	11	6	12.239	16.512	0	2	27	2.829	0.108	NA	0.541	NA	-126.87	45.535
262	11	7	11.806	15.971	0	2	55	3.521	0.612	NA	0.693	NA	-128.66	-1.79
263	11	8	11.427	15.971	0	2	55	3.9	0.92	NA	0.379	NA	180	-51.34
264	11	9	12.076	16.187	0	2	139	4.584	0.27	NA	0.684	NA	18.435	-161.565
265	11	10	12.239	16.35	0	2	139	4.814	0.054	NA	0.229	NA	45	26.565
266	11	11	12.293	16.458	0	2	55	4.935	0.076	NA	0.121	NA	63.435	18.435
267	11	12	12.076	16.404	0	2	125	5.158	0.162	NA	0.223	NA	-165.964	130.601
268	11	13	12.239	16.35	0	2	69	5.329	0.054	NA	0.171	NA	-18.435	147.529
269	11	14	12.293	16.35	0	2	69	5.383	0.076	NA	0.054	NA	0	18.435
270	11	15	12.076	16.35	0	2	83	5.599	0.171	NA	0.216	NA	180	180
271	11	16	11.968	16.296	0	2	83	5.72	0.291	NA	0.121	NA	-153.435	26.565
272	11	17	11.806	15.971	0	2	111	6.083	0.612	NA	0.363	NA	-116.565	36.87
273	11	18	11.644	15.863	0	2	69	6.278	0.804	NA	0.195	NA	-146.31	-29.745
274	11	19	11.806	15.755	0	2	55	6.473	0.78	NA	0.195	NA	-33.69	112.62
275	11	20	12.022	15.863	0	2	83	6.715	0.583	NA	0.242	NA	26.565	60.255
276	11	21	11.86	16.025	0	2	125	6.945	0.535	NA	0.229	NA	135	108.435
277	11	22	12.076	16.025	0	2	83	7.161	0.412	NA	0.216	NA	0	-135
278	11	23	12.293	16.241	0	2	153	7.467	0.171	NA	0.306	NA	45	45
279	11	24	12.347	16.187	0	2	13	7.543	0.242	NA	0.076	NA	-45	-90
280	11	25	12.022	16.079	0	2	125	7.886	0.39	NA	0.342	NA	-161.565	-116.565
281	11	26	12.13	16.187	0	2	97	8.039	0.242	NA	0.153	NA	45	-153.435
282	11	27	11.968	16.187	0	2	69	8.201	0.346	NA	0.162	NA	180	135
283	11	28	12.13	16.079	0	2	83	8.396	0.342	NA	0.195	NA	-33.69	146.31
284	11	29	12.13	16.079	0	2	83	8.396	0.342	NA	0	NA	0	33.69
285	11	30	12.022	16.079	0	2	41	8.504	0.39	NA	0.108	NA	180	180
286	11	31	12.13	16.079	0	2	41	8.612	0.342	NA	0.108	NA	0	-180
287	11	32	12.076	16.079	0	2	55	8.666	0.363	NA	0.054	NA	180	180
288	11	33	12.076	16.079	0	2	83	8.666	0.363	NA	0	NA	0	-180
289	11	34	12.022	15.917	0	2	69	8.837	0.533	NA	0.171	NA	-108.435	-108.435
290	11	35	11.86	15.917	0	2	111	9	0.617	NA	0.162	NA	180	-71.565
291	11	36	12.13	15.971	0	2	41	9.276	0.446	NA	0.276	NA	11.31	-168.69
292	11	37	12.022	15.971	0	2	111	9.384	0.484	NA	0.108	NA	180	168.69
293	11	38	12.022	15.863	0	2	69	9.492	0.583	NA	0.108	NA	-90	90
294	11	39	12.022	15.863	0	2	55	9.492	0.583	NA	0	NA	0	90
295	11	40	11.86	15.863	0	2	139	9.654	0.66	NA	0.162	NA	180	180
296	11	41	11.86	16.079	0	2	83	9.871	0.499	NA	0.216	NA	90	-90
297	11	42	11.968	15.917	0	2	27	10.066	0.557	NA	0.195	NA	-56.31	-146.31
298	11	43	12.13	15.971	0	2	55	10.237	0.446	NA	0.171	NA	18.435	74.745
299	11	44	11.968	15.971	0	2	83	10.399	0.51	NA	0.162	NA	180	161.565
300	11	45	12.509	15.971	0	2	13	10.94	0.51	NA	0.541	NA	0	-180
301	11	46	12.076	15.863	0	2	55	11.386	0.565	NA	0.446	NA	-165.964	-165.964
302	11	47	12.076	15.971	0	2	0	11.494	0.462	NA	0.108	NA	90	-104.036
303	11	48	12.455	16.025	0	2	0	11.877	0.436	NA	0.382	NA	8.13	-81.87
304	11	49	12.076	15.971	0	2	69	12.259	0.462	NA	0.382	NA	-171.87	-180
305	11	50	12.401	15.971	0	2	0	12.584	0.462	NA	0.325	NA	0	171.87
306	11	51	12.13	15.971	0	2	41	12.854	0.446	NA	0.27	NA	180	180
307	11	52	12.239	16.079	0	2	13	13.007	0.325	NA	0.153	NA	45	-135
308	12	1	12.455	17.486	0	2	0	0	0	NA	NA	NA	NA	NA
309	12	2	12.725	17.486	0	2	41	0.27	0.27	NA	0.27	NA	0	NA
310	12	3	12.834	17.486	0	2	13	0.379	0.379	NA	0.108	NA	0	0
311	12	4	12.671	17.486	0	2	27	0.541	0.216	NA	0.162	NA	180	180
312	12	5	12.563	17.431	0	2	0	0.662	0.121	NA	0.121	NA	-153.435	26.565
313	12	6	12.401	17.215	0	2	0	0.932	0.276	NA	0.27	NA	-126.87	26.565
314	12	7	11.914	17.107	0	2	13	1.431	0.66	NA	0.499	NA	-167.471	-40.601
315	13	1	8.073	20.19	0	2	125	0	0	NA	NA	NA	NA	NA
316	13	2	8.722	20.515	0	2	41	0.726	0.726	NA	0.726	NA	26.565	NA
317	13	3	8.993	20.515	0	2	41	0.996	0.975	NA	0.27	NA	0	-26.565
318	13	4	8.668	20.839	0	2	13	1.455	0.881	NA	0.459	NA	135	135
319	13	5	8.993	20.947	0	2	83	1.797	1.191	NA	0.342	NA	18.435	-116.565
320	13	6	9.696	21.272	0	2	0	2.572	1.95	NA	0.774	NA	24.775	6.34
321	14	1	11.481	14.456	0	2	27	0	0	NA	NA	NA	NA	NA
322	14	2	11.319	14.51	0	2	69	0.171	0.171	NA	0.171	NA	161.565	NA
323	14	3	11.644	14.565	0	2	27	0.5	0.195	NA	0.329	NA	9.462	-152.103
324	14	4	11.698	14.565	0	2	69	0.554	0.242	NA	0.054	NA	0	-9.462
325	14	5	11.589	14.565	0	2	41	0.662	0.153	NA	0.108	NA	180	180
326	14	6	11.644	14.565	0	2	41	0.716	0.195	NA	0.054	NA	0	-180
327	14	7	11.427	14.565	0	2	41	0.933	0.121	NA	0.216	NA	180	180
328	14	8	11.427	14.565	0	2	69	0.933	0.121	NA	0	NA	0	-180
329	14	9	11.265	14.402	0	2	69	1.162	0.223	NA	0.229	NA	-135	-135
330	14	10	11.265	14.402	0	2	13	1.162	0.223	NA	0	NA	0	135
331	14	11	11.265	14.348	0	2	27	1.216	0.242	NA	0.054	NA	-90	-90
332	14	12	11.589	14.24	0	2	83	1.559	0.242	NA	0.342	NA	-18.435	71.565
333	14	13	11.752	14.24	0	2	13	1.721	0.346	NA	0.162	NA	0	18.435
334	14	14	10.94	14.24	0	2	13	2.532	0.583	NA	0.811	NA	180	180
335	14	15	11.481	14.294	0	2	27	3.076	0.162	NA	0.544	NA	5.711	-174.289
336	14	16	10.832	14.132	0	2	27	3.745	0.726	NA	0.669	NA	-165.964	-171.674
337	14	17	11.265	14.132	0	2	55	4.178	0.39	NA	0.433	NA	0	165.964
338	14	18	11.265	14.132	0	2	41	4.178	0.39	NA	0	NA	0	0
339	14	19	11.265	14.132	0	2	55	4.178	0.39	NA	0	NA	0	0
340	14	20	10.94	14.24	0	2	41	4.52	0.583	NA	0.342	NA	161.565	161.565
341	14	21	10.94	14.24	0	2	69	4.52	0.583	NA	0	NA	0	-161.565
342	14	22	10.832	14.348	0	2	55	4.673	0.658	NA	0.153	NA	135	135
343	14	23	11.157	14.348	0	2	13	4.997	0.342	NA	0.325	NA	0	-135
344	14	24	11.427	14.348	0	2	27	5.268	0.121	NA	0.27	NA	0	0
345	14	25	11.048	14.51	0	2	13	5.68	0.436	NA	0.412	NA	156.801	156.801
346	14	26	10.994	14.51	0	2	153	5.734	0.49	NA	0.054	NA	180	23.199
347	14	27	11.373	14.51	0	2	0	6.113	0.121	NA	0.379	NA	0	-180
348	14	28	11.211	14.456	0	2	27	6.284	0.27	NA	0.171	NA	-161.565	-161.565
349	14	29	11.535	14.456	0	2	97	6.608	0.054	NA	0.325	NA	0	161.565
350	14	30	11.157	14.51	0	2	27	6.991	0.329	NA	0.382	NA	171.87	171.87
351	14	31	11.157	14.565	0	2	13	7.045	0.342	NA	0.054	NA	90	-81.87
352	14	32	11.265	14.51	0	2	27	7.166	0.223	NA	0.121	NA	-26.565	-116.565
353	14	33	11.103	14.402	0	2	69	7.361	0.382	NA	0.195	NA	-146.31	-119.745
354	14	34	10.778	14.294	0	2	41	7.703	0.722	NA	0.342	NA	-161.565	-15.255
355	14	35	10.886	14.348	0	2	27	7.824	0.605	NA	0.121	NA	26.565	-171.87
356	14	36	10.724	14.348	0	2	69	7.986	0.765	NA	0.162	NA	180	153.435
357	14	37	11.103	14.51	0	2	27	8.398	0.382	NA	0.412	NA	23.199	-156.801
358	15	1	6.992	19.649	0	2	69	0	0	NA	NA	NA	NA	NA
359	15	2	7.532	20.407	0	2	69	0.931	0.931	NA	0.931	NA	54.462	NA
360	15	3	7.587	20.461	0	2	0	1.007	1.006	NA	0.076	NA	45	-9.462
361	15	4	7.911	20.623	0	2	55	1.37	1.339	NA	0.363	NA	26.565	-18.435
362	15	5	8.073	20.785	0	2	55	1.6	1.569	NA	0.229	NA	45	18.435
363	15	6	8.127	20.947	0	2	41	1.771	1.725	NA	0.171	NA	71.565	26.565
364	15	7	8.614	21.759	0	2	83	2.717	2.662	NA	0.946	NA	59.036	-12.529
365	15	8	8.939	22.083	0	2	125	3.176	3.117	NA	0.459	NA	45	-14.036
366	15	9	9.75	22.787	0	2	97	4.25	4.178	NA	1.074	NA	40.914	-4.086
367	15	10	10.886	23.328	0	2	55	5.508	5.357	NA	1.258	NA	25.463	-15.451
368	16	1	25.221	15.863	0	2	41	0	0	NA	NA	NA	NA	NA
369	16	2	24.085	15.43	0	2	97	1.216	1.216	NA	1.216	NA	-159.146	NA
370	16	3	23.869	15.376	0	2	55	1.439	1.437	NA	0.223	NA	-165.964	-6.818
371	16	4	23.814	15.376	0	2	41	1.493	1.488	NA	0.054	NA	180	-14.036
372	16	5	24.085	15.592	0	2	69	1.839	1.168	NA	0.346	NA	38.66	-141.34
373	16	6	23.76	15.322	0	2	153	2.262	1.557	NA	0.422	NA	-140.194	-178.854
374	16	7	24.139	15.755	0	2	125	2.837	1.087	NA	0.575	NA	48.814	-170.991
375	16	8	24.409	15.971	0	2	125	3.183	0.819	NA	0.346	NA	38.66	-10.154
376	16	9	22.408	14.997	0	2	139	5.409	2.943	NA	2.226	NA	-154.058	167.282
377	16	10	21.543	14.943	0	2	69	6.276	3.792	NA	0.867	NA	-176.424	-22.366
378	16	11	19.866	14.619	0	2	55	7.984	5.498	NA	1.708	NA	-169.046	7.378
379	16	12	18.513	15.322	0	2	13	9.508	6.729	NA	1.524	NA	152.526	-38.428
380	16	13	17.972	15.646	0	2	27	10.139	7.252	NA	0.631	NA	149.036	-3.489
381	16	14	17.323	16.999	0	2	139	11.639	7.979	NA	1.5	NA	115.641	-33.395
382	16	15	16.836	17.756	0	2	41	12.539	8.596	NA	0.9	NA	122.735	7.094
383	16	16	16.62	17.81	0	2	55	12.762	8.818	NA	0.223	NA	165.964	43.229
384	16	17	16.62	17.81	0	2	125	12.762	8.818	NA	0	NA	0	-165.964
385	16	18	16.62	17.81	0	2	69	12.762	8.818	NA	0	NA	0	0
386	16	19	16.891	17.81	0	2	55	13.033	8.555	NA	0.27	NA	0	0
387	16	20	16.891	17.81	0	2	55	13.033	8.555	NA	0	NA	0	0
388	16	21	17.972	18.243	0	2	41	14.198	7.629	NA	1.165	NA	21.801	21.801
389	16	22	18.405	18.135	0	2	27	14.644	7.184	NA	0.446	NA	-14.036	-35.838
390	16	23	18.892	18.351	0	2	27	15.177	6.8	NA	0.533	NA	23.962	37.999
391	16	24	19.866	18.892	0	2	55	16.291	6.153	NA	1.114	NA	29.055	5.092
392	16	25	20.677	19.162	0	2	55	17.146	5.616	NA	0.855	NA	18.435	-10.62
393	16	26	18.892	18.567	0	2	97	19.027	6.883	NA	1.882	NA	-161.565	-180
394	16	27	18.676	18.513	0	2	111	19.251	7.062	NA	0.223	NA	-165.964	-4.399
395	16	28	19	18.676	0	2	97	19.613	6.827	NA	0.363	NA	26.565	-167.471
396	16	29	18.892	18.676	0	2	69	19.722	6.926	NA	0.108	NA	180	153.435
397	16	30	18.676	18.622	0	2	55	19.945	7.103	NA	0.223	NA	-165.964	14.036
398	16	31	18.784	18.676	0	2	69	20.066	7.025	NA	0.121	NA	26.565	-167.471
399	16	32	18.838	18.676	0	2	55	20.12	6.975	NA	0.054	NA	0	-26.565
400	16	33	19	18.622	0	2	69	20.291	6.805	NA	0.171	NA	-18.435	-18.435
401	17	1	10.183	13.97	0	2	69	0	0	NA	NA	NA	NA	NA
402	17	2	10.237	13.97	0	2	27	0.054	0.054	NA	0.054	NA	0	NA
403	17	3	10.399	13.753	0	2	13	0.325	0.306	NA	0.27	NA	-53.13	-53.13
404	17	4	10.616	13.753	0	2	41	0.541	0.484	NA	0.216	NA	0	53.13
405	17	5	10.129	13.753	0	2	55	1.028	0.223	NA	0.487	NA	180	180
406	17	6	10.021	13.753	0	2	13	1.136	0.27	NA	0.108	NA	180	0
407	17	7	10.237	13.645	0	2	41	1.378	0.329	NA	0.242	NA	-26.565	153.435
408	17	8	10.616	13.645	0	2	55	1.757	0.541	NA	0.379	NA	0	26.565
409	17	9	10.237	13.483	0	2	0	2.168	0.49	NA	0.412	NA	-156.801	-156.801
410	17	10	10.724	13.645	0	2	27	2.682	0.631	NA	0.513	NA	18.435	175.236
411	17	11	10.778	13.645	0	2	13	2.736	0.678	NA	0.054	NA	0	-18.435
412	17	12	10.562	13.374	0	2	27	3.082	0.705	NA	0.346	NA	-128.66	-128.66
413	17	13	10.67	13.537	0	2	27	3.277	0.651	NA	0.195	NA	56.31	-175.03
414	17	14	10.832	13.699	0	2	55	3.507	0.703	NA	0.229	NA	45	-11.31
415	17	15	11.103	13.807	0	2	13	3.798	0.934	NA	0.291	NA	21.801	-23.199
416	17	16	10.94	13.807	0	2	27	3.96	0.774	NA	0.162	NA	180	158.199
417	17	17	11.048	13.429	0	2	55	4.354	1.021	NA	0.394	NA	-74.055	105.945
418	17	18	11.157	13.429	0	2	27	4.462	1.114	NA	0.108	NA	0	74.055
419	17	19	10.778	13.483	0	2	27	4.845	0.769	NA	0.382	NA	171.87	171.87
420	17	20	10.562	13.537	0	2	69	5.068	0.575	NA	0.223	NA	165.964	-5.906
421	17	21	10.616	13.483	0	2	55	5.144	0.651	NA	0.076	NA	-45	149.036
422	17	22	10.616	13.483	0	2	41	5.144	0.651	NA	0	NA	0	45
423	17	23	10.399	13.483	0	2	13	5.361	0.533	NA	0.216	NA	180	180
424	17	24	10.453	13.645	0	2	27	5.532	0.422	NA	0.171	NA	71.565	-108.435
425	17	25	10.345	13.537	0	2	27	5.685	0.462	NA	0.153	NA	-135	153.435
426	17	26	10.075	13.483	0	2	55	5.96	0.499	NA	0.276	NA	-168.69	-33.69
427	17	27	10.562	13.483	0	2	69	6.447	0.617	NA	0.487	NA	0	168.69
428	18	1	10.94	12.725	0	2	27	0	0	NA	NA	NA	NA	NA
429	18	2	11.103	12.834	0	2	27	0.195	0.195	NA	0.195	NA	33.69	NA
430	18	3	10.886	12.942	0	2	83	0.437	0.223	NA	0.242	NA	153.435	119.745
431	18	4	10.778	12.888	0	2	13	0.558	0.229	NA	0.121	NA	-153.435	53.13
432	18	5	10.778	12.888	0	2	55	0.558	0.229	NA	0	NA	0	153.435
433	18	6	10.345	12.888	0	2	27	0.991	0.617	NA	0.433	NA	180	180
434	18	7	10.832	12.888	0	2	97	1.477	0.195	NA	0.487	NA	0	-180
435	18	8	10.832	12.888	0	2	41	1.477	0.195	NA	0	NA	0	0
436	18	9	10.832	12.942	0	2	167	1.532	0.242	NA	0.054	NA	90	90
437	18	10	10.508	12.888	0	2	27	1.861	0.462	NA	0.329	NA	-170.538	99.462
438	18	11	10.832	13.158	0	2	55	2.283	0.446	NA	0.422	NA	39.806	-149.657
439	18	12	10.778	13.266	0	2	125	2.404	0.565	NA	0.121	NA	116.565	76.759
440	18	13	11.103	13.266	0	2	41	2.729	0.565	NA	0.325	NA	0	-116.565
441	18	14	10.616	13.212	0	2	83	3.218	0.585	NA	0.49	NA	-173.66	-173.66
442	18	15	10.67	13.158	0	2	83	3.295	0.51	NA	0.076	NA	-45	128.66
443	18	16	10.724	13.158	0	2	55	3.349	0.484	NA	0.054	NA	0	45
444	18	17	10.724	13.104	0	2	83	3.403	0.436	NA	0.054	NA	-90	-90
445	18	18	10.508	13.104	0	2	83	3.619	0.575	NA	0.216	NA	180	-90
446	18	19	10.616	13.104	0	2	83	3.728	0.499	NA	0.108	NA	0	-180
447	18	20	10.67	13.104	0	2	83	3.782	0.465	NA	0.054	NA	0	0
448	18	21	10.94	13.104	0	2	55	4.052	0.379	NA	0.27	NA	0	0
449	18	22	10.724	12.942	0	2	41	4.323	0.306	NA	0.27	NA	-143.13	-143.13
450	18	23	10.291	12.888	0	2	55	4.759	0.669	NA	0.436	NA	-172.875	-29.745
451	18	24	9.913	13.104	0	2	41	5.195	1.095	NA	0.436	NA	150.255	-36.87
452	19	1	10.832	12.563	0	2	27	0	0	NA	NA	NA	NA	NA
453	19	2	9.75	12.401	0	2	41	1.094	1.094	NA	1.094	NA	-171.469	NA
454	19	3	8.885	12.293	0	2	27	1.966	1.966	NA	0.872	NA	-172.875	-1.406
455	19	4	8.993	12.725	0	2	13	2.412	1.846	NA	0.446	NA	75.964	-111.161
456	19	5	8.777	12.725	0	2	0	2.629	2.062	NA	0.216	NA	180	104.036
457	19	6	9.047	12.888	0	2	0	2.944	1.814	NA	0.315	NA	30.964	-149.036
458	19	7	8.885	12.563	0	2	13	3.307	1.947	NA	0.363	NA	-116.565	-147.529
459	19	8	8.939	12.509	0	2	41	3.383	1.894	NA	0.076	NA	-45	71.565
460	19	9	8.939	12.347	0	2	41	3.546	1.906	NA	0.162	NA	-90	-45
461	19	10	8.885	12.509	0	2	13	3.717	1.948	NA	0.171	NA	108.435	-161.565
462	19	11	8.722	12.401	0	2	111	3.912	2.116	NA	0.195	NA	-146.31	105.255
463	19	12	8.722	12.455	0	2	55	3.966	2.112	NA	0.054	NA	90	-123.69
464	19	13	9.209	12.509	0	2	0	4.456	1.624	NA	0.49	NA	6.34	-83.66
465	19	14	9.858	12.563	0	2	27	5.107	0.974	NA	0.651	NA	4.764	-1.577
466	19	15	10.075	12.725	0	2	55	5.378	0.774	NA	0.27	NA	36.87	32.106
467	20	1	13.483	16.891	0	2	69	0	0	NA	NA	NA	NA	NA
468	20	2	13.699	16.999	0	2	41	0.242	0.242	NA	0.242	NA	26.565	NA
469	20	3	14.078	17.161	0	2	27	0.654	0.654	NA	0.412	NA	23.199	-3.366
470	20	4	14.132	17.54	0	2	41	1.036	0.918	NA	0.382	NA	81.87	58.671
471	20	5	14.348	17.81	0	2	69	1.383	1.263	NA	0.346	NA	51.34	-30.53
472	20	6	14.348	17.81	0	2	139	1.383	1.263	NA	0	NA	0	-51.34
473	20	7	14.565	17.81	0	2	55	1.599	1.42	NA	0.216	NA	0	0
474	20	8	14.565	17.81	0	2	83	1.599	1.42	NA	0	NA	0	0
475	20	9	14.51	17.81	0	2	41	1.653	1.379	NA	0.054	NA	180	180
476	20	10	14.402	17.864	0	2	69	1.774	1.339	NA	0.121	NA	153.435	-26.565
477	20	11	14.078	17.756	0	2	69	2.116	1.05	NA	0.342	NA	-161.565	45
478	20	12	14.24	17.756	0	2	41	2.279	1.15	NA	0.162	NA	0	161.565
479	20	13	13.429	17.486	0	2	27	3.134	0.597	NA	0.855	NA	-161.565	-161.565
480	20	14	13.158	17.323	0	2	97	3.449	0.541	NA	0.315	NA	-149.036	12.529
481	20	15	13.483	17.323	0	2	97	3.774	0.433	NA	0.325	NA	0	149.036
482	20	16	13.374	17.377	0	2	83	3.895	0.499	NA	0.121	NA	153.435	153.435
483	20	17	13.699	17.377	0	2	41	4.219	0.533	NA	0.325	NA	0	-153.435
484	20	18	14.078	17.648	0	2	69	4.685	0.963	NA	0.465	NA	35.538	35.538
485	20	19	14.943	18.243	0	2	111	5.735	1.99	NA	1.05	NA	34.509	-1.029
486	20	20	16.025	17.972	0	2	55	6.85	2.763	NA	1.115	NA	-14.036	-48.545
487	21	1	14.186	17.431	0	2	41	0	0	NA	NA	NA	NA	NA
488	21	2	14.132	17.486	0	2	55	0.076	0.076	NA	0.076	NA	135	NA
489	21	3	14.51	17.486	0	2	55	0.455	0.329	NA	0.379	NA	0	-135
490	21	4	14.348	17.486	0	2	41	0.617	0.171	NA	0.162	NA	180	180
491	21	5	14.673	17.486	0	2	69	0.942	0.49	NA	0.325	NA	0	-180
492	21	6	14.997	17.377	0	2	97	1.284	0.813	NA	0.342	NA	-18.435	-18.435
493	21	7	14.673	17.431	0	2	125	1.613	0.487	NA	0.329	NA	170.538	-171.027
494	21	8	14.997	17.54	0	2	0	1.955	0.819	NA	0.342	NA	18.435	-152.103
495	21	9	14.619	17.864	0	2	27	2.454	0.612	NA	0.499	NA	139.399	120.964
496	21	10	14.51	17.972	0	2	83	2.607	0.631	NA	0.153	NA	135	-4.399
497	21	11	14.781	18.081	0	2	111	2.898	0.881	NA	0.291	NA	21.801	-113.199
498	21	12	15.538	18.567	0	2	83	3.799	1.766	NA	0.9	NA	32.735	10.934
499	21	13	15.7	18.622	0	2	41	3.97	1.926	NA	0.171	NA	18.435	-14.3
500	21	14	15.755	18.784	0	2	69	4.141	2.071	NA	0.171	NA	71.565	53.13
501	21	15	15.863	18.892	0	2	83	4.294	2.224	NA	0.153	NA	45	-26.565
502	21	16	16.025	18.946	0	2	0	4.465	2.383	NA	0.171	NA	18.435	-26.565
503	21	17	14.943	18.189	0	2	125	5.785	1.071	NA	1.321	NA	-145.008	-163.443
504	21	18	13.861	17.756	0	2	97	6.95	0.459	NA	1.165	NA	-158.199	-13.191
505	21	19	14.024	17.648	0	2	83	7.146	0.27	NA	0.195	NA	-33.69	124.509
506	21	20	13.915	17.648	0	2	125	7.254	0.346	NA	0.108	NA	180	-146.31
507	21	21	13.807	17.702	0	2	97	7.375	0.465	NA	0.121	NA	153.435	-26.565
508	21	22	13.212	17.269	0	2	69	8.11	0.987	NA	0.736	NA	-143.973	62.592
509	21	23	13.158	17.377	0	2	97	8.231	1.029	NA	0.121	NA	116.565	-99.462
510	21	24	13.05	17.269	0	2	13	8.384	1.147	NA	0.153	NA	-135	108.435
511	22	1	26.573	13.591	0	2	13	0	0	NA	NA	NA	NA	NA
512	22	2	27.006	13.645	0	2	0	0.436	0.436	NA	0.436	NA	7.125	NA
513	22	3	27.114	13.97	0	2	27	0.778	0.66	NA	0.342	NA	71.565	64.44
514	22	4	27.439	14.024	0	2	55	1.107	0.968	NA	0.329	NA	9.462	-62.103
515	22	5	27.98	14.294	0	2	41	1.712	1.572	NA	0.605	NA	26.565	17.103
516	22	6	28.358	14.294	0	2	0	2.091	1.919	NA	0.379	NA	0	-26.565
517	22	7	28.034	13.915	0	2	83	2.589	1.496	NA	0.499	NA	-130.601	-130.601
518	22	8	27.871	13.97	0	2	27	2.76	1.352	NA	0.171	NA	161.565	-67.834
519	22	9	27.33	13.915	0	2	27	3.304	0.824	NA	0.544	NA	-174.289	24.146
520	22	10	27.222	14.186	0	2	13	3.595	0.881	NA	0.291	NA	111.801	-73.909
521	22	11	27.33	14.132	0	2	27	3.716	0.931	NA	0.121	NA	-26.565	-138.366
522	22	12	27.06	13.861	0	2	0	4.099	0.557	NA	0.382	NA	-135	-108.435
523	22	13	28.034	14.132	0	2	27	5.109	1.557	NA	1.011	NA	15.524	150.524
524	22	14	29.17	14.619	0	2	69	6.345	2.792	NA	1.236	NA	23.199	7.674
525	22	15	29.17	14.619	0	2	13	6.345	2.792	NA	0	NA	0	-23.199
526	22	16	29.981	14.727	0	2	0	7.164	3.592	NA	0.819	NA	7.595	7.595
527	22	17	30.522	14.727	0	2	83	7.705	4.109	NA	0.541	NA	0	-7.595
528	22	18	30.738	14.673	0	2	69	7.928	4.303	NA	0.223	NA	-14.036	-14.036
529	22	19	31.333	14.673	0	2	55	8.523	4.882	NA	0.595	NA	0	14.036
530	22	20	31.387	14.727	0	2	83	8.599	4.946	NA	0.076	NA	45	45
531	22	21	31.874	14.673	0	2	97	9.089	5.41	NA	0.49	NA	-6.34	-51.34
532	22	22	31.874	14.673	0	2	27	9.089	5.41	NA	0	NA	0	6.34
533	22	23	31.928	14.673	0	2	55	9.143	5.463	NA	0.054	NA	0	0
534	22	24	31.982	14.727	0	2	83	9.22	5.527	NA	0.076	NA	45	45
535	22	25	31.171	14.51	0	2	69	10.059	4.689	NA	0.84	NA	-165.069	149.931
536	22	26	30.901	14.565	0	2	0	10.335	4.436	NA	0.276	NA	168.69	-26.241
537	22	27	31.442	14.835	0	2	55	10.94	5.025	NA	0.605	NA	26.565	-142.125
538	22	28	30.955	14.565	0	2	139	11.497	4.488	NA	0.557	NA	-150.945	-177.51
539	22	29	30.738	14.565	0	2	13	11.713	4.277	NA	0.216	NA	180	-29.055
540	22	30	29.386	14.456	0	2	13	13.07	2.943	NA	1.357	NA	-175.426	4.574
541	22	31	27.709	14.294	0	2	41	14.755	1.336	NA	1.685	NA	-174.472	0.954
542	22	32	27.06	13.97	0	2	0	15.48	0.617	NA	0.726	NA	-153.435	21.038
543	23	1	25.167	14.132	0	2	13	0	0	NA	NA	NA	NA	NA
544	23	2	25.654	14.348	0	2	13	0.533	0.533	NA	0.533	NA	23.962	NA
545	23	3	25.654	14.402	0	2	27	0.587	0.557	NA	0.054	NA	90	66.038
546	23	4	26.411	14.889	0	2	69	1.487	1.456	NA	0.9	NA	32.735	-57.265
547	23	5	26.681	15.16	0	2	83	1.87	1.83	NA	0.382	NA	45	12.265
548	23	6	26.411	14.997	0	2	55	2.185	1.516	NA	0.315	NA	-149.036	165.964
549	23	7	26.681	15.051	0	2	13	2.461	1.772	NA	0.276	NA	11.31	160.346
550	23	8	26.627	15.051	0	2	69	2.515	1.726	NA	0.054	NA	180	168.69
551	23	9	26.681	15.105	0	2	13	2.591	1.801	NA	0.076	NA	45	-135
552	23	10	26.627	15.214	0	2	13	2.712	1.818	NA	0.121	NA	116.565	71.565
553	23	11	26.357	15.214	0	2	13	2.983	1.608	NA	0.27	NA	180	63.435
554	23	12	26.573	15.105	0	2	13	3.225	1.711	NA	0.242	NA	-26.565	153.435
555	23	13	26.627	15.105	0	2	27	3.279	1.755	NA	0.054	NA	0	26.565
556	23	14	26.573	15.105	0	2	0	3.333	1.711	NA	0.054	NA	180	180
557	23	15	26.411	15.16	0	2	41	3.504	1.614	NA	0.171	NA	161.565	-18.435
558	23	16	26.627	15.051	0	2	13	3.746	1.726	NA	0.242	NA	-26.565	171.87
559	23	17	26.573	14.997	0	2	13	3.822	1.651	NA	0.076	NA	-135	-108.435
560	23	18	26.357	14.889	0	2	13	4.064	1.411	NA	0.242	NA	-153.435	-18.435
561	23	19	26.303	14.835	0	2	13	4.141	1.336	NA	0.076	NA	-135	18.435
562	23	20	26.14	14.456	0	2	41	4.553	1.026	NA	0.412	NA	-113.199	21.801
563	23	21	25.87	14.673	0	2	27	4.899	0.887	NA	0.346	NA	141.34	-105.461
564	23	22	26.195	14.673	0	2	13	5.224	1.161	NA	0.325	NA	0	-141.34
565	23	23	26.032	14.781	0	2	41	5.419	1.082	NA	0.195	NA	146.31	146.31
566	23	24	25.978	14.727	0	2	0	5.495	1.006	NA	0.076	NA	-135	78.69
567	23	25	25.978	14.727	0	2	27	5.495	1.006	NA	0	NA	0	135
568	23	26	26.032	14.565	0	2	69	5.666	0.968	NA	0.171	NA	-71.565	-71.565
569	23	27	26.086	14.565	0	2	27	5.72	1.016	NA	0.054	NA	0	71.565
570	23	28	25.816	14.565	0	2	13	5.991	0.78	NA	0.27	NA	180	180
571	23	29	25.816	14.673	0	2	41	6.099	0.845	NA	0.108	NA	90	-90
572	24	1	27.439	15.051	0	2	13	0	0	NA	NA	NA	NA	NA
573	24	2	28.683	15.592	0	2	27	1.357	1.357	NA	1.357	NA	23.499	NA
574	24	3	28.953	15.917	0	2	13	1.779	1.744	NA	0.422	NA	50.194	26.696
575	24	4	28.953	15.917	0	2	13	1.779	1.744	NA	0	NA	0	-50.194
576	24	5	29.007	15.863	0	2	0	1.856	1.766	NA	0.076	NA	-45	-45
577	24	6	28.737	15.7	0	2	55	2.171	1.451	NA	0.315	NA	-149.036	-104.036
578	24	7	28.737	15.7	0	2	83	2.171	1.451	NA	0	NA	0	149.036
579	24	8	28.683	15.7	0	2	27	2.225	1.403	NA	0.054	NA	180	180
580	24	9	28.683	15.7	0	2	27	2.225	1.403	NA	0	NA	0	-180
581	24	10	28.683	15.7	0	2	13	2.225	1.403	NA	0	NA	0	0
582	24	11	28.683	15.7	0	2	0	2.225	1.403	NA	0	NA	0	0
583	24	12	29.278	15.7	0	2	41	2.82	1.95	NA	0.595	NA	0	0
584	24	13	29.981	15.917	0	2	13	3.556	2.686	NA	0.736	NA	17.103	17.103
585	24	14	30.035	16.025	0	2	55	3.677	2.773	NA	0.121	NA	63.435	46.332
586	24	15	30.197	16.079	0	2	0	3.848	2.944	NA	0.171	NA	18.435	-45
587	24	16	30.197	16.296	0	2	13	4.064	3.026	NA	0.216	NA	90	71.565
588	24	17	30.251	16.404	0	2	83	4.185	3.121	NA	0.121	NA	63.435	-26.565
589	24	18	30.251	16.404	0	2	83	4.185	3.121	NA	0	NA	0	-63.435
590	24	19	30.251	16.404	0	2	41	4.185	3.121	NA	0	NA	0	0
591	24	20	30.468	16.458	0	2	69	4.408	3.34	NA	0.223	NA	14.036	14.036
592	24	21	30.36	16.458	0	2	27	4.516	3.242	NA	0.108	NA	180	165.964
593	24	22	30.197	16.296	0	2	41	4.746	3.026	NA	0.229	NA	-135	45
594	24	23	30.251	16.35	0	2	41	4.822	3.098	NA	0.076	NA	45	-180
595	24	24	30.251	16.404	0	2	69	4.877	3.121	NA	0.054	NA	90	45
596	24	25	30.251	16.458	0	2	55	4.931	3.145	NA	0.054	NA	90	0
597	24	26	30.414	16.512	0	2	27	5.102	3.314	NA	0.171	NA	18.435	-71.565
598	24	27	30.684	16.512	0	2	0	5.372	3.559	NA	0.27	NA	0	-18.435
599	24	28	30.576	16.458	0	2	41	5.493	3.438	NA	0.121	NA	-153.435	-153.435
600	24	29	30.576	16.458	0	2	27	5.493	3.438	NA	0	NA	0	153.435
601	24	30	30.576	16.458	0	2	27	5.493	3.438	NA	0	NA	0	0
602	24	31	30.576	16.458	0	2	27	5.493	3.438	NA	0	NA	0	0
603	24	32	30.576	16.458	0	2	41	5.493	3.438	NA	0	NA	0	0
604	24	33	30.63	16.458	0	2	0	5.547	3.488	NA	0.054	NA	0	0
605	24	34	30.468	16.458	0	2	27	5.709	3.34	NA	0.162	NA	180	180
606	24	35	30.468	16.458	0	2	41	5.709	3.34	NA	0	NA	0	-180
607	24	36	30.414	16.458	0	2	27	5.764	3.291	NA	0.054	NA	180	180
608	24	37	30.36	16.458	0	2	27	5.818	3.242	NA	0.054	NA	180	0
609	24	38	30.197	16.458	0	2	27	5.98	3.097	NA	0.162	NA	180	0
610	24	39	30.197	16.458	0	2	27	5.98	3.097	NA	0	NA	0	-180
611	24	40	30.197	16.62	0	2	27	6.142	3.174	NA	0.162	NA	90	90
612	24	41	29.711	16.728	0	2	13	6.641	2.824	NA	0.499	NA	167.471	77.471
613	24	42	29.656	16.782	0	2	27	6.717	2.813	NA	0.076	NA	135	-32.471
614	24	43	29.711	16.782	0	2	0	6.772	2.856	NA	0.054	NA	0	-135
615	24	44	29.602	16.782	0	2	0	6.88	2.771	NA	0.108	NA	180	180
616	24	45	29.116	16.62	0	2	41	7.393	2.296	NA	0.513	NA	-161.565	18.435
617	25	1	25.87	14.673	0	2	0	0	0	NA	NA	NA	NA	NA
618	25	2	25.654	14.781	0	2	13	0.242	0.242	NA	0.242	NA	153.435	NA
619	25	3	25.762	14.619	0	2	13	0.437	0.121	NA	0.195	NA	-56.31	150.255
620	25	4	26.357	14.781	0	2	27	1.054	0.499	NA	0.617	NA	15.255	71.565
621	25	5	26.14	14.781	0	2	0	1.27	0.291	NA	0.216	NA	180	164.745
622	25	6	26.411	14.673	0	2	0	1.561	0.541	NA	0.291	NA	-21.801	158.199
623	25	7	26.14	14.727	0	2	0	1.837	0.276	NA	0.276	NA	168.69	-169.509
624	25	8	25.87	14.889	0	2	83	2.153	0.216	NA	0.315	NA	149.036	-19.654
625	25	9	26.032	14.997	0	2	27	2.348	0.363	NA	0.195	NA	33.69	-115.346
626	25	10	26.411	15.051	0	2	0	2.73	0.66	NA	0.382	NA	8.13	-25.56
627	25	11	26.465	14.943	0	2	0	2.851	0.654	NA	0.121	NA	-63.435	-71.565
628	25	12	26.357	14.835	0	2	27	3.004	0.513	NA	0.153	NA	-135	-71.565
629	25	13	26.195	14.835	0	2	13	3.166	0.363	NA	0.162	NA	180	-45
630	25	14	26.086	14.889	0	2	41	3.287	0.306	NA	0.121	NA	153.435	-26.565
631	25	15	26.303	14.835	0	2	27	3.51	0.462	NA	0.223	NA	-14.036	-167.471
632	25	16	25.87	14.565	0	2	55	4.021	0.108	NA	0.51	NA	-147.995	-133.958
633	25	17	25.87	14.565	0	2	13	4.021	0.108	NA	0	NA	0	147.995
634	25	18	25.654	14.565	0	2	27	4.237	0.242	NA	0.216	NA	180	180
635	25	19	25.708	14.619	0	2	13	4.314	0.171	NA	0.076	NA	45	-135
636	25	20	25.816	14.673	0	2	27	4.434	0.054	NA	0.121	NA	26.565	-18.435
637	25	21	25.87	14.781	0	2	0	4.555	0.108	NA	0.121	NA	63.435	36.87
638	26	1	12.076	24.247	0	2	41	0	0	NA	NA	NA	NA	NA
639	26	2	11.968	24.626	0	2	27	0.394	0.394	NA	0.394	NA	105.945	NA
640	26	3	12.13	24.518	0	2	83	0.589	0.276	NA	0.195	NA	-33.69	-139.635
641	26	4	12.184	24.572	0	2	111	0.665	0.342	NA	0.076	NA	45	78.69
642	26	5	12.239	24.355	0	2	27	0.888	0.195	NA	0.223	NA	-75.964	-120.964
643	26	6	12.239	24.355	0	2	27	0.888	0.195	NA	0	NA	0	75.964
644	26	7	12.239	24.842	0	2	69	1.375	0.617	NA	0.487	NA	90	90
645	26	8	11.914	24.842	0	2	55	1.7	0.617	NA	0.325	NA	180	90
646	26	9	12.239	24.842	0	2	83	2.024	0.617	NA	0.325	NA	0	-180
647	26	10	12.239	24.788	0	2	97	2.078	0.565	NA	0.054	NA	-90	-90
648	26	11	12.184	24.788	0	2	27	2.133	0.552	NA	0.054	NA	180	-90
649	26	12	12.184	24.464	0	2	83	2.457	0.242	NA	0.325	NA	-90	90
650	26	13	12.13	24.626	0	2	13	2.628	0.382	NA	0.171	NA	108.435	-161.565
651	26	14	12.022	24.68	0	2	27	2.749	0.436	NA	0.121	NA	153.435	45
652	26	15	12.13	24.464	0	2	55	2.991	0.223	NA	0.242	NA	-63.435	143.13
653	26	16	11.806	24.68	0	2	41	3.381	0.51	NA	0.39	NA	146.31	-150.255
654	26	17	11.914	24.734	0	2	13	3.502	0.513	NA	0.121	NA	26.565	-119.745
655	26	18	12.022	24.734	0	2	13	3.61	0.49	NA	0.108	NA	0	-26.565
656	26	19	12.239	24.788	0	2	97	3.833	0.565	NA	0.223	NA	14.036	14.036
657	26	20	12.239	24.788	0	2	41	3.833	0.565	NA	0	NA	0	-14.036
658	26	21	12.239	24.788	0	2	41	3.833	0.565	NA	0	NA	0	0
659	26	22	12.239	24.788	0	2	69	3.833	0.565	NA	0	NA	0	0
660	26	23	12.13	24.788	0	2	97	3.941	0.544	NA	0.108	NA	180	180
661	26	24	12.239	24.734	0	2	41	4.062	0.513	NA	0.121	NA	-26.565	153.435
662	26	25	12.617	24.626	0	2	27	4.456	0.66	NA	0.394	NA	-15.945	10.62
663	26	26	12.455	24.626	0	2	83	4.618	0.535	NA	0.162	NA	180	-164.055
664	26	27	12.563	24.464	0	2	69	4.813	0.533	NA	0.195	NA	-56.31	123.69
665	26	28	12.671	24.626	0	2	83	5.009	0.705	NA	0.195	NA	56.31	112.62
666	26	29	12.779	24.68	0	2	83	5.129	0.826	NA	0.121	NA	26.565	-29.745
667	26	30	12.563	24.842	0	2	27	5.4	0.769	NA	0.27	NA	143.13	116.565
668	26	31	12.563	24.896	0	2	55	5.454	0.811	NA	0.054	NA	90	-53.13
669	26	32	12.401	24.572	0	2	125	5.817	0.459	NA	0.363	NA	-116.565	153.435
670	26	33	12.455	24.734	0	2	69	5.988	0.617	NA	0.171	NA	71.565	-171.87
671	26	34	11.806	24.626	0	2	139	6.646	0.465	NA	0.658	NA	-170.538	117.897
672	26	35	10.94	24.193	0	2	0	7.614	1.137	NA	0.968	NA	-153.435	17.103
673	26	36	10.345	23.598	0	2	83	8.455	1.849	NA	0.841	NA	-135	18.435
674	26	37	9.372	22.895	0	2	69	9.656	3.024	NA	1.201	NA	-144.162	-9.162
675	26	38	8.722	22.841	0	2	167	10.308	3.637	NA	0.651	NA	-175.236	-31.074
676	26	39	7.965	22.354	0	2	83	11.208	4.526	NA	0.9	NA	-147.265	27.972
677	26	40	7.262	21.975	0	2	69	12.007	5.323	NA	0.799	NA	-151.699	-4.434
678	26	41	7.316	22.029	0	2	13	12.083	5.251	NA	0.076	NA	45	-163.301
679	26	42	6.992	21.759	0	2	0	12.506	5.661	NA	0.422	NA	-140.194	174.806
680	26	43	7.208	22.138	0	2	55	12.942	5.306	NA	0.436	NA	60.255	-159.55
681	26	44	7.641	22.246	0	2	55	13.388	4.866	NA	0.446	NA	14.036	-46.219
682	26	45	8.777	22.624	0	2	167	14.585	3.677	NA	1.197	NA	18.435	4.399
683	26	46	9.696	23.869	0	2	69	16.132	2.41	NA	1.547	NA	53.531	35.096
684	26	47	10.724	24.518	0	2	195	17.348	1.379	NA	1.216	NA	32.276	-21.255
685	26	48	11.481	24.95	0	2	153	18.22	0.921	NA	0.872	NA	29.745	-2.531
686	26	49	12.13	25.004	0	2	125	18.871	0.759	NA	0.651	NA	4.764	-24.981
687	26	50	12.455	25.329	0	2	97	19.33	1.146	NA	0.459	NA	45	40.236
688	26	51	13.429	25.329	0	2	181	20.304	1.732	NA	0.974	NA	0	-45
689	26	52	13.429	25.383	0	2	83	20.358	1.766	NA	0.054	NA	90	90
690	26	53	13.374	25.383	0	2	41	20.412	1.725	NA	0.054	NA	180	90
691	26	54	13.483	25.383	0	2	55	20.52	1.808	NA	0.108	NA	0	-180
692	26	55	13.591	25.275	0	2	125	20.673	1.83	NA	0.153	NA	-45	-45
693	26	56	13.591	25.383	0	2	97	20.782	1.893	NA	0.108	NA	90	135
694	26	57	13.591	25.437	0	2	55	20.836	1.926	NA	0.054	NA	90	0
695	26	58	13.483	25.437	0	2	153	20.944	1.842	NA	0.108	NA	180	90
696	26	59	12.401	24.409	0	2	13	22.436	0.363	NA	1.492	NA	-136.469	43.531
697	26	60	11.373	24.031	0	2	125	23.531	0.736	NA	1.095	NA	-159.775	-23.306
698	27	1	7.695	21.705	0	2	209	0	0	NA	NA	NA	NA	NA
699	27	2	7.695	22.083	0	2	83	0.379	0.379	NA	0.379	NA	90	NA
700	27	3	7.046	21.867	0	2	0	1.063	0.669	NA	0.684	NA	-161.565	108.435
701	27	4	6.883	21.705	0	2	83	1.292	0.811	NA	0.229	NA	-135	26.565
702	27	5	6.992	21.651	0	2	139	1.413	0.705	NA	0.121	NA	-26.565	108.435
703	27	6	7.046	21.651	0	2	237	1.467	0.651	NA	0.054	NA	0	26.565
704	27	7	7.046	21.651	0	2	139	1.467	0.651	NA	0	NA	0	0
705	27	8	7.046	21.705	0	2	83	1.522	0.649	NA	0.054	NA	90	90
706	27	9	7.046	21.759	0	2	255	1.576	0.651	NA	0.054	NA	90	0
707	27	10	7.046	21.759	0	2	255	1.576	0.651	NA	0	NA	0	-90
708	27	11	7.803	21.921	0	2	255	2.35	0.242	NA	0.774	NA	12.095	12.095
709	27	12	7.695	22.3	0	2	209	2.744	0.595	NA	0.394	NA	105.945	93.851
710	27	13	8.019	22.57	0	2	255	3.166	0.924	NA	0.422	NA	39.806	-66.14
711	27	14	8.019	22.57	0	2	209	3.166	0.924	NA	0	NA	0	-39.806
712	27	15	7.911	22.516	0	2	139	3.287	0.84	NA	0.121	NA	-153.435	-153.435
713	27	16	7.857	22.408	0	2	255	3.408	0.722	NA	0.121	NA	-116.565	36.87
714	27	17	7.803	22.3	0	2	255	3.529	0.605	NA	0.121	NA	-116.565	0
715	27	18	8.344	23.111	0	2	139	4.504	1.549	NA	0.975	NA	56.31	172.875
716	27	19	8.344	22.733	0	2	251	4.883	1.216	NA	0.379	NA	-90	-146.31
717	27	20	8.182	22.733	0	2	255	5.045	1.137	NA	0.162	NA	180	-90
718	27	21	8.182	22.733	0	2	255	5.045	1.137	NA	0	NA	0	-180
719	27	22	8.452	23.165	0	2	223	5.556	1.645	NA	0.51	NA	57.995	57.995
720	27	23	9.263	23.706	0	2	255	6.531	2.543	NA	0.975	NA	33.69	-24.305
721	27	24	9.209	23.544	0	2	255	6.702	2.383	NA	0.171	NA	-108.435	-142.125
722	27	25	9.155	23.544	0	2	255	6.756	2.349	NA	0.054	NA	180	-71.565
723	27	26	9.155	23.544	0	2	251	6.756	2.349	NA	0	NA	0	-180
724	27	27	9.101	23.544	0	2	251	6.81	2.315	NA	0.054	NA	180	180
725	27	28	8.993	23.544	0	2	255	6.918	2.251	NA	0.108	NA	180	0
726	27	29	8.939	23.436	0	2	153	7.039	2.132	NA	0.121	NA	-116.565	63.435
727	27	30	8.939	23.328	0	2	209	7.147	2.045	NA	0.108	NA	-90	26.565
728	27	31	8.939	23.328	0	2	237	7.147	2.045	NA	0	NA	0	90
729	27	32	8.939	23.273	0	2	111	7.202	2.002	NA	0.054	NA	-90	-90
730	27	33	9.155	23.219	0	2	255	7.425	2.104	NA	0.223	NA	-14.036	75.964
731	27	34	9.155	23.273	0	2	167	7.479	2.143	NA	0.054	NA	90	104.036
732	27	35	9.48	23.273	0	2	237	7.803	2.376	NA	0.325	NA	0	-90
733	27	36	9.534	23.652	0	2	255	8.186	2.679	NA	0.382	NA	81.87	81.87
734	27	37	9.534	23.598	0	2	255	8.24	2.639	NA	0.054	NA	-90	-171.87
735	27	38	9.967	23.869	0	2	167	8.75	3.137	NA	0.51	NA	32.005	122.005
736	27	39	10.399	24.031	0	2	255	9.212	3.567	NA	0.462	NA	20.556	-11.449
737	27	40	10.345	24.031	0	2	255	9.266	3.526	NA	0.054	NA	180	159.444
738	27	41	10.291	23.977	0	2	255	9.343	3.45	NA	0.076	NA	-135	45
739	27	42	10.562	24.139	0	2	195	9.658	3.761	NA	0.315	NA	30.964	165.964
740	27	43	10.616	24.355	0	2	181	9.881	3.944	NA	0.223	NA	75.964	45
741	27	44	10.994	24.355	0	2	97	10.26	4.232	NA	0.379	NA	0	-75.964
742	27	45	10.616	24.355	0	2	255	10.639	3.944	NA	0.379	NA	180	180
743	27	46	10.616	24.355	0	2	223	10.639	3.944	NA	0	NA	0	-180
744	27	47	11.373	24.68	0	2	181	11.463	4.731	NA	0.824	NA	23.199	23.199
745	27	48	12.022	25.059	0	2	255	12.214	5.475	NA	0.751	NA	30.256	7.058
746	27	49	12.455	25.167	0	2	223	12.66	5.886	NA	0.446	NA	14.036	-16.22
747	27	50	12.888	25.221	0	2	255	13.096	6.271	NA	0.436	NA	7.125	-6.911
748	27	51	12.401	25.275	0	2	153	13.586	5.907	NA	0.49	NA	173.66	166.535
749	27	52	11.211	24.896	0	2	55	14.835	4.748	NA	1.249	NA	-162.35	23.99
750	27	53	11.589	24.788	0	2	251	15.229	4.967	NA	0.394	NA	-15.945	146.404
751	27	54	11.265	24.788	0	2	195	15.553	4.717	NA	0.325	NA	180	-164.055
752	27	55	10.67	24.409	0	2	251	16.258	4.021	NA	0.705	NA	-147.529	32.471
753	27	56	9.913	23.923	0	2	255	17.159	3.136	NA	0.9	NA	-147.265	0.264
754	27	57	9.155	23.003	0	2	125	18.35	1.954	NA	1.191	NA	-129.472	17.792
755	27	58	8.182	22.083	0	2	251	19.689	0.617	NA	1.339	NA	-136.637	-7.164
756	27	59	8.452	22.192	0	2	255	19.981	0.9	NA	0.291	NA	21.801	158.438
757	27	60	9.101	22.733	0	2	255	20.826	1.742	NA	0.845	NA	39.806	18.004
758	28	1	8.127	22.733	0	2	255	0	0	NA	NA	NA	NA	NA
759	28	2	9.913	23.869	0	2	83	2.116	2.116	NA	2.116	NA	32.471	NA
760	28	3	10.94	24.68	0	2	97	3.425	3.421	NA	1.309	NA	38.29	5.819
761	28	4	10.886	24.842	0	2	69	3.596	3.473	NA	0.171	NA	108.435	70.145
762	28	5	10.183	24.247	0	2	13	4.518	2.553	NA	0.921	NA	-139.764	111.801
763	28	6	9.101	23.706	0	2	237	5.727	1.377	NA	1.21	NA	-153.435	-13.671
764	28	7	8.939	23.652	0	2	55	5.898	1.226	NA	0.171	NA	-161.565	-8.13
765	28	8	9.101	23.652	0	2	167	6.06	1.339	NA	0.162	NA	0	161.565
766	28	9	9.101	23.544	0	2	181	6.169	1.267	NA	0.108	NA	-90	-90
767	28	10	9.101	23.544	0	2	111	6.169	1.267	NA	0	NA	0	90
768	28	11	9.101	23.382	0	2	153	6.331	1.17	NA	0.162	NA	-90	-90
769	28	12	9.047	23.328	0	2	139	6.407	1.095	NA	0.076	NA	-135	-45
770	28	13	9.588	23.598	0	2	27	7.012	1.698	NA	0.605	NA	26.565	161.565
771	28	14	9.263	23.76	0	2	251	7.375	1.532	NA	0.363	NA	153.435	126.87
772	28	15	9.696	23.76	0	2	0	7.808	1.875	NA	0.433	NA	0	-153.435
773	28	16	9.48	23.76	0	2	97	8.024	1.699	NA	0.216	NA	180	180
774	28	17	9.642	23.76	0	2	83	8.186	1.83	NA	0.162	NA	0	-180
775	28	18	9.588	23.598	0	2	195	8.357	1.698	NA	0.171	NA	-108.435	-108.435
776	28	19	9.804	23.923	0	2	97	8.748	2.056	NA	0.39	NA	56.31	164.745
777	28	20	10.183	23.814	0	2	69	9.141	2.323	NA	0.394	NA	-15.945	-72.255
778	28	21	10.129	23.923	0	2	125	9.262	2.329	NA	0.121	NA	116.565	132.51
779	28	22	10.237	23.923	0	2	97	9.371	2.422	NA	0.108	NA	0	-116.565
780	28	23	10.345	23.923	0	2	55	9.479	2.517	NA	0.108	NA	0	0
781	28	24	10.183	23.977	0	2	69	9.65	2.403	NA	0.171	NA	161.565	161.565
782	28	25	10.291	24.085	0	2	97	9.803	2.552	NA	0.153	NA	45	-116.565
783	28	26	10.399	24.031	0	2	111	9.924	2.617	NA	0.121	NA	-26.565	-71.565
784	28	27	10.129	23.977	0	2	125	10.2	2.357	NA	0.276	NA	-168.69	-142.125
785	28	28	9.967	24.031	0	2	255	10.371	2.251	NA	0.171	NA	161.565	-29.745
786	29	1	7.37	23.165	0	2	27	0	0	NA	NA	NA	NA	NA
787	29	2	7.641	24.247	0	2	0	1.115	1.115	NA	1.115	NA	75.964	NA
788	29	3	8.182	24.301	0	2	55	1.659	1.396	NA	0.544	NA	5.711	-70.253
789	29	4	8.398	24.409	0	2	83	1.901	1.614	NA	0.242	NA	26.565	20.854
790	29	5	10.453	25.383	0	2	13	4.175	3.798	NA	2.274	NA	25.346	-1.219
791	29	6	10.021	25.437	0	2	27	4.611	3.491	NA	0.436	NA	172.875	147.529
792	29	7	9.967	25.221	0	2	27	4.834	3.312	NA	0.223	NA	-104.036	83.089
793	29	8	10.021	25.437	0	2	0	5.057	3.491	NA	0.223	NA	75.964	180
794	29	9	10.94	25.708	0	2	27	6.016	4.383	NA	0.959	NA	16.39	-59.574
795	30	1	5.693	27.547	0	2	0	0	0	NA	NA	NA	NA	NA
796	30	2	7.587	27.655	0	2	27	1.896	1.896	NA	1.896	NA	3.27	NA
797	30	3	9.209	28.304	0	2	27	3.644	3.597	NA	1.748	NA	21.801	18.531
798	30	4	9.642	28.304	0	2	0	4.077	4.021	NA	0.433	NA	0	-21.801
799	30	5	10.508	28.25	0	2	13	4.944	4.865	NA	0.867	NA	-3.576	-3.576
800	31	1	10.94	27.817	0	2	69	0	0	NA	NA	NA	NA	NA
801	31	2	10.94	27.871	0	2	69	0.054	0.054	NA	0.054	NA	90	NA
802	31	3	10.778	27.817	0	2	111	0.225	0.162	NA	0.171	NA	-161.565	108.435
803	31	4	10.616	27.925	0	2	69	0.42	0.342	NA	0.195	NA	146.31	-52.125
804	31	5	9.263	28.142	0	2	83	1.79	1.708	NA	1.37	NA	170.91	24.6
805	31	6	7.641	28.034	0	2	97	3.416	3.307	NA	1.626	NA	-176.186	12.904
806	31	7	7.1	27.763	0	2	0	4.021	3.841	NA	0.605	NA	-153.435	22.751
807	31	8	6.721	27.601	0	2	13	4.433	4.225	NA	0.412	NA	-156.801	-3.366
808	32	1	6.721	27.763	0	2	0	0	0	NA	NA	NA	NA	NA
809	32	2	7.37	27.601	0	2	0	0.669	0.669	NA	0.669	NA	-14.036	NA
810	32	3	8.236	27.98	0	2	97	1.614	1.53	NA	0.945	NA	23.629	37.666
811	32	4	8.614	27.98	0	2	97	1.992	1.906	NA	0.379	NA	0	-23.629
812	32	5	8.398	28.088	0	2	55	2.234	1.708	NA	0.242	NA	153.435	153.435
813	32	6	8.452	28.088	0	2	69	2.288	1.761	NA	0.054	NA	0	-153.435
814	32	7	7.803	28.034	0	2	69	2.94	1.115	NA	0.651	NA	-175.236	-175.236
815	33	1	10.345	23.436	0	2	69	0	0	NA	NA	NA	NA	NA
816	33	2	10.508	23.382	0	2	125	0.171	0.171	NA	0.171	NA	-18.435	NA
817	33	3	10.183	23.003	0	2	41	0.67	0.462	NA	0.499	NA	-130.601	-112.166
818	33	4	9.318	22.246	0	2	83	1.82	1.572	NA	1.15	NA	-138.814	-8.213
819	33	5	9.75	22.408	0	2	97	2.282	1.188	NA	0.462	NA	20.556	159.37
820	33	6	10.075	22.408	0	2	41	2.607	1.063	NA	0.325	NA	0	-20.556
821	33	7	10.237	22.354	0	2	55	2.778	1.087	NA	0.171	NA	-18.435	-18.435
822	33	8	10.021	22.3	0	2	167	3.001	1.181	NA	0.223	NA	-165.964	-147.529
823	33	9	10.075	22.516	0	2	41	3.224	0.959	NA	0.223	NA	75.964	-118.072
824	33	10	9.642	22.408	0	2	167	3.67	1.245	NA	0.446	NA	-165.964	118.072
825	33	11	9.75	22.354	0	2	139	3.791	1.235	NA	0.121	NA	-26.565	139.399
826	33	12	9.75	22.354	0	2	153	3.791	1.235	NA	0	NA	0	26.565
827	33	13	9.858	22.3	0	2	97	3.912	1.236	NA	0.121	NA	-26.565	-26.565
828	33	14	9.804	22.192	0	2	153	4.033	1.357	NA	0.121	NA	-116.565	-90
829	33	15	9.913	22.354	0	2	41	4.228	1.165	NA	0.195	NA	56.31	172.875
830	33	16	9.804	22.192	0	2	83	4.423	1.357	NA	0.195	NA	-123.69	-180
831	33	17	9.642	22.246	0	2	83	4.594	1.382	NA	0.171	NA	161.565	-74.745
832	33	18	9.642	22.246	0	2	111	4.594	1.382	NA	0	NA	0	-161.565
833	33	19	10.021	22.354	0	2	41	4.988	1.129	NA	0.394	NA	15.945	15.945
834	33	20	10.129	22.462	0	2	223	5.141	0.997	NA	0.153	NA	45	29.055
835	33	21	10.075	22.192	0	2	111	5.416	1.273	NA	0.276	NA	-101.31	-146.31
836	33	22	10.129	22.462	0	2	27	5.692	0.997	NA	0.276	NA	78.69	180
837	33	23	9.913	22.462	0	2	195	5.909	1.066	NA	0.216	NA	180	101.31
