Nr	TID	PID	x [micron]	y [micron]	t [sec]	c [idx]	I [val]	Len [micron]	D2S [micron]	D2R [micron]	D2P [micron]	v [micron/sec]	? [deg]	?? [deg]
1	1	1	16.443	23.505	0	2	130	0	0	NA	NA	NA	NA	NA
2	1	2	16.347	23.986	0	2	37	0.49	0.49	NA	0.49	NA	101.31	NA
3	1	3	16.491	23.938	0	2	74	0.642	0.435	NA	0.152	NA	-18.435	-119.745
4	1	4	16.491	23.89	0	2	111	0.69	0.387	NA	0.048	NA	-90	-71.565
5	1	5	16.443	24.514	0	2	0	1.316	1.009	NA	0.626	NA	94.399	-175.601
6	1	6	16.155	24.658	0	2	0	1.639	1.189	NA	0.322	NA	153.435	59.036
7	1	7	16.539	24.082	0	2	9	2.331	0.584	NA	0.693	NA	-56.31	150.255
8	1	8	16.587	24.034	0	2	18	2.399	0.548	NA	0.068	NA	-45	11.31
9	1	9	16.443	23.409	0	2	37	3.04	0.096	NA	0.641	NA	-102.995	-57.995
10	2	1	22.448	23.649	0	2	46	0	0	NA	NA	NA	NA	NA
11	2	2	22.881	23.793	0	2	9	0.456	0.456	NA	0.456	NA	18.435	NA
12	2	3	23.169	23.649	0	2	9	0.778	0.721	NA	0.322	NA	-26.565	-45
13	2	4	23.217	23.553	0	2	55	0.885	0.775	NA	0.107	NA	-63.435	-36.87
14	2	5	23.073	23.409	0	2	37	1.089	0.669	NA	0.204	NA	-135	-71.565
15	2	6	22.977	23.553	0	2	37	1.263	0.537	NA	0.173	NA	123.69	-101.31
16	2	7	23.313	22.977	0	2	46	1.93	1.096	NA	0.667	NA	-59.744	176.566
17	2	8	23.217	22.977	0	2	27	2.026	1.021	NA	0.096	NA	180	-120.256
18	2	9	23.217	22.881	0	2	9	2.122	1.087	NA	0.096	NA	-90	90
19	2	10	22.736	22.833	0	2	27	2.605	0.866	NA	0.483	NA	-174.289	-84.289
20	2	11	22.833	22.929	0	2	0	2.741	0.817	NA	0.136	NA	45	-140.711
21	2	12	22.736	22.929	0	2	0	2.837	0.776	NA	0.096	NA	180	135
22	2	13	22.881	22.929	0	2	0	2.981	0.84	NA	0.144	NA	0	-180
23	3	1	17.5	20.43	0	2	46	0	0	NA	NA	NA	NA	NA
24	3	2	18.797	20.671	0	2	9	1.319	1.319	NA	1.319	NA	10.491	NA
25	3	3	19.902	20.478	0	2	18	2.441	2.403	NA	1.122	NA	-9.866	-20.357
26	3	4	19.902	20.382	0	2	9	2.537	2.403	NA	0.096	NA	-90	-80.134
27	3	5	19.229	20.526	0	2	9	3.225	1.732	NA	0.688	NA	167.905	-102.095
28	3	6	18.893	20.286	0	2	9	3.638	1.401	NA	0.413	NA	-144.462	47.632
29	3	7	19.229	20.623	0	2	18	4.114	1.74	NA	0.476	NA	45	-170.538
30	3	8	19.229	20.767	0	2	9	4.258	1.762	NA	0.144	NA	90	45
31	3	9	18.941	20.815	0	2	37	4.55	1.492	NA	0.292	NA	170.538	80.538
32	3	10	19.181	20.815	0	2	18	4.79	1.725	NA	0.24	NA	0	-170.538
33	3	11	19.277	21.007	0	2	18	5.005	1.869	NA	0.215	NA	63.435	63.435
34	3	12	19.085	20.623	0	2	37	5.435	1.597	NA	0.43	NA	-116.565	180
35	3	13	18.845	20.911	0	2	0	5.81	1.428	NA	0.375	NA	129.806	-113.629
36	3	14	18.893	21.103	0	2	0	6.008	1.547	NA	0.198	NA	75.964	-53.842
37	3	15	18.845	20.863	0	2	0	6.253	1.413	NA	0.245	NA	-101.31	-177.274
38	3	16	18.893	20.815	0	2	37	6.321	1.445	NA	0.068	NA	-45	56.31
39	3	17	18.893	20.863	0	2	0	6.369	1.459	NA	0.048	NA	90	135
40	3	18	18.749	20.863	0	2	55	6.513	1.322	NA	0.144	NA	180	90
41	3	19	18.701	20.671	0	2	9	6.711	1.225	NA	0.198	NA	-104.036	75.964
42	3	20	18.413	20.863	0	2	9	7.058	1.01	NA	0.346	NA	146.31	-109.654
43	3	21	18.653	20.863	0	2	0	7.298	1.231	NA	0.24	NA	0	-146.31
44	3	22	18.124	21.391	0	2	18	8.045	1.146	NA	0.747	NA	135	135
45	3	23	17.788	21.68	0	2	18	8.488	1.282	NA	0.443	NA	139.399	4.399
46	3	24	18.028	21.631	0	2	9	8.733	1.312	NA	0.245	NA	-11.31	-150.709
47	3	25	18.268	21.776	0	2	9	9.013	1.549	NA	0.28	NA	30.964	42.274
48	3	26	18.316	21.824	0	2	0	9.081	1.615	NA	0.068	NA	45	14.036
49	3	27	18.124	21.247	0	2	37	9.689	1.028	NA	0.608	NA	-108.435	-153.435
50	3	28	18.509	21.391	0	2	9	10.1	1.393	NA	0.41	NA	20.556	128.991
51	3	29	18.365	21.68	0	2	18	10.422	1.519	NA	0.322	NA	116.565	96.009
52	4	1	18.749	27.06	0	2	27	0	0	NA	NA	NA	NA	NA
53	4	2	17.788	27.156	0	2	0	0.966	0.966	NA	0.966	NA	174.289	NA
54	4	3	18.124	27.349	0	2	18	1.353	0.688	NA	0.387	NA	29.745	-144.545
55	4	4	18.509	27.349	0	2	27	1.737	0.375	NA	0.384	NA	0	-29.745
56	4	5	18.268	26.916	0	2	9	2.232	0.502	NA	0.495	NA	-119.055	-119.055
57	4	6	18.509	26.916	0	2	18	2.472	0.28	NA	0.24	NA	0	119.055
58	4	7	18.413	27.06	0	2	27	2.645	0.336	NA	0.173	NA	123.69	123.69
59	4	8	18.509	26.916	0	2	18	2.819	0.28	NA	0.173	NA	-56.31	-180
60	4	9	18.461	26.772	0	2	9	2.971	0.408	NA	0.152	NA	-108.435	-52.125
61	4	10	18.268	26.772	0	2	9	3.163	0.56	NA	0.192	NA	180	-71.565
62	4	11	18.316	26.724	0	2	27	3.231	0.548	NA	0.068	NA	-45	135
63	4	12	18.413	26.676	0	2	18	3.338	0.511	NA	0.107	NA	-26.565	18.435
64	4	13	18.316	26.724	0	2	9	3.446	0.548	NA	0.107	NA	153.435	180
65	4	14	18.605	26.676	0	2	18	3.738	0.41	NA	0.292	NA	-9.462	-162.897
66	4	15	18.989	26.484	0	2	0	4.167	0.625	NA	0.43	NA	-26.565	-17.103
67	5	1	22.112	20.575	0	2	46	0	0	NA	NA	NA	NA	NA
68	5	2	22.592	19.758	0	2	195	0.948	0.948	NA	0.948	NA	-59.534	NA
69	5	3	22.304	19.854	0	2	55	1.251	0.746	NA	0.304	NA	161.565	-138.9
70	5	4	22.785	19.373	0	2	149	1.931	1.377	NA	0.679	NA	-45	153.435
71	5	5	23.986	19.181	0	2	0	3.147	2.335	NA	1.216	NA	-9.09	35.91
72	6	1	21.391	19.95	0	2	102	0	0	NA	NA	NA	NA	NA
73	6	2	21.487	19.95	0	2	93	0.096	0.096	NA	0.096	NA	0	NA
74	6	3	21.824	19.998	0	2	37	0.436	0.435	NA	0.34	NA	8.13	8.13
75	6	4	21.776	20.094	0	2	9	0.543	0.41	NA	0.107	NA	116.565	108.435
76	6	5	21.728	20.094	0	2	9	0.591	0.366	NA	0.048	NA	180	63.435
77	6	6	21.968	20.046	0	2	9	0.836	0.584	NA	0.245	NA	-11.31	168.69
78	6	7	21.728	20.046	0	2	37	1.076	0.35	NA	0.24	NA	180	-168.69
79	6	8	21.92	20.094	0	2	0	1.275	0.548	NA	0.198	NA	14.036	-165.964
80	6	9	22.304	20.142	0	2	0	1.662	0.933	NA	0.387	NA	7.125	-6.911
81	6	10	22.304	20.238	0	2	18	1.758	0.957	NA	0.096	NA	90	82.875
82	7	1	25.379	15.386	0	2	46	0	0	NA	NA	NA	NA	NA
83	7	2	25.331	15.338	0	2	37	0.068	0.068	NA	0.068	NA	-135	NA
84	7	3	25.571	15.53	0	2	0	0.376	0.24	NA	0.308	NA	38.66	173.66
85	7	4	25.331	15.674	0	2	0	0.656	0.292	NA	0.28	NA	149.036	110.376
86	7	5	25.283	15.29	0	2	102	1.043	0.136	NA	0.387	NA	-97.125	113.839
87	7	6	25.091	15.626	0	2	55	1.43	0.375	NA	0.387	NA	119.745	-143.13
88	7	7	25.139	15.77	0	2	9	1.582	0.453	NA	0.152	NA	71.565	-48.18
89	7	8	25.187	15.818	0	2	37	1.65	0.473	NA	0.068	NA	45	-26.565
90	7	9	25.475	15.866	0	2	37	1.942	0.49	NA	0.292	NA	9.462	-35.538
91	7	10	25.523	15.866	0	2	9	1.991	0.502	NA	0.048	NA	0	-9.462
92	7	11	25.715	15.962	0	2	46	2.205	0.667	NA	0.215	NA	26.565	26.565
93	7	12	25.667	15.914	0	2	37	2.273	0.602	NA	0.068	NA	-135	-161.565
94	7	13	25.907	15.914	0	2	37	2.514	0.747	NA	0.24	NA	0	135
95	7	14	26.196	16.01	0	2	37	2.817	1.028	NA	0.304	NA	18.435	18.435
96	7	15	26.148	16.107	0	2	55	2.925	1.054	NA	0.107	NA	116.565	98.13
97	7	16	26.484	16.203	0	2	27	3.275	1.374	NA	0.35	NA	15.945	-100.62
98	8	1	26.196	17.452	0	2	0	0	0	NA	NA	NA	NA	NA
99	8	2	26.292	17.356	0	2	46	0.136	0.136	NA	0.136	NA	-45	NA
100	8	3	26.292	17.308	0	2	27	0.184	0.173	NA	0.048	NA	-90	-45
101	8	4	26.82	17.019	0	2	9	0.786	0.76	NA	0.602	NA	-28.61	61.39
102	8	5	27.301	16.587	0	2	9	1.432	1.403	NA	0.646	NA	-41.987	-13.377
103	8	6	27.541	16.251	0	2	9	1.846	1.803	NA	0.413	NA	-54.462	-12.475
104	8	7	28.021	15.914	0	2	46	2.432	2.387	NA	0.586	NA	-34.992	19.47
105	8	8	27.973	15.866	0	2	9	2.5	2.382	NA	0.068	NA	-135	-100.008
106	8	9	27.685	16.01	0	2	37	2.822	2.073	NA	0.322	NA	153.435	-71.565
107	8	10	27.589	15.818	0	2	18	3.037	2.147	NA	0.215	NA	-116.565	90
108	8	11	28.213	15.962	0	2	18	3.678	2.508	NA	0.641	NA	12.995	129.56
109	8	12	28.261	16.01	0	2	27	3.746	2.519	NA	0.068	NA	45	32.005
110	8	13	28.598	15.482	0	2	0	4.372	3.107	NA	0.626	NA	-57.529	-102.529
111	8	14	28.502	15.482	0	2	27	4.468	3.033	NA	0.096	NA	180	-122.471
112	8	15	28.694	15.53	0	2	18	4.667	3.152	NA	0.198	NA	14.036	-165.964
113	8	16	28.886	15.05	0	2	18	5.184	3.607	NA	0.517	NA	-68.199	-82.235
114	8	17	29.03	15.146	0	2	9	5.357	3.654	NA	0.173	NA	33.69	101.889
115	8	18	29.078	14.905	0	2	0	5.602	3.846	NA	0.245	NA	-78.69	-112.38
116	8	19	28.934	15.05	0	2	9	5.806	3.643	NA	0.204	NA	135	-146.31
117	8	20	28.646	15.242	0	2	27	6.152	3.3	NA	0.346	NA	146.31	11.31
118	8	21	28.646	14.953	0	2	9	6.441	3.499	NA	0.288	NA	-90	123.69
