Nr	TID	PID	x [micron]	y [micron]	t [sec]	c [idx]	I [val]	Len [micron]	D2S [micron]	D2R [micron]	D2P [micron]	v [micron/sec]	? [deg]	?? [deg]
1	1	1	12.977	30.054	0	2	186	0	0	NA	NA	NA	NA	NA
2	1	2	12.977	30.054	0	2	121	0	0	NA	0	NA	0	NA
3	1	3	12.486	30.484	0	2	177	0.653	0.653	NA	0.653	NA	138.814	138.814
4	1	4	12.424	30.791	0	2	55	0.966	0.921	NA	0.313	NA	101.31	-37.504
5	1	5	12.424	30.791	0	2	55	0.966	0.921	NA	0	NA	0	-101.31
6	1	6	12.608	30.853	0	2	121	1.16	0.88	NA	0.194	NA	18.435	18.435
7	1	7	12.731	30.73	0	2	9	1.334	0.719	NA	0.174	NA	-45	-63.435
8	1	8	12.977	30.607	0	2	121	1.609	0.553	NA	0.275	NA	-26.565	18.435
9	1	9	12.916	30.484	0	2	83	1.746	0.434	NA	0.137	NA	-116.565	-90
10	1	10	12.731	30.484	0	2	83	1.931	0.495	NA	0.184	NA	180	-63.435
11	1	11	12.67	30.484	0	2	121	1.992	0.528	NA	0.061	NA	180	0
12	1	12	12.547	30.423	0	2	158	2.129	0.566	NA	0.137	NA	-153.435	26.565
13	1	13	12.547	30.423	0	2	93	2.129	0.566	NA	0	NA	0	153.435
14	1	14	12.731	30.669	0	2	102	2.437	0.662	NA	0.307	NA	53.13	53.13
15	1	15	12.793	30.669	0	2	93	2.498	0.641	NA	0.061	NA	0	-53.13
16	1	16	12.67	30.669	0	2	139	2.621	0.687	NA	0.123	NA	180	180
17	1	17	12.854	30.423	0	2	111	2.928	0.389	NA	0.307	NA	-53.13	126.87
18	1	18	13.223	30.423	0	2	149	3.297	0.443	NA	0.369	NA	0	53.13
19	1	19	13.223	30.423	0	2	121	3.297	0.443	NA	0	NA	0	0
20	2	1	12.992	34.692	0	2	83	0	0	NA	NA	NA	NA	NA
21	2	2	12.992	34.692	0	2	74	0	0	NA	0	NA	0	NA
22	2	3	13.038	34.738	0	2	18	0.065	0.065	NA	0.065	NA	45	45
23	2	4	12.9	34.876	0	2	83	0.261	0.206	NA	0.195	NA	135	90
24	2	5	12.854	34.923	0	2	74	0.326	0.269	NA	0.065	NA	135	0
25	2	6	12.854	34.969	0	2	55	0.372	0.309	NA	0.046	NA	90	-45
26	2	7	12.67	34.969	0	2	37	0.556	0.425	NA	0.184	NA	180	90
27	2	8	12.532	34.923	0	2	74	0.702	0.515	NA	0.146	NA	-161.565	18.435
28	2	9	12.393	35.199	0	2	102	1.011	0.785	NA	0.309	NA	116.565	-81.87
29	2	10	12.301	35.199	0	2	37	1.103	0.857	NA	0.092	NA	180	63.435
30	2	11	12.025	35.245	0	2	46	1.383	1.114	NA	0.28	NA	170.538	-9.462
31	2	12	12.117	35.107	0	2	46	1.549	0.969	NA	0.166	NA	-56.31	133.152
32	2	13	12.163	35.107	0	2	149	1.595	0.927	NA	0.046	NA	0	56.31
33	2	14	11.748	35.107	0	2	55	2.01	1.311	NA	0.415	NA	180	180
34	2	15	12.209	35.337	0	2	111	2.525	1.015	NA	0.515	NA	26.565	-153.435
35	2	16	12.486	35.199	0	2	55	2.834	0.717	NA	0.309	NA	-26.565	-53.13
36	2	17	12.808	35.291	0	2	37	3.17	0.627	NA	0.335	NA	15.945	42.51
37	2	18	12.762	35.015	0	2	37	3.45	0.396	NA	0.28	NA	-99.462	-115.408
38	2	19	13.038	35.015	0	2	27	3.726	0.326	NA	0.276	NA	0	99.462
39	2	20	13.038	34.969	0	2	27	3.772	0.28	NA	0.046	NA	-90	-90
40	2	21	12.716	34.876	0	2	93	4.108	0.332	NA	0.335	NA	-164.055	-74.055
41	2	22	12.163	34.554	0	2	18	4.748	0.841	NA	0.64	NA	-149.744	14.311
42	2	23	13.177	34.784	0	2	37	5.787	0.206	NA	1.039	NA	12.804	162.548
43	2	24	14.006	35.061	0	2	46	6.661	1.079	NA	0.874	NA	18.435	5.631
44	2	25	13.729	35.291	0	2	27	7.021	0.95	NA	0.36	NA	140.194	121.759
45	2	26	13.361	35.337	0	2	27	7.393	0.743	NA	0.371	NA	172.875	32.681
46	2	27	12.854	34.969	0	2	46	8.019	0.309	NA	0.627	NA	-143.973	43.152
47	2	28	13.038	35.107	0	2	9	8.25	0.417	NA	0.23	NA	36.87	-179.157
48	2	29	13.637	34.969	0	2	27	8.864	0.702	NA	0.615	NA	-12.995	-49.865
49	2	30	13.683	34.554	0	2	18	9.282	0.705	NA	0.417	NA	-83.66	-70.665
50	2	31	13.637	34.324	0	2	46	9.517	0.743	NA	0.235	NA	-101.31	-17.65
51	2	32	13.868	34.231	0	2	9	9.765	0.989	NA	0.248	NA	-21.801	79.509
52	3	1	12.9	22.667	0	2	9	0	0	NA	NA	NA	NA	NA
53	3	2	12.992	22.437	0	2	27	0.248	0.248	NA	0.248	NA	-68.199	NA
54	3	3	13.223	22.345	0	2	46	0.496	0.456	NA	0.248	NA	-21.801	46.397
55	3	4	13.269	22.299	0	2	37	0.561	0.521	NA	0.065	NA	-45	-23.199
56	3	5	13.683	21.884	0	2	18	1.148	1.108	NA	0.586	NA	-45	0
57	4	1	19.074	26.307	0	2	111	0	0	NA	NA	NA	NA	NA
58	4	2	19.488	26.077	0	2	102	0.474	0.474	NA	0.474	NA	-29.055	NA
59	4	3	19.535	25.939	0	2	9	0.62	0.59	NA	0.146	NA	-71.565	-42.51
60	4	4	19.074	26.353	0	2	102	1.24	0.046	NA	0.62	NA	138.013	-150.422
61	4	5	19.35	26.399	0	2	46	1.52	0.291	NA	0.28	NA	9.462	-128.55
62	4	6	19.35	26.399	0	2	37	1.52	0.291	NA	0	NA	0	-9.462
63	4	7	19.258	26.63	0	2	27	1.768	0.371	NA	0.248	NA	111.801	111.801
64	4	8	19.627	26.63	0	2	83	2.137	0.64	NA	0.369	NA	0	-111.801
65	4	9	19.581	26.814	0	2	102	2.327	0.717	NA	0.19	NA	104.036	104.036
66	4	10	18.982	26.676	0	2	93	2.941	0.38	NA	0.615	NA	-167.005	88.958
67	4	11	19.12	26.722	0	2	37	3.087	0.417	NA	0.146	NA	18.435	-174.56
68	4	12	19.442	26.814	0	2	65	3.423	0.627	NA	0.335	NA	15.945	-2.49
69	4	13	19.719	26.399	0	2	102	3.921	0.652	NA	0.498	NA	-56.31	-72.255
70	4	14	19.212	26.814	0	2	74	4.576	0.525	NA	0.655	NA	140.711	-162.979
71	4	15	19.581	26.63	0	2	27	4.988	0.601	NA	0.412	NA	-26.565	-167.276
72	4	16	19.765	26.123	0	2	74	5.527	0.715	NA	0.539	NA	-70.017	-43.452
73	4	17	20.087	26.584	0	2	65	6.089	1.051	NA	0.562	NA	55.008	125.025
74	4	18	20.226	26.584	0	2	111	6.228	1.185	NA	0.138	NA	0	-55.008
75	4	19	20.318	26.537	0	2	111	6.331	1.265	NA	0.103	NA	-26.565	-26.565
76	4	20	20.318	26.537	0	2	27	6.331	1.265	NA	0	NA	0	26.565
77	4	21	20.318	26.537	0	2	139	6.331	1.265	NA	0	NA	0	0
78	4	22	20.686	26.676	0	2	121	6.724	1.654	NA	0.394	NA	20.556	20.556
79	4	23	21.239	26.814	0	2	55	7.294	2.224	NA	0.57	NA	14.036	-6.52
80	4	24	21.285	27.136	0	2	37	7.62	2.362	NA	0.326	NA	81.87	67.834
81	4	25	21.331	27.136	0	2	46	7.666	2.405	NA	0.046	NA	0	-81.87
82	4	26	21.516	26.906	0	2	65	7.961	2.514	NA	0.295	NA	-51.34	-51.34
83	4	27	21.423	26.86	0	2	111	8.064	2.414	NA	0.103	NA	-153.435	-102.095
84	4	28	21.331	26.952	0	2	65	8.194	2.348	NA	0.13	NA	135	-71.565
85	4	29	21.331	26.952	0	2	55	8.194	2.348	NA	0	NA	0	-135
86	4	30	21.285	26.998	0	2	55	8.259	2.317	NA	0.065	NA	135	135
87	5	1	21.423	27.09	0	2	186	0	0	NA	NA	NA	NA	NA
88	5	2	21.608	26.722	0	2	37	0.412	0.412	NA	0.412	NA	-63.435	NA
89	5	3	22.713	27.044	0	2	46	1.564	1.291	NA	1.152	NA	16.26	79.695
90	5	4	21.884	27.827	0	2	74	2.705	0.869	NA	1.141	NA	136.637	120.376
91	5	5	22.529	29.025	0	2	65	4.065	2.229	NA	1.36	NA	61.699	-74.937
92	5	6	22.806	28.657	0	2	18	4.526	2.089	NA	0.461	NA	-53.13	-114.829
93	5	7	22.022	27.643	0	2	9	5.807	0.815	NA	1.281	NA	-127.694	-74.564
94	5	8	22.529	28.611	0	2	0	6.899	1.88	NA	1.092	NA	62.354	-169.952
95	5	9	23.358	28.058	0	2	37	7.896	2.163	NA	0.997	NA	-33.69	-96.044
96	5	10	23.22	28.288	0	2	46	8.164	2.159	NA	0.269	NA	120.964	154.654
97	5	11	23.497	27.827	0	2	27	8.702	2.2	NA	0.537	NA	-59.036	-180
98	5	12	24.464	27.597	0	2	55	9.696	3.083	NA	0.995	NA	-13.392	45.644
99	5	13	24.649	26.952	0	2	9	10.367	3.228	NA	0.671	NA	-74.055	-60.662
100	5	14	24.695	26.814	0	2	111	10.513	3.283	NA	0.146	NA	-71.565	2.49
101	5	15	25.247	26.584	0	2	74	11.112	3.857	NA	0.599	NA	-22.62	48.945
102	5	16	24.787	26.123	0	2	74	11.763	3.5	NA	0.652	NA	-135	-112.38
103	5	17	24.879	26.169	0	2	93	11.866	3.576	NA	0.103	NA	26.565	161.565
104	5	18	24.971	26.169	0	2	83	11.958	3.665	NA	0.092	NA	0	-26.565
105	5	19	24.787	26.215	0	2	46	12.148	3.475	NA	0.19	NA	165.964	165.964
106	5	20	24.51	26.491	0	2	102	12.539	3.144	NA	0.391	NA	135	-30.964
107	5	21	24.925	27.275	0	2	83	13.425	3.506	NA	0.886	NA	62.103	-72.897
108	5	22	25.063	27.413	0	2	65	13.621	3.654	NA	0.195	NA	45	-17.103
109	5	23	25.8	27.136	0	2	18	14.408	4.377	NA	0.787	NA	-20.556	-65.556
110	5	24	25.201	27.136	0	2	130	15.007	3.778	NA	0.599	NA	180	-159.444
111	5	25	25.478	27.275	0	2	9	15.316	4.059	NA	0.309	NA	26.565	-153.435
112	5	26	25.524	27.321	0	2	46	15.381	4.107	NA	0.065	NA	45	18.435
113	6	1	18.337	31.006	0	2	27	0	0	NA	NA	NA	NA	NA
114	6	2	19.12	31.329	0	2	55	0.847	0.847	NA	0.847	NA	22.38	NA
115	6	3	21.285	33.494	0	2	65	3.909	3.858	NA	3.062	NA	45	22.62
116	6	4	23.405	34.324	0	2	83	6.185	6.057	NA	2.276	NA	21.371	-23.629
117	6	5	25.017	34.876	0	2	46	7.89	7.72	NA	1.705	NA	18.925	-2.446
118	6	6	25.432	34.83	0	2	9	8.307	8.06	NA	0.417	NA	-6.34	-25.265
119	7	1	18.982	27.182	0	2	121	0	0	NA	NA	NA	NA	NA
120	7	2	18.982	27.321	0	2	55	0.138	0.138	NA	0.138	NA	90	NA
121	7	3	18.936	26.86	0	2	121	0.601	0.326	NA	0.463	NA	-95.711	174.289
122	7	4	18.936	26.814	0	2	102	0.647	0.371	NA	0.046	NA	-90	5.711
123	7	5	18.797	26.63	0	2	121	0.878	0.583	NA	0.23	NA	-126.87	-36.87
124	7	6	19.212	26.491	0	2	130	1.315	0.728	NA	0.437	NA	-18.435	108.435
125	7	7	19.12	26.537	0	2	65	1.418	0.66	NA	0.103	NA	153.435	171.87
126	7	8	18.843	26.768	0	2	111	1.778	0.437	NA	0.36	NA	140.194	-13.241
127	7	9	18.843	26.768	0	2	158	1.778	0.437	NA	0	NA	0	-140.194
128	7	10	18.843	27.229	0	2	102	2.238	0.146	NA	0.461	NA	90	90
129	7	11	18.843	27.229	0	2	111	2.238	0.146	NA	0	NA	0	-90
130	7	12	18.751	27.275	0	2	65	2.341	0.248	NA	0.103	NA	153.435	153.435
131	7	13	18.475	27.781	0	2	93	2.919	0.785	NA	0.577	NA	118.61	-34.824
132	7	14	18.567	27.874	0	2	37	3.049	0.806	NA	0.13	NA	45	-73.61
133	7	15	18.198	27.735	0	2	46	3.443	0.959	NA	0.394	NA	-159.444	155.556
134	7	16	18.198	27.735	0	2	74	3.443	0.959	NA	0	NA	0	159.444
135	7	17	18.198	27.735	0	2	111	3.443	0.959	NA	0	NA	0	0
136	7	18	18.245	27.551	0	2	186	3.633	0.824	NA	0.19	NA	-75.964	-75.964
137	7	19	18.245	27.551	0	2	102	3.633	0.824	NA	0	NA	0	75.964
138	7	20	17.968	27.551	0	2	46	3.909	1.079	NA	0.276	NA	180	180
139	7	21	18.475	27.735	0	2	65	4.448	0.75	NA	0.539	NA	19.983	-160.017
140	7	22	18.475	27.735	0	2	177	4.448	0.75	NA	0	NA	0	-19.983
141	7	23	18.383	27.781	0	2	74	4.551	0.847	NA	0.103	NA	153.435	153.435
142	7	24	18.337	27.874	0	2	55	4.654	0.945	NA	0.103	NA	116.565	-36.87
143	7	25	18.429	27.966	0	2	139	4.785	0.959	NA	0.13	NA	45	-71.565
144	7	26	17.968	27.966	0	2	46	5.245	1.281	NA	0.461	NA	180	135
145	7	27	18.06	27.735	0	2	130	5.493	1.075	NA	0.248	NA	-68.199	111.801
146	7	28	18.337	27.781	0	2	111	5.774	0.88	NA	0.28	NA	9.462	77.661
147	7	29	18.291	27.735	0	2	74	5.839	0.885	NA	0.065	NA	-135	-144.462
148	7	30	18.06	27.874	0	2	74	6.107	1.152	NA	0.269	NA	149.036	-75.964
149	7	31	18.06	27.874	0	2	65	6.107	1.152	NA	0	NA	0	-149.036
150	7	32	17.784	27.92	0	2	65	6.388	1.407	NA	0.28	NA	170.538	170.538
151	7	33	17.784	27.966	0	2	65	6.434	1.431	NA	0.046	NA	90	-80.538
152	7	34	18.014	28.104	0	2	65	6.702	1.336	NA	0.269	NA	30.964	-59.036
153	7	35	17.646	28.15	0	2	65	7.074	1.65	NA	0.371	NA	172.875	141.911
154	7	36	17.692	28.15	0	2	27	7.12	1.613	NA	0.046	NA	0	-172.875
155	7	37	17.738	27.643	0	2	37	7.629	1.327	NA	0.509	NA	-84.806	-84.806
156	7	38	17.784	27.966	0	2	46	7.955	1.431	NA	0.326	NA	81.87	166.675
157	7	39	17.784	28.15	0	2	55	8.139	1.54	NA	0.184	NA	90	8.13
158	7	40	17.784	28.196	0	2	102	8.185	1.569	NA	0.046	NA	90	0
159	7	41	18.198	28.472	0	2	121	8.683	1.509	NA	0.498	NA	33.69	-56.31
160	7	42	18.152	28.426	0	2	55	8.748	1.495	NA	0.065	NA	-135	-168.69
161	7	43	18.291	28.426	0	2	93	8.887	1.423	NA	0.138	NA	0	135
162	7	44	18.245	28.242	0	2	46	9.077	1.291	NA	0.19	NA	-104.036	-104.036
163	7	45	18.198	28.38	0	2	37	9.222	1.431	NA	0.146	NA	108.435	-147.529
164	7	46	18.475	28.288	0	2	74	9.514	1.216	NA	0.291	NA	-18.435	-126.87
165	7	47	18.475	28.288	0	2	83	9.514	1.216	NA	0	NA	0	18.435
166	7	48	18.475	28.196	0	2	130	9.606	1.133	NA	0.092	NA	-90	-90
167	7	49	18.429	28.196	0	2	37	9.652	1.155	NA	0.046	NA	180	-90
168	8	1	17.968	27.182	0	2	55	0	0	NA	NA	NA	NA	NA
169	8	2	16.908	26.952	0	2	27	1.084	1.084	NA	1.084	NA	-167.735	NA
170	8	3	17.001	26.814	0	2	9	1.251	1.035	NA	0.166	NA	-56.31	111.425
171	8	4	17.461	26.123	0	2	18	2.081	1.175	NA	0.831	NA	-56.31	0
172	8	5	17.83	26.031	0	2	18	2.461	1.16	NA	0.38	NA	-14.036	42.274
173	8	6	18.06	25.985	0	2	18	2.696	1.201	NA	0.235	NA	-11.31	2.726
174	8	7	17.323	26.353	0	2	83	3.52	1.051	NA	0.824	NA	153.435	164.745
175	8	8	17.738	25.708	0	2	65	4.287	1.492	NA	0.767	NA	-57.265	149.3
176	8	9	17.83	25.985	0	2	46	4.578	1.206	NA	0.291	NA	71.565	128.83
177	8	10	17.83	25.985	0	2	65	4.578	1.206	NA	0	NA	0	-71.565
178	8	11	17.461	26.353	0	2	93	5.1	0.972	NA	0.521	NA	135	135
179	8	12	17.599	26.491	0	2	9	5.295	0.783	NA	0.195	NA	45	-90
180	8	13	17.277	25.985	0	2	46	5.896	1.383	NA	0.601	NA	-122.471	-167.471
181	8	14	17.185	26.307	0	2	37	6.231	1.175	NA	0.335	NA	105.945	-131.583
182	8	15	17.277	26.123	0	2	27	6.437	1.265	NA	0.206	NA	-63.435	-169.38
183	8	16	16.54	26.998	0	2	46	7.582	1.44	NA	1.144	NA	130.101	-166.464
184	8	17	16.724	27.229	0	2	9	7.877	1.245	NA	0.295	NA	51.34	-78.761
185	8	18	16.862	26.998	0	2	27	8.145	1.121	NA	0.269	NA	-59.036	-110.376
186	8	19	17.001	27.09	0	2	37	8.311	0.972	NA	0.166	NA	33.69	92.726
187	8	20	15.895	27.459	0	2	65	9.477	2.092	NA	1.166	NA	161.565	127.875
188	8	21	15.618	27.735	0	2	46	9.868	2.414	NA	0.391	NA	135	-26.565
189	8	22	16.079	27.735	0	2	55	10.328	1.968	NA	0.461	NA	0	-135
190	8	23	15.895	28.611	0	2	74	11.223	2.518	NA	0.895	NA	101.889	101.889
191	8	24	16.263	28.334	0	2	121	11.684	2.057	NA	0.461	NA	-36.87	-138.759
192	8	25	16.586	28.426	0	2	18	12.019	1.86	NA	0.335	NA	15.945	52.815
193	8	26	16.586	28.426	0	2	0	12.019	1.86	NA	0	NA	0	-15.945
194	8	27	16.263	28.933	0	2	18	12.62	2.444	NA	0.601	NA	122.471	122.471
195	8	28	15.941	28.795	0	2	37	12.971	2.59	NA	0.351	NA	-156.801	80.727
196	8	29	16.125	28.703	0	2	18	13.177	2.389	NA	0.206	NA	-26.565	130.236
197	8	30	16.448	28.703	0	2	93	13.499	2.15	NA	0.323	NA	0	26.565
198	8	31	16.309	28.611	0	2	46	13.665	2.189	NA	0.166	NA	-146.31	-146.31
199	8	32	16.402	28.38	0	2	102	13.914	1.972	NA	0.248	NA	-68.199	78.111
200	8	33	16.448	28.426	0	2	111	13.979	1.964	NA	0.065	NA	45	113.199
201	8	34	16.816	28.472	0	2	74	14.35	1.729	NA	0.371	NA	7.125	-37.875
202	8	35	16.54	28.519	0	2	65	14.63	1.956	NA	0.28	NA	170.538	163.413
203	8	36	16.309	28.795	0	2	83	14.99	2.313	NA	0.36	NA	129.806	-40.732
204	8	37	16.632	29.117	0	2	37	15.446	2.351	NA	0.456	NA	45	-84.806
205	8	38	15.48	28.887	0	2	37	16.621	3.016	NA	1.175	NA	-168.69	146.31
206	8	39	15.342	28.519	0	2	9	17.015	2.946	NA	0.394	NA	-110.556	58.134
207	8	40	16.171	28.058	0	2	37	17.963	1.999	NA	0.949	NA	-29.055	81.501
208	8	41	16.263	27.321	0	2	93	18.706	1.71	NA	0.743	NA	-82.875	-53.82
209	8	42	16.586	27.459	0	2	9	19.057	1.41	NA	0.351	NA	23.199	106.074
210	8	43	16.862	27.551	0	2	65	19.348	1.166	NA	0.291	NA	18.435	-4.764
211	8	44	16.632	27.827	0	2	74	19.708	1.484	NA	0.36	NA	129.806	111.371
212	8	45	16.586	28.38	0	2	18	20.263	1.829	NA	0.555	NA	94.764	-35.042
213	8	46	16.586	28.472	0	2	55	20.355	1.891	NA	0.092	NA	90	-4.764
214	9	1	23.266	25.432	0	2	46	0	0	NA	NA	NA	NA	NA
215	9	2	22.345	24.925	0	2	27	1.052	1.052	NA	1.052	NA	-151.189	NA
216	9	3	22.207	24.833	0	2	0	1.218	1.217	NA	0.166	NA	-146.31	4.879
217	9	4	22.437	25.155	0	2	37	1.614	0.874	NA	0.396	NA	54.462	-159.228
218	9	5	22.207	25.247	0	2	37	1.862	1.076	NA	0.248	NA	158.199	103.736
219	9	6	20.64	25.616	0	2	55	3.471	2.633	NA	1.609	NA	166.759	8.561
220	9	7	21.193	25.109	0	2	18	4.221	2.098	NA	0.75	NA	-42.51	150.73
221	9	8	21.101	25.109	0	2	18	4.314	2.189	NA	0.092	NA	180	-137.49
222	9	9	20.502	25.478	0	2	65	5.017	2.765	NA	0.703	NA	148.392	-31.608
223	9	10	20.18	25.57	0	2	46	5.352	3.09	NA	0.335	NA	164.055	15.662
224	9	11	19.581	25.754	0	2	27	5.979	3.7	NA	0.627	NA	162.897	-1.157
225	9	12	19.903	25.708	0	2	27	6.305	3.375	NA	0.326	NA	-8.13	-171.027
226	9	13	20.041	25.8	0	2	46	6.471	3.246	NA	0.166	NA	33.69	41.82
227	9	14	19.581	25.478	0	2	37	7.033	3.686	NA	0.562	NA	-145.008	-178.698
228	10	1	22.76	27.874	0	2	130	0	0	NA	NA	NA	NA	NA
229	10	2	22.621	26.906	0	2	121	0.977	0.977	NA	0.977	NA	-98.13	NA
230	10	3	22.022	26.537	0	2	18	1.681	1.526	NA	0.703	NA	-148.392	-50.262
231	10	4	20.917	25.892	0	2	46	2.961	2.706	NA	1.28	NA	-149.744	-1.351
232	11	1	21.147	25.294	0	2	9	0	0	NA	NA	NA	NA	NA
233	11	2	21.423	25.201	0	2	27	0.291	0.291	NA	0.291	NA	-18.435	NA
234	11	3	21.608	25.155	0	2	18	0.481	0.481	NA	0.19	NA	-14.036	4.399
235	11	4	21.7	24.925	0	2	74	0.729	0.664	NA	0.248	NA	-68.199	-54.162
236	11	5	21.93	24.879	0	2	46	0.964	0.886	NA	0.235	NA	-11.31	56.889
237	11	6	21.976	24.879	0	2	18	1.01	0.927	NA	0.046	NA	0	11.31
238	11	7	21.7	25.386	0	2	18	1.588	0.56	NA	0.577	NA	118.61	118.61
239	11	8	22.115	25.524	0	2	27	2.025	0.995	NA	0.437	NA	18.435	-100.176
240	11	9	22.437	26.261	0	2	46	2.829	1.613	NA	0.805	NA	66.371	47.936
241	11	10	23.036	26.814	0	2	27	3.645	2.425	NA	0.815	NA	42.709	-23.661
242	11	11	22.529	26.952	0	2	18	4.17	2.159	NA	0.525	NA	164.745	122.035
243	11	12	22.99	28.519	0	2	18	5.803	3.714	NA	1.633	NA	73.61	-91.134
244	11	13	23.358	28.38	0	2	37	6.196	3.797	NA	0.394	NA	-20.556	-94.167
245	12	1	20.917	26.676	0	2	55	0	0	NA	NA	NA	NA	NA
246	12	2	21.377	26.722	0	2	65	0.463	0.463	NA	0.463	NA	5.711	NA
247	12	3	21.055	26.952	0	2	37	0.859	0.309	NA	0.396	NA	144.462	138.752
248	12	4	21.377	26.722	0	2	111	1.256	0.463	NA	0.396	NA	-35.538	-180
249	12	5	21.377	26.722	0	2	121	1.256	0.463	NA	0	NA	0	35.538
250	12	6	21.516	26.676	0	2	83	1.401	0.599	NA	0.146	NA	-18.435	-18.435
251	12	7	21.516	26.676	0	2	46	1.401	0.599	NA	0	NA	0	18.435
252	12	8	21.285	26.261	0	2	65	1.876	0.555	NA	0.474	NA	-119.055	-119.055
253	12	9	21.377	26.353	0	2	111	2.006	0.562	NA	0.13	NA	45	164.055
254	12	10	21.423	26.491	0	2	37	2.152	0.539	NA	0.146	NA	71.565	26.565
255	12	11	21.009	27.09	0	2	55	2.88	0.425	NA	0.728	NA	124.695	53.13
256	12	12	20.963	27.09	0	2	74	2.926	0.417	NA	0.046	NA	180	55.305
257	12	13	20.825	27.09	0	2	93	3.064	0.425	NA	0.138	NA	180	0
258	12	14	20.825	27.09	0	2	83	3.064	0.425	NA	0	NA	0	-180
259	12	15	20.364	27.09	0	2	130	3.525	0.691	NA	0.461	NA	180	180
260	12	16	20.364	27.09	0	2	18	3.525	0.691	NA	0	NA	0	-180
261	12	17	19.903	27.275	0	2	111	4.021	1.177	NA	0.496	NA	158.199	158.199
262	12	18	19.949	27.229	0	2	102	4.087	1.114	NA	0.065	NA	-45	156.801
263	12	19	19.857	27.136	0	2	83	4.217	1.155	NA	0.13	NA	-135	-90
264	12	20	19.811	27.136	0	2	46	4.263	1.198	NA	0.046	NA	180	-45
265	12	21	19.442	27.643	0	2	65	4.89	1.763	NA	0.627	NA	126.027	-53.973
266	12	22	19.258	27.643	0	2	93	5.074	1.92	NA	0.184	NA	180	53.973
267	13	1	24.602	25.754	0	2	37	0	0	NA	NA	NA	NA	NA
268	13	2	24.464	25.892	0	2	18	0.195	0.195	NA	0.195	NA	135	NA
269	13	3	23.957	26.215	0	2	74	0.796	0.793	NA	0.601	NA	147.529	12.529
270	13	4	23.727	26.63	0	2	46	1.271	1.238	NA	0.474	NA	119.055	-28.474
271	13	5	23.957	26.676	0	2	74	1.505	1.125	NA	0.235	NA	11.31	-107.745
272	13	6	23.773	27.044	0	2	27	1.918	1.534	NA	0.412	NA	116.565	105.255
273	13	7	23.727	26.445	0	2	18	2.518	1.115	NA	0.601	NA	-94.399	149.036
274	13	8	23.589	26.399	0	2	55	2.664	1.201	NA	0.146	NA	-161.565	-67.166
275	13	9	23.358	26.676	0	2	18	3.024	1.548	NA	0.36	NA	129.806	-68.629
276	13	10	23.589	26.814	0	2	9	3.292	1.466	NA	0.269	NA	30.964	-98.842
277	13	11	23.589	27.735	0	2	83	4.214	2.225	NA	0.921	NA	90	59.036
278	13	12	23.358	28.196	0	2	93	4.729	2.74	NA	0.515	NA	116.565	26.565
279	13	13	23.128	27.735	0	2	9	5.244	2.469	NA	0.515	NA	-116.565	126.87
280	14	1	17.231	32.204	0	2	83	0	0	NA	NA	NA	NA	NA
281	14	2	16.908	32.25	0	2	195	0.326	0.326	NA	0.326	NA	171.87	NA
282	14	3	17.507	31.237	0	2	93	1.503	1.006	NA	1.177	NA	-59.421	128.709
283	14	4	18.429	31.605	0	2	46	2.496	1.339	NA	0.992	NA	21.801	81.222
284	14	5	18.198	30.73	0	2	37	3.401	1.763	NA	0.905	NA	-104.744	-126.545
285	14	6	18.659	30.684	0	2	27	3.864	2.086	NA	0.463	NA	-5.711	99.033
286	14	7	16.954	30.684	0	2	27	5.568	1.545	NA	1.705	NA	180	-174.289
287	14	8	17.139	31.329	0	2	46	6.239	0.88	NA	0.671	NA	74.055	-105.945
288	14	9	17.093	31.651	0	2	27	6.565	0.57	NA	0.326	NA	98.13	24.075
289	14	10	17.001	31.974	0	2	102	6.9	0.326	NA	0.335	NA	105.945	7.815
290	14	11	16.54	32.066	0	2	74	7.37	0.705	NA	0.47	NA	168.69	62.745
291	14	12	16.816	32.02	0	2	65	7.65	0.454	NA	0.28	NA	-9.462	-178.152
292	14	13	17.185	31.651	0	2	83	8.172	0.555	NA	0.521	NA	-45	-35.538
293	14	14	17.323	31.928	0	2	37	8.481	0.291	NA	0.309	NA	63.435	108.435
294	14	15	17.093	32.25	0	2	55	8.877	0.146	NA	0.396	NA	125.538	62.103
295	14	16	17.231	32.25	0	2	55	9.015	0.046	NA	0.138	NA	0	-125.538
296	14	17	18.06	32.711	0	2	65	9.964	0.972	NA	0.949	NA	29.055	29.055
297	14	18	18.014	33.08	0	2	55	10.335	1.175	NA	0.371	NA	97.125	68.07
298	14	19	17.922	33.264	0	2	27	10.541	1.265	NA	0.206	NA	116.565	19.44
299	14	20	17.784	33.172	0	2	83	10.708	1.114	NA	0.166	NA	-146.31	97.125
300	14	21	18.014	33.356	0	2	55	11.003	1.393	NA	0.295	NA	38.66	-175.03
301	14	22	17.922	32.941	0	2	37	11.427	1.01	NA	0.425	NA	-102.529	-141.189
302	14	23	17.692	33.31	0	2	102	11.862	1.198	NA	0.435	NA	122.005	-135.466
303	14	24	17.738	33.218	0	2	74	11.965	1.133	NA	0.103	NA	-63.435	174.56
304	14	25	17.738	33.218	0	2	46	11.965	1.133	NA	0	NA	0	63.435
305	14	26	18.014	33.402	0	2	55	12.297	1.431	NA	0.332	NA	33.69	33.69
306	14	27	18.014	33.633	0	2	27	12.528	1.629	NA	0.23	NA	90	56.31
307	14	28	18.152	33.725	0	2	27	12.694	1.778	NA	0.166	NA	33.69	-56.31
308	14	29	18.198	33.034	0	2	27	13.386	1.274	NA	0.693	NA	-86.186	-119.876
309	14	30	17.83	32.849	0	2	37	13.798	0.88	NA	0.412	NA	-153.435	-67.249
310	14	31	17.553	33.264	0	2	74	14.297	1.108	NA	0.498	NA	123.69	-82.875
311	14	32	17.553	33.126	0	2	93	14.435	0.976	NA	0.138	NA	-90	146.31
312	14	33	17.415	33.402	0	2	102	14.744	1.212	NA	0.309	NA	116.565	-153.435
313	14	34	17.507	33.126	0	2	111	15.035	0.962	NA	0.291	NA	-71.565	171.87
314	14	35	17.599	33.08	0	2	83	15.138	0.95	NA	0.103	NA	-26.565	45
315	14	36	16.954	33.034	0	2	93	15.785	0.874	NA	0.647	NA	-175.914	-149.349
316	14	37	17.093	33.264	0	2	37	16.054	1.069	NA	0.269	NA	59.036	-125.049
317	14	38	17.139	33.31	0	2	74	16.119	1.11	NA	0.065	NA	45	-14.036
318	14	39	17.139	33.31	0	2	83	16.119	1.11	NA	0	NA	0	-45
319	14	40	17.139	33.356	0	2	55	16.165	1.155	NA	0.046	NA	90	90
320	14	41	17.185	33.586	0	2	74	16.4	1.383	NA	0.235	NA	78.69	-11.31
321	14	42	17.323	33.771	0	2	37	16.63	1.569	NA	0.23	NA	53.13	-25.56
322	14	43	17.369	33.909	0	2	18	16.776	1.71	NA	0.146	NA	71.565	18.435
323	14	44	17.369	33.909	0	2	46	16.776	1.71	NA	0	NA	0	-71.565
324	14	45	17.369	34.185	0	2	74	17.052	1.986	NA	0.276	NA	90	90
325	14	46	17.369	34.231	0	2	46	17.098	2.032	NA	0.046	NA	90	0
326	14	47	17.415	34.508	0	2	27	17.379	2.311	NA	0.28	NA	80.538	-9.462
327	15	1	18.936	36.397	0	2	93	0	0	NA	NA	NA	NA	NA
328	15	2	18.936	36.397	0	2	9	0	0	NA	0	NA	0	NA
329	15	3	18.705	35.982	0	2	55	0.474	0.474	NA	0.474	NA	-119.055	-119.055
330	15	4	18.06	36.028	0	2	65	1.121	0.95	NA	0.647	NA	175.914	-65.031
331	15	5	18.936	36.213	0	2	9	2.016	0.184	NA	0.895	NA	11.889	-164.026
332	15	6	18.337	36.12	0	2	27	2.622	0.66	NA	0.606	NA	-171.254	176.858
333	15	7	17.922	36.259	0	2	102	3.059	1.023	NA	0.437	NA	161.565	-27.181
334	15	8	18.106	36.397	0	2	27	3.289	0.829	NA	0.23	NA	36.87	-124.695
335	15	9	18.659	36.12	0	2	27	3.907	0.391	NA	0.618	NA	-26.565	-63.435
336	15	10	18.705	35.89	0	2	93	4.142	0.557	NA	0.235	NA	-78.69	-52.125
337	15	11	18.797	35.844	0	2	27	4.245	0.57	NA	0.103	NA	-26.565	52.125
338	15	12	19.12	36.535	0	2	18	5.008	0.23	NA	0.763	NA	64.983	91.548
339	15	13	19.304	36.673	0	2	27	5.238	0.461	NA	0.23	NA	36.87	-28.113
340	15	14	19.857	36.719	0	2	18	5.793	0.976	NA	0.555	NA	4.764	-32.106
341	15	15	20.226	36.812	0	2	18	6.173	1.355	NA	0.38	NA	14.036	9.273
342	15	16	20.318	36.996	0	2	65	6.379	1.506	NA	0.206	NA	63.435	49.399
343	16	1	17.369	33.817	0	2	83	0	0	NA	NA	NA	NA	NA
344	16	2	17.323	33.863	0	2	167	0.065	0.065	NA	0.065	NA	135	NA
345	16	3	16.954	33.817	0	2	83	0.437	0.415	NA	0.371	NA	-172.875	52.125
346	16	4	17.001	33.771	0	2	158	0.502	0.371	NA	0.065	NA	-45	127.875
347	16	5	17.047	33.771	0	2	93	0.548	0.326	NA	0.046	NA	0	45
348	16	6	17.047	33.771	0	2	83	0.548	0.326	NA	0	NA	0	0
349	16	7	17.139	33.494	0	2	102	0.839	0.396	NA	0.291	NA	-71.565	-71.565
350	16	8	17.185	33.356	0	2	74	0.985	0.496	NA	0.146	NA	-71.565	0
351	16	9	17.093	33.172	0	2	55	1.191	0.702	NA	0.206	NA	-116.565	-45
352	16	10	16.908	33.172	0	2	102	1.375	0.793	NA	0.184	NA	180	-63.435
353	16	11	16.908	33.172	0	2	93	1.375	0.793	NA	0	NA	0	-180
354	16	12	16.862	33.172	0	2	74	1.421	0.82	NA	0.046	NA	180	180
355	16	13	16.862	33.172	0	2	121	1.421	0.82	NA	0	NA	0	-180
356	16	14	16.862	33.172	0	2	74	1.421	0.82	NA	0	NA	0	0
357	16	15	16.862	33.172	0	2	74	1.421	0.82	NA	0	NA	0	0
358	16	16	16.908	33.034	0	2	27	1.567	0.909	NA	0.146	NA	-71.565	-71.565
359	16	17	16.908	33.034	0	2	102	1.567	0.909	NA	0	NA	0	71.565
360	16	18	16.908	33.034	0	2	65	1.567	0.909	NA	0	NA	0	0
361	16	19	16.908	33.126	0	2	74	1.659	0.831	NA	0.092	NA	90	90
362	16	20	16.632	33.218	0	2	83	1.951	0.95	NA	0.291	NA	161.565	71.565
363	16	21	16.632	33.356	0	2	93	2.089	0.869	NA	0.138	NA	90	-71.565
364	16	22	16.632	33.356	0	2	65	2.089	0.869	NA	0	NA	0	-90
365	16	23	16.632	33.356	0	2	83	2.089	0.869	NA	0	NA	0	0
366	16	24	16.632	33.356	0	2	74	2.089	0.869	NA	0	NA	0	0
367	16	25	16.724	33.08	0	2	37	2.38	0.98	NA	0.291	NA	-71.565	-71.565
368	16	26	16.724	32.941	0	2	46	2.518	1.087	NA	0.138	NA	-90	-18.435
369	16	27	16.678	32.895	0	2	55	2.583	1.152	NA	0.065	NA	-135	-45
370	16	28	16.586	32.895	0	2	74	2.676	1.209	NA	0.092	NA	180	-45
371	16	29	16.632	32.988	0	2	37	2.779	1.11	NA	0.103	NA	63.435	-116.565
372	16	30	16.954	33.586	0	2	27	3.459	0.474	NA	0.68	NA	61.699	-1.736
373	16	31	16.908	33.586	0	2	46	3.505	0.515	NA	0.046	NA	180	118.301
374	16	32	16.908	33.218	0	2	27	3.874	0.756	NA	0.369	NA	-90	90
375	16	33	16.908	32.803	0	2	27	4.288	1.113	NA	0.415	NA	-90	0
376	16	34	16.263	32.527	0	2	65	4.99	1.699	NA	0.702	NA	-156.801	-66.801
377	16	35	16.263	32.527	0	2	18	4.99	1.699	NA	0	NA	0	156.801
378	16	36	16.356	32.481	0	2	65	5.093	1.677	NA	0.103	NA	-26.565	-26.565
379	17	1	13.545	34.554	0	2	27	0	0	NA	NA	NA	NA	NA
380	17	2	13.499	34.554	0	2	27	0.046	0.046	NA	0.046	NA	180	NA
381	17	3	13.269	34.784	0	2	27	0.372	0.36	NA	0.326	NA	135	-45
382	17	4	12.992	34.692	0	2	37	0.663	0.57	NA	0.291	NA	-161.565	63.435
383	17	5	12.992	34.692	0	2	27	0.663	0.57	NA	0	NA	0	161.565
384	17	6	12.808	34.554	0	2	46	0.894	0.737	NA	0.23	NA	-143.13	-143.13
385	17	7	12.808	34.554	0	2	37	0.894	0.737	NA	0	NA	0	143.13
386	17	8	12.67	34.508	0	2	18	1.039	0.877	NA	0.146	NA	-161.565	-161.565
387	17	9	12.347	34.37	0	2	37	1.39	1.212	NA	0.351	NA	-156.801	4.764
388	17	10	12.347	34.508	0	2	46	1.528	1.199	NA	0.138	NA	90	-113.199
389	17	11	12.347	34.508	0	2	37	1.528	1.199	NA	0	NA	0	-90
390	17	12	12.808	34.646	0	2	37	2.009	0.743	NA	0.481	NA	16.699	16.699
391	17	13	12.67	34.6	0	2	55	2.155	0.877	NA	0.146	NA	-161.565	-178.264
392	17	14	12.716	34.462	0	2	18	2.301	0.834	NA	0.146	NA	-71.565	90
393	18	1	23.543	36.858	0	2	233	0	0	NA	NA	NA	NA	NA
394	18	2	23.819	36.765	0	2	167	0.291	0.291	NA	0.291	NA	-18.435	NA
395	18	3	24.096	36.351	0	2	149	0.79	0.75	NA	0.498	NA	-56.31	-37.875
396	18	4	23.773	36.581	0	2	149	1.186	0.36	NA	0.396	NA	144.462	-159.228
397	18	5	23.773	36.627	0	2	167	1.232	0.326	NA	0.046	NA	90	-54.462
398	18	6	23.773	36.351	0	2	121	1.509	0.557	NA	0.276	NA	-90	-180
399	18	7	23.773	36.351	0	2	121	1.509	0.557	NA	0	NA	0	90
400	18	8	23.635	36.351	0	2	130	1.647	0.515	NA	0.138	NA	180	180
401	18	9	23.635	36.351	0	2	83	1.647	0.515	NA	0	NA	0	-180
402	18	10	23.405	36.213	0	2	9	1.915	0.66	NA	0.269	NA	-149.036	-149.036
403	18	11	23.128	36.489	0	2	149	2.306	0.555	NA	0.391	NA	135	-75.964
404	18	12	23.128	36.489	0	2	74	2.306	0.555	NA	0	NA	0	-135
405	18	13	22.713	36.535	0	2	83	2.724	0.89	NA	0.417	NA	173.66	173.66
406	18	14	22.575	36.627	0	2	93	2.89	0.995	NA	0.166	NA	146.31	-27.35
407	18	15	22.575	36.812	0	2	130	3.074	0.969	NA	0.184	NA	90	-56.31
408	18	16	22.529	36.812	0	2	102	3.12	1.015	NA	0.046	NA	180	90
409	18	17	22.529	36.858	0	2	111	3.166	1.014	NA	0.046	NA	90	-90
410	18	18	22.253	36.904	0	2	83	3.446	1.291	NA	0.28	NA	170.538	80.538
411	18	19	22.115	36.904	0	2	102	3.585	1.429	NA	0.138	NA	180	9.462
412	18	20	22.529	36.719	0	2	167	4.038	1.023	NA	0.454	NA	-23.962	156.038
413	18	21	22.621	36.719	0	2	158	4.13	0.932	NA	0.092	NA	0	23.962
414	18	22	22.529	36.996	0	2	111	4.422	1.023	NA	0.291	NA	108.435	108.435
415	18	23	22.483	37.226	0	2	177	4.657	1.122	NA	0.235	NA	101.31	-7.125
416	18	24	22.115	37.226	0	2	83	5.025	1.475	NA	0.369	NA	180	78.69
417	18	25	22.115	37.457	0	2	27	5.256	1.549	NA	0.23	NA	90	-90
418	18	26	22.253	37.549	0	2	111	5.422	1.463	NA	0.166	NA	33.69	-56.31
419	18	27	22.253	37.549	0	2	149	5.422	1.463	NA	0	NA	0	-33.69
420	18	28	22.115	37.503	0	2	130	5.568	1.567	NA	0.146	NA	-161.565	-161.565
421	18	29	21.93	37.41	0	2	65	5.774	1.705	NA	0.206	NA	-153.435	8.13
422	18	30	21.285	37.364	0	2	102	6.42	2.314	NA	0.647	NA	-175.914	-22.479
423	18	31	20.686	36.535	0	2	18	7.443	2.875	NA	1.023	NA	-125.838	50.077
424	18	32	19.396	35.66	0	2	18	9.002	4.316	NA	1.559	NA	-145.84	-20.003
425	19	1	15.158	31.191	0	2	27	0	0	NA	NA	NA	NA	NA
426	19	2	15.25	31.006	0	2	55	0.206	0.206	NA	0.206	NA	-63.435	NA
427	19	3	15.296	31.006	0	2	83	0.252	0.23	NA	0.046	NA	0	63.435
428	19	4	15.296	30.96	0	2	74	0.298	0.269	NA	0.046	NA	-90	-90
429	19	5	15.296	30.914	0	2	27	0.344	0.309	NA	0.046	NA	-90	0
430	19	6	15.296	30.914	0	2	74	0.344	0.309	NA	0	NA	0	90
431	19	7	15.296	30.914	0	2	27	0.344	0.309	NA	0	NA	0	0
432	19	8	15.296	30.914	0	2	37	0.344	0.309	NA	0	NA	0	0
433	19	9	15.296	30.868	0	2	37	0.39	0.351	NA	0.046	NA	-90	-90
434	19	10	14.789	30.684	0	2	9	0.93	0.627	NA	0.539	NA	-160.017	-70.017
435	19	11	14.835	30.822	0	2	46	1.075	0.49	NA	0.146	NA	71.565	-128.418
436	19	12	15.019	30.73	0	2	37	1.281	0.481	NA	0.206	NA	-26.565	-98.13
437	19	13	14.973	30.73	0	2	18	1.327	0.496	NA	0.046	NA	180	-153.435
438	19	14	14.513	30.822	0	2	65	1.797	0.743	NA	0.47	NA	168.69	-11.31
439	19	15	14.651	30.868	0	2	46	1.943	0.601	NA	0.146	NA	18.435	-150.255
440	19	16	14.605	31.006	0	2	37	2.089	0.583	NA	0.146	NA	108.435	90
441	19	17	14.605	30.914	0	2	65	2.181	0.618	NA	0.092	NA	-90	161.565
442	19	18	14.651	30.868	0	2	55	2.246	0.601	NA	0.065	NA	-45	45
443	19	19	14.881	30.914	0	2	55	2.481	0.391	NA	0.235	NA	11.31	56.31
444	19	20	14.881	31.053	0	2	46	2.619	0.309	NA	0.138	NA	90	78.69
445	19	21	14.881	31.145	0	2	37	2.711	0.28	NA	0.092	NA	90	0
446	19	22	14.927	31.237	0	2	46	2.814	0.235	NA	0.103	NA	63.435	-26.565
447	19	23	15.112	31.283	0	2	46	3.004	0.103	NA	0.19	NA	14.036	-49.399
448	19	24	14.789	31.283	0	2	37	3.327	0.38	NA	0.323	NA	180	165.964
449	19	25	14.789	31.283	0	2	37	3.327	0.38	NA	0	NA	0	-180
450	19	26	14.789	31.145	0	2	65	3.465	0.371	NA	0.138	NA	-90	-90
451	19	27	14.789	31.145	0	2	37	3.465	0.371	NA	0	NA	0	90
452	19	28	14.651	31.099	0	2	55	3.611	0.515	NA	0.146	NA	-161.565	-161.565
453	19	29	14.881	31.053	0	2	74	3.846	0.309	NA	0.235	NA	-11.31	150.255
454	19	30	14.743	31.283	0	2	65	4.114	0.425	NA	0.269	NA	120.964	132.274
455	19	31	14.605	31.237	0	2	0	4.26	0.555	NA	0.146	NA	-161.565	77.471
456	19	32	14.973	31.375	0	2	9	4.653	0.261	NA	0.394	NA	20.556	-177.879
457	19	33	14.973	31.375	0	2	27	4.653	0.261	NA	0	NA	0	-20.556
458	19	34	15.204	31.329	0	2	27	4.888	0.146	NA	0.235	NA	-11.31	-11.31
459	19	35	15.204	31.237	0	2	27	4.981	0.065	NA	0.092	NA	-90	-78.69
460	19	36	15.112	31.145	0	2	9	5.111	0.065	NA	0.13	NA	-135	-45
461	19	37	14.743	31.099	0	2	46	5.482	0.425	NA	0.371	NA	-172.875	-37.875
462	19	38	14.697	31.099	0	2	9	5.528	0.47	NA	0.046	NA	180	-7.125
463	19	39	14.559	31.099	0	2	27	5.667	0.606	NA	0.138	NA	180	0
464	19	40	14.421	31.099	0	2	27	5.805	0.743	NA	0.138	NA	180	0
465	19	41	14.467	31.145	0	2	83	5.87	0.693	NA	0.065	NA	45	-135
466	19	42	14.421	31.191	0	2	37	5.935	0.737	NA	0.065	NA	135	90
467	19	43	14.374	31.145	0	2	74	6	0.785	NA	0.065	NA	-135	90
468	19	44	14.282	31.145	0	2	46	6.092	0.877	NA	0.092	NA	180	-45
469	19	45	14.374	30.96	0	2	55	6.298	0.816	NA	0.206	NA	-63.435	116.565
470	19	46	14.006	31.145	0	2	18	6.711	1.153	NA	0.412	NA	153.435	-143.13
471	19	47	14.559	31.099	0	2	46	7.265	0.606	NA	0.555	NA	-4.764	-158.199
472	20	1	24.28	33.725	0	2	18	0	0	NA	NA	NA	NA	NA
473	20	2	23.589	33.218	0	2	27	0.857	0.857	NA	0.857	NA	-143.746	NA
474	20	3	23.497	33.54	0	2	27	1.192	0.805	NA	0.335	NA	105.945	-110.308
475	20	4	23.543	33.494	0	2	55	1.258	0.772	NA	0.065	NA	-45	-150.945
476	20	5	23.865	33.586	0	2	46	1.593	0.437	NA	0.335	NA	15.945	60.945
477	20	6	23.773	33.909	0	2	9	1.928	0.539	NA	0.335	NA	105.945	90
478	20	7	22.345	33.725	0	2	0	3.368	1.935	NA	1.44	NA	-172.648	81.407
479	20	8	21.746	33.494	0	2	65	4.01	2.544	NA	0.642	NA	-158.962	13.685
480	20	9	21.285	33.402	0	2	9	4.48	3.012	NA	0.47	NA	-168.69	-9.728
481	20	10	22.161	33.54	0	2	18	5.366	2.127	NA	0.886	NA	8.973	177.663
482	20	11	22.575	33.725	0	2	9	5.82	1.705	NA	0.454	NA	23.962	14.99
483	20	12	22.483	33.633	0	2	18	5.95	1.799	NA	0.13	NA	-135	-158.962
484	20	13	21.7	33.264	0	2	18	6.816	2.621	NA	0.866	NA	-154.799	-19.799
485	20	14	21.838	33.402	0	2	18	7.011	2.463	NA	0.195	NA	45	-160.201
486	20	15	23.451	33.448	0	2	46	8.625	0.874	NA	1.613	NA	1.637	-43.363
487	20	16	23.957	33.955	0	2	37	9.341	0.396	NA	0.717	NA	45	43.363
488	20	17	23.451	33.679	0	2	55	9.919	0.831	NA	0.577	NA	-151.39	163.61
489	20	18	23.727	33.679	0	2	27	10.195	0.555	NA	0.276	NA	0	151.39
490	20	19	23.543	33.54	0	2	27	10.425	0.76	NA	0.23	NA	-143.13	-143.13
491	20	20	23.543	33.448	0	2	37	10.517	0.787	NA	0.092	NA	-90	53.13
492	20	21	23.128	33.08	0	2	18	11.072	1.32	NA	0.555	NA	-138.366	-48.366
493	20	22	23.451	33.448	0	2	9	11.562	0.874	NA	0.49	NA	48.814	-172.819
494	20	23	23.727	33.264	0	2	65	11.894	0.72	NA	0.332	NA	-33.69	-82.504
495	20	24	23.589	33.494	0	2	55	12.163	0.728	NA	0.269	NA	120.964	154.654
496	21	1	17.599	35.798	0	2	55	0	0	NA	NA	NA	NA	NA
497	21	2	17.646	35.89	0	2	65	0.103	0.103	NA	0.103	NA	63.435	NA
498	21	3	17.599	35.936	0	2	9	0.168	0.138	NA	0.065	NA	135	71.565
499	21	4	17.277	35.936	0	2	37	0.491	0.351	NA	0.323	NA	180	45
500	21	5	17.323	36.074	0	2	27	0.636	0.391	NA	0.146	NA	71.565	-108.435
501	21	6	19.396	37.226	0	2	55	3.008	2.295	NA	2.372	NA	29.055	-42.51
502	21	7	19.903	37.687	0	2	65	3.693	2.979	NA	0.685	NA	42.274	13.219
503	21	8	20.18	37.134	0	2	9	4.311	2.905	NA	0.618	NA	-63.435	-105.709
504	21	9	20.41	37.226	0	2	46	4.559	3.152	NA	0.248	NA	21.801	85.236
505	21	10	20.364	37.457	0	2	65	4.794	3.224	NA	0.235	NA	101.31	79.509
506	21	11	20.318	37.825	0	2	27	5.166	3.391	NA	0.371	NA	97.125	-4.185
507	21	12	21.009	38.102	0	2	65	5.91	4.115	NA	0.744	NA	21.801	-75.324
508	21	13	21.009	37.41	0	2	46	6.601	3.771	NA	0.691	NA	-90	-111.801
509	21	14	21.239	37.733	0	2	55	6.997	4.122	NA	0.396	NA	54.462	144.462
510	21	15	21.239	37.733	0	2	27	6.997	4.122	NA	0	NA	0	-54.462
